0.000000000000000000e+00 -inf -inf -inf
1.500000000000000031e-03 -5.187569381924624270e+38 -5.187569381924624270e+38 -5.187569381924624270e+38
3.000000000000000062e-03 -9.894503368233994132e+32 -9.894503368233994132e+32 -9.894503368233994132e+32
4.499999999999999660e-03 -4.463341106308693868e+29 -4.463341106308693868e+29 -4.463341106308693868e+29
6.000000000000000125e-03 -1.887226747545838264e+27 -1.887226747545836889e+27 -1.887226747545838539e+27
7.499999999999999722e-03 -2.719780390060836218e+25 -2.719780390060703933e+25 -2.719780390060849532e+25
8.999999999999999320e-03 -8.513148185810195385e+23 -8.513148185806783570e+23 -8.513148185818018936e+23
1.050000000000000065e-02 -4.550943712954507539e+22 -4.550943712974457327e+22 -4.550943713072677021e+22
1.200000000000000025e-02 -3.599617255756578947e+21 -3.599617256085066875e+21 -3.599617257008657859e+21
1.349999999999999985e-02 -3.840328221776090890e+20 -3.840328221024435569e+20 -3.840328230386738790e+20
1.499999999999999944e-02 -5.188245307943488717e+19 -5.188245300904200602e+19 -5.188245390644011008e+19
1.650000000000000078e-02 -8.486551319259277312e+18 -8.486551695630030848e+18 -8.486552504369456128e+18
1.799999999999999864e-02 -1.626808120615012096e+18 -1.626808437654162688e+18 -1.626809230613753344e+18
1.949999999999999997e-02 -3.570033196619422720e+17 -3.570031128401296000e+17 -3.570022789284250240e+17
2.100000000000000130e-02 -8.829969481676497600e+16 -8.836457697749651200e+16 -8.833822962838851200e+16
2.249999999999999917e-02 -2.395258782856549200e+16 -2.455142897535881200e+16 -2.443119631863877200e+16
2.400000000000000050e-02 -6.485659546321908000e+15 -7.725976904685096000e+15 -7.524562427449778000e+15
2.549999999999999836e-02 -2.037455217659050000e+13 -2.808508605125197500e+15 -2.662068232214188000e+15
2.699999999999999969e-02 8.342539937664790000e+14 -1.237935569007893500e+15 -1.159190154383807250e+15
2.850000000000000103e-02 6.612610637576223750e+14 -6.687878985834156250e+14 -6.253333146311463750e+14
2.999999999999999889e-02 5.921421657014051250e+14 -4.272256377273127500e+14 -4.121513576672206875e+14
3.150000000000000022e-02 5.581343295146922500e+14 -3.061433355489433750e+14 -2.985094861948440625e+14
3.300000000000000155e-02 5.498351349808830000e+14 -2.357408215667763125e+14 -2.281798312315006875e+14
3.450000000000000289e-02 5.619289003626601875e+14 -1.893154835449004062e+14 -1.827742026620180625e+14
3.599999999999999728e-02 5.349771814936824375e+14 -1.562030184015079062e+14 -1.505091218264523750e+14
3.749999999999999861e-02 4.958740290469841250e+14 -1.312478897199822969e+14 -1.274963622374981875e+14
3.899999999999999994e-02 4.836173378844702500e+14 -1.115304824822061719e+14 -1.086139903781295469e+14
4.050000000000000128e-02 4.728598666498460000e+14 -9.588558725350079688e+13 -9.260275880258390625e+13
4.200000000000000261e-02 4.535078021686970000e+14 -8.320905678972156250e+13 -8.122955458204754688e+13
4.349999999999999700e-02 4.345520810514856250e+14 -7.281936629165129688e+13 -7.023945291672580469e+13
4.499999999999999833e-02 4.323781366005981875e+14 -6.411720906891772656e+13 -6.134252096011119531e+13
4.649999999999999967e-02 4.237883120589265625e+14 -5.691213267102773438e+13 -5.483154424255411719e+13
4.800000000000000100e-02 4.099637200140709375e+14 -5.095625122685346875e+13 -4.880886384024339062e+13
4.950000000000000233e-02 3.992636993244202500e+14 -4.583817713288898438e+13 -4.420672003846987500e+13
5.099999999999999672e-02 3.862421403917136250e+14 -4.158447766800003125e+13 -3.973558462389706250e+13
5.249999999999999806e-02 3.847469593977590000e+14 -3.792226792156187500e+13 -3.636045689490575781e+13
5.399999999999999939e-02 3.835734897100198750e+14 -3.478423721944644922e+13 -3.307689882851350781e+13
5.550000000000000072e-02 3.751709771591047500e+14 -3.211908338048370703e+13 -3.065200139873161328e+13
5.700000000000000205e-02 3.748335176890533125e+14 -2.976853946570374609e+13 -2.867972369785818750e+13
5.850000000000000339e-02 3.718692333293692500e+14 -2.775355344284166016e+13 -2.682625059179187500e+13
5.999999999999999778e-02 3.563155929607524375e+14 -2.611395220228755078e+13 -2.468795048394132812e+13
6.149999999999999911e-02 3.601413738028946875e+14 -2.453521135524519922e+13 -2.295567776261678906e+13
6.300000000000000044e-02 3.578994238370606250e+14 -2.320919991171949219e+13 -2.175202959274142969e+13
6.450000000000000178e-02 3.457793298532110000e+14 -2.211135571290526562e+13 -2.105292489909136328e+13
6.600000000000000311e-02 3.447404732662420625e+14 -2.106274408284454297e+13 -1.996693881591891406e+13
6.750000000000000444e-02 3.406015465299837500e+14 -2.019574186878076562e+13 -1.914279360582541406e+13
6.900000000000000577e-02 3.314926990532656875e+14 -1.943698796063946875e+13 -1.846269778516163672e+13
7.049999999999999323e-02 3.271893088933517500e+14 -1.872315393119248438e+13 -1.756869435058661523e+13
7.199999999999999456e-02 3.238800351111024375e+14 -1.810935676339829688e+13 -1.693670346501661719e+13
7.349999999999999589e-02 3.239412074454296250e+14 -1.756214807555267578e+13 -1.658702681561630469e+13
7.499999999999999722e-02 3.245345268804495000e+14 -1.705330415159520703e+13 -1.618934244948826562e+13
7.649999999999999856e-02 3.155579732667857500e+14 -1.665561358560071875e+13 -1.561935645044812500e+13
7.799999999999999989e-02 3.148778751950243750e+14 -1.625038822944798828e+13 -1.531435501049114648e+13
7.950000000000000122e-02 3.111086171287414375e+14 -1.590940772498241797e+13 -1.484909653648420312e+13
8.100000000000000255e-02 3.133756024189906250e+14 -1.555458823680304297e+13 -1.492923598692327539e+13
8.250000000000000389e-02 3.065877172659539375e+14 -1.531871499856596094e+13 -1.459618994167043359e+13
8.400000000000000522e-02 2.994560739823836875e+14 -1.509227781248243359e+13 -1.439674925524437695e+13
8.550000000000000655e-02 2.962996962556743125e+14 -1.485599231226216406e+13 -1.415610416555299219e+13
8.699999999999999400e-02 2.951483394914531875e+14 -1.457263597375452930e+13 -1.391772578939682422e+13
8.849999999999999534e-02 2.948065134957381250e+14 -1.432424826551695898e+13 -1.387361124042798438e+13
8.999999999999999667e-02 2.915669833722553125e+14 -1.416837529049972852e+13 -1.377920725329140430e+13
9.149999999999999800e-02 2.963830633783243750e+14 -1.394608982053613477e+13 -1.320953740568492969e+13
9.299999999999999933e-02 2.937093529608451250e+14 -1.379726388308272070e+13 -1.305005362303166406e+13
9.450000000000000067e-02 2.903744942099361875e+14 -1.367020080435067188e+13 -1.296478124411258594e+13
9.600000000000000200e-02 2.852196310717836250e+14 -1.355977834954234766e+13 -1.287660915637617773e+13
9.750000000000000333e-02 2.848789867573654375e+14 -1.342986982626216406e+13 -1.280397786597791992e+13
9.900000000000000466e-02 2.800543363601618750e+14 -1.333970955109512891e+13 -1.264826894711094922e+13
1.005000000000000060e-01 2.784515304499385625e+14 -1.323738925864098438e+13 -1.265664104177506836e+13
1.019999999999999934e-01 2.858952043652218750e+14 -1.309072300667929102e+13 -1.251389616578191992e+13
1.034999999999999948e-01 2.782628059046026562e+14 -1.306473949064646484e+13 -1.256243031736614062e+13
1.049999999999999961e-01 2.795904572230687188e+14 -1.296678168177706250e+13 -1.239437624204787695e+13
1.064999999999999974e-01 2.756944196156116562e+14 -1.291726191429528516e+13 -1.229669104014496484e+13
1.079999999999999988e-01 2.757906124629305625e+14 -1.284583263479193945e+13 -1.240471021089749414e+13
1.095000000000000001e-01 2.768214932710701875e+14 -1.278580719945969531e+13 -1.205057826733185156e+13
1.110000000000000014e-01 2.721868382448792812e+14 -1.274938429421047461e+13 -1.220997465078483984e+13
1.125000000000000028e-01 2.696513422827291250e+14 -1.275356721876627734e+13 -1.216653771819692383e+13
1.140000000000000041e-01 2.704414457533611875e+14 -1.274411803358158984e+13 -1.189416751362350000e+13
1.155000000000000054e-01 2.642930609582016250e+14 -1.274596875064197656e+13 -1.209336403781950391e+13
1.170000000000000068e-01 2.647623563924360625e+14 -1.272271222173405078e+13 -1.222172150242885156e+13
1.184999999999999942e-01 2.648700717394170938e+14 -1.272946572607816406e+13 -1.230411643199591602e+13
1.199999999999999956e-01 2.712233292364958750e+14 -1.266299061719547852e+13 -1.206371318123391016e+13
1.214999999999999969e-01 2.615287146222925938e+14 -1.269890890199631250e+13 -1.210694640893818359e+13
1.229999999999999982e-01 2.619679480952734062e+14 -1.267888608821927148e+13 -1.224832759765136133e+13
1.244999999999999996e-01 2.617193788755232812e+14 -1.267200520649188672e+13 -1.206667353480975781e+13
1.260000000000000009e-01 2.608649060606130938e+14 -1.265963195502543164e+13 -1.207532489303258203e+13
1.275000000000000022e-01 2.590402421419290625e+14 -1.266407662633202148e+13 -1.216013612712379297e+13
1.290000000000000036e-01 2.615029540808846562e+14 -1.264037861312085156e+13 -1.209575901889731641e+13
1.305000000000000049e-01 2.650950491462422812e+14 -1.260567771320386719e+13 -1.219012932371574219e+13
1.320000000000000062e-01 2.669830620319414375e+14 -1.258494205322293359e+13 -1.200205393635746875e+13
1.335000000000000075e-01 2.580063839284601562e+14 -1.262880159255276562e+13 -1.209398240004853320e+13
1.350000000000000089e-01 2.551501034645013750e+14 -1.263606904877039062e+13 -1.206410735416683789e+13
1.365000000000000102e-01 2.550997276965135938e+14 -1.262733636520593750e+13 -1.214302709336314258e+13
1.380000000000000115e-01 2.524081351242309375e+14 -1.263751250044095508e+13 -1.215854304681926562e+13
1.395000000000000129e-01 2.532721590308532500e+14 -1.262093366568659961e+13 -1.211644457195201172e+13
1.409999999999999865e-01 2.498190143058640000e+14 -1.263286959786460156e+13 -1.212719723966997852e+13
1.424999999999999878e-01 2.476587844409834375e+14 -1.264215142904005859e+13 -1.210827173242509961e+13
1.439999999999999891e-01 2.477568364835553125e+14 -1.263257782303298438e+13 -1.211003669650414844e+13
1.454999999999999905e-01 2.389513165031209375e+14 -1.267189176779207031e+13 -1.218559597277093750e+13
1.469999999999999918e-01 2.393059338455033125e+14 -1.266219459069801367e+13 -1.220447985390365625e+13
1.484999999999999931e-01 2.430106252289124688e+14 -1.263910393404591016e+13 -1.216952047138260156e+13
1.499999999999999944e-01 2.343114014178135312e+14 -1.269077389264007617e+13 -1.217466851619800781e+13
1.514999999999999958e-01 2.380790081607533125e+14 -1.267265296040043555e+13 -1.213233650794906250e+13
1.529999999999999971e-01 2.347559642466707188e+14 -1.268774743746965430e+13 -1.221199357500152148e+13
1.544999999999999984e-01 2.319124517174976562e+14 -1.269232616280433789e+13 -1.219358220439871094e+13
1.559999999999999998e-01 2.336088267125718438e+14 -1.268441767228136328e+13 -1.222058592422595703e+13
1.575000000000000011e-01 2.331063275827801562e+14 -1.268408216650823047e+13 -1.214349646649503125e+13
1.590000000000000024e-01 2.305986718491573750e+14 -1.269539532255393945e+13 -1.214431269728445703e+13
1.605000000000000038e-01 2.248489882430207188e+14 -1.272189127806353906e+13 -1.223115136869468359e+13
1.620000000000000051e-01 2.193414175346057188e+14 -1.274238600882963672e+13 -1.236087327696788867e+13
1.635000000000000064e-01 2.165018279603018438e+14 -1.276092886914718555e+13 -1.238346147189800781e+13
1.650000000000000078e-01 2.150242855483578750e+14 -1.276588085042708398e+13 -1.237129919811728711e+13
1.665000000000000091e-01 2.122803191414808750e+14 -1.277841975142005078e+13 -1.242351978381909375e+13
1.680000000000000104e-01 2.131230308197234062e+14 -1.276533452998190820e+13 -1.245236665383183984e+13
1.695000000000000118e-01 2.067055053344357188e+14 -1.279581683339065039e+13 -1.242918182081136328e+13
1.710000000000000131e-01 2.018056419190044375e+14 -1.282222503810447852e+13 -1.244579871745895117e+13
1.724999999999999867e-01 2.038387739635560000e+14 -1.281336535055752930e+13 -1.237874979163116211e+13
1.739999999999999880e-01 2.018326789545110625e+14 -1.282426116574577344e+13 -1.244575189567447656e+13
1.754999999999999893e-01 1.984410212331333750e+14 -1.283544559735636719e+13 -1.250688219001932031e+13
1.769999999999999907e-01 1.963840699945788750e+14 -1.283910348902121680e+13 -1.252201970815832617e+13
1.784999999999999920e-01 1.931476360167348438e+14 -1.285779409287337109e+13 -1.244138348259387305e+13
1.799999999999999933e-01 1.907874000524110625e+14 -1.287220587652155664e+13 -1.242876871981387695e+13
1.814999999999999947e-01 1.874619130934620000e+14 -1.288264364407212500e+13 -1.248408115084588867e+13
1.829999999999999960e-01 1.835227960725481562e+14 -1.289974281863568750e+13 -1.255659650238153906e+13
1.844999999999999973e-01 1.789151368898540938e+14 -1.292210672024360547e+13 -1.251197726794883984e+13
1.859999999999999987e-01 1.763930397032621250e+14 -1.293410397317685742e+13 -1.257517757067545117e+13
1.875000000000000000e-01 1.740563381822438125e+14 -1.294635223633738672e+13 -1.261449328074982031e+13
1.890000000000000013e-01 1.699228340161698750e+14 -1.296319209716625781e+13 -1.267528209632227539e+13
1.905000000000000027e-01 1.669707820487802500e+14 -1.297284519056465039e+13 -1.262132282362293945e+13
1.920000000000000040e-01 1.626894448181296562e+14 -1.299450168950029102e+13 -1.264922402211859570e+13
1.935000000000000053e-01 1.644801201723914062e+14 -1.298153292218123633e+13 -1.264257165592816406e+13
1.950000000000000067e-01 1.606015928989079375e+14 -1.299743161454938672e+13 -1.267097977859682227e+13
1.965000000000000080e-01 1.519547863747046562e+14 -1.303787266774087305e+13 -1.274421501719381055e+13
1.980000000000000093e-01 1.504958111747221250e+14 -1.304590787446662695e+13 -1.277298492627301367e+13
1.995000000000000107e-01 1.490424177918413125e+14 -1.305481708726417969e+13 -1.276113689116252344e+13
2.010000000000000120e-01 1.465657716157344062e+14 -1.306246035561237109e+13 -1.279548796711317773e+13
2.025000000000000133e-01 1.421779097448257812e+14 -1.308308130543307031e+13 -1.276533993192579297e+13
2.039999999999999869e-01 1.402260389737231562e+14 -1.308951192741629688e+13 -1.277986444991428125e+13
2.054999999999999882e-01 1.378292610367994375e+14 -1.310197505797537500e+13 -1.285201802582148828e+13
2.069999999999999896e-01 1.364344768272670781e+14 -1.310672801767183789e+13 -1.279720508550114648e+13
2.084999999999999909e-01 1.326625434248996094e+14 -1.312554686461178320e+13 -1.283310659020029297e+13
2.099999999999999922e-01 1.285151076424893906e+14 -1.314543101803257422e+13 -1.287124916462420312e+13
2.114999999999999936e-01 1.279669208928379688e+14 -1.313374857824590625e+13 -1.286960062809994727e+13
2.129999999999999949e-01 1.256041117287432188e+14 -1.313091379814700195e+13 -1.287546864160526953e+13
2.144999999999999962e-01 1.213189634662225000e+14 -1.313975222237825391e+13 -1.292768148609409180e+13
2.159999999999999976e-01 1.152173092369855781e+14 -1.316551685733508008e+13 -1.289663304163121484e+13
2.174999999999999989e-01 1.165628228550860938e+14 -1.314202674557664258e+13 -1.291505360723742383e+13
2.190000000000000002e-01 1.148894458222729688e+14 -1.314052084476237695e+13 -1.293629700913259766e+13
2.205000000000000016e-01 1.112955683836008125e+14 -1.316216583247883789e+13 -1.291752624061640234e+13
2.220000000000000029e-01 1.102316813653685312e+14 -1.315641467523384570e+13 -1.292193068234114453e+13
2.235000000000000042e-01 1.056538310603239688e+14 -1.317417977794495898e+13 -1.292813134035784766e+13
2.250000000000000056e-01 1.023965242173853906e+14 -1.318824602661462891e+13 -1.288874325246116992e+13
2.265000000000000069e-01 1.005248434014311719e+14 -1.319159324447107812e+13 -1.296162691136905859e+13
2.280000000000000082e-01 9.939056827697534375e+13 -1.319078945830560938e+13 -1.294399521544879688e+13
2.295000000000000095e-01 9.511523264348546875e+13 -1.321218882490972266e+13 -1.300428365222721875e+13
2.310000000000000109e-01 9.168938897022175000e+13 -1.322452418786651758e+13 -1.303632894245934570e+13
2.325000000000000122e-01 9.151959680082682812e+13 -1.322435975311432227e+13 -1.301867221649785547e+13
2.340000000000000135e-01 8.935139842679703125e+13 -1.323424750314601172e+13 -1.306005090992333594e+13
2.354999999999999871e-01 8.739979144206375000e+13 -1.323825000742514648e+13 -1.302216222323724219e+13
2.369999999999999885e-01 8.666661718593321875e+13 -1.324087206728775195e+13 -1.302685914462220508e+13
2.384999999999999898e-01 8.268618945156820312e+13 -1.327542787851171094e+13 -1.309139438323878711e+13
2.399999999999999911e-01 8.008640797387239062e+13 -1.329658199983101953e+13 -1.313334007367285156e+13
2.414999999999999925e-01 7.720061282332967188e+13 -1.331983387644005664e+13 -1.312866835898079297e+13
2.429999999999999938e-01 7.835546482505432812e+13 -1.330817198861714844e+13 -1.310031513382394922e+13
2.444999999999999951e-01 7.651049555953901562e+13 -1.332000650503439062e+13 -1.314370881698606055e+13
2.459999999999999964e-01 7.309361505629817188e+13 -1.334228465411936523e+13 -1.312704149010400586e+13
2.474999999999999978e-01 7.178459417990212500e+13 -1.335210512376313477e+13 -1.316084804117973438e+13
2.489999999999999991e-01 6.998976069740836719e+13 -1.336068314731225977e+13 -1.317984190141983008e+13
2.505000000000000004e-01 6.637260005242452344e+13 -1.338498123695028125e+13 -1.319977227177708789e+13
2.520000000000000018e-01 6.630321287200409375e+13 -1.338004942721523828e+13 -1.319548569234701562e+13
2.535000000000000031e-01 6.403040929291062500e+13 -1.339699229345839648e+13 -1.320708563930765820e+13
2.550000000000000044e-01 6.440574210147875781e+13 -1.339352171363638867e+13 -1.322754909337335938e+13
2.565000000000000058e-01 6.270082683857361719e+13 -1.339965981994996289e+13 -1.323775348741716016e+13
2.580000000000000071e-01 6.001921053099701562e+13 -1.341235776418965234e+13 -1.325840930002231641e+13
2.595000000000000084e-01 5.819401934514628125e+13 -1.342256789826340820e+13 -1.329022478039419141e+13
2.610000000000000098e-01 5.700650765164975781e+13 -1.342905372090822070e+13 -1.330602585627219336e+13
2.625000000000000111e-01 5.580279220374211719e+13 -1.343626032692519531e+13 -1.329832922210940430e+13
2.640000000000000124e-01 5.459339632193087500e+13 -1.343936083609035938e+13 -1.331757964004838086e+13
2.655000000000000138e-01 5.148568419274425781e+13 -1.345999008999438281e+13 -1.331785654408986719e+13
2.670000000000000151e-01 5.151370998914084375e+13 -1.345449907828872070e+13 -1.335058976013541992e+13
2.685000000000000164e-01 5.180420260214055469e+13 -1.345267605855410547e+13 -1.331984565498077539e+13
2.700000000000000178e-01 5.018046472158626562e+13 -1.346165735948875781e+13 -1.331356759654805664e+13
2.715000000000000191e-01 4.777275833123585938e+13 -1.347020336627454297e+13 -1.330981165080432031e+13
2.730000000000000204e-01 4.651767164620220312e+13 -1.347372018778964062e+13 -1.333748846462788672e+13
2.745000000000000218e-01 4.597195032825078125e+13 -1.347484780957095312e+13 -1.335938448137583203e+13
2.760000000000000231e-01 4.404387863030522656e+13 -1.348817789678752734e+13 -1.335288068267304492e+13
2.775000000000000244e-01 4.288210701658876562e+13 -1.349247796114189648e+13 -1.334972286195535547e+13
2.790000000000000258e-01 4.142046585301850000e+13 -1.349692818786633398e+13 -1.335114879949039648e+13
2.805000000000000271e-01 3.988870228866903125e+13 -1.350284415382250781e+13 -1.336939311890433008e+13
2.819999999999999729e-01 3.845202366181541406e+13 -1.351085050367269531e+13 -1.339486028838110156e+13
2.834999999999999742e-01 3.825068643300297656e+13 -1.350865421826950977e+13 -1.342033846171012891e+13
2.849999999999999756e-01 3.680710213086131250e+13 -1.351772111980135352e+13 -1.340248144518404883e+13
2.864999999999999769e-01 3.698753605998353125e+13 -1.350806775522478906e+13 -1.336926051674750586e+13
2.879999999999999782e-01 3.675581066678924219e+13 -1.350518243107081641e+13 -1.340105272802605273e+13
2.894999999999999796e-01 3.502297597308484375e+13 -1.351734421167487109e+13 -1.342495625860608789e+13
2.909999999999999809e-01 3.500160617845794922e+13 -1.351305716517449023e+13 -1.342239398893833594e+13
2.924999999999999822e-01 3.465243100804312891e+13 -1.350991127770894141e+13 -1.341046417739701367e+13
2.939999999999999836e-01 3.295886832199912109e+13 -1.351772470140507227e+13 -1.341605183521745898e+13
2.954999999999999849e-01 3.226142771611757031e+13 -1.352088467582967188e+13 -1.343370864315184766e+13
2.969999999999999862e-01 3.133977472027905078e+13 -1.352078299664144336e+13 -1.341780144063153125e+13
2.984999999999999876e-01 3.015021393751688281e+13 -1.352502767390020898e+13 -1.341709883537528320e+13
2.999999999999999889e-01 2.986839568886738281e+13 -1.352421137194940430e+13 -1.342961282306211523e+13
3.014999999999999902e-01 3.003962915379633984e+13 -1.351902092975878516e+13 -1.342913209693857422e+13
3.029999999999999916e-01 2.920367081400054297e+13 -1.351962796003912500e+13 -1.343056191424286719e+13
3.044999999999999929e-01 2.813558506724782812e+13 -1.352431134675267773e+13 -1.343463640335745703e+13
3.059999999999999942e-01 2.782414133984246094e+13 -1.352046454491627539e+13 -1.343498370326895703e+13
3.074999999999999956e-01 2.611855215014175000e+13 -1.353029743090352148e+13 -1.344883766015853125e+13
3.089999999999999969e-01 2.574853912786564453e+13 -1.352809734352529297e+13 -1.344900284451331641e+13
3.104999999999999982e-01 2.538313232318012109e+13 -1.352724457359362109e+13 -1.345610915822793555e+13
3.119999999999999996e-01 2.473669144604190625e+13 -1.352705120306555078e+13 -1.344652007449489062e+13
3.135000000000000009e-01 2.364114078967149219e+13 -1.352762382159523047e+13 -1.343140697961921875e+13
3.150000000000000022e-01 2.349542419283436719e+13 -1.352710509021631250e+13 -1.344902589547327539e+13
3.165000000000000036e-01 2.360068533003392188e+13 -1.352062084690748047e+13 -1.343906230316588086e+13
3.180000000000000049e-01 2.311148991561364062e+13 -1.351839789000933008e+13 -1.344350746642925781e+13
3.195000000000000062e-01 2.315284992782717188e+13 -1.351614884148604492e+13 -1.343169658838425391e+13
3.210000000000000075e-01 2.251869480791262109e+13 -1.351364666642294727e+13 -1.344071653271791016e+13
3.225000000000000089e-01 2.152766081811579297e+13 -1.351681286050354688e+13 -1.344034026700958008e+13
3.240000000000000102e-01 2.118314006209990625e+13 -1.351526366985308398e+13 -1.344970358575090820e+13
3.255000000000000115e-01 2.079319908858667578e+13 -1.351084291497939258e+13 -1.343628853750021875e+13
3.270000000000000129e-01 2.081291497882668750e+13 -1.350852875657418945e+13 -1.344094795380566992e+13
3.285000000000000142e-01 2.016721436221985938e+13 -1.350764637684050977e+13 -1.345309514456508789e+13
3.300000000000000155e-01 1.839538184474382812e+13 -1.351736410890589453e+13 -1.345960776203574219e+13
3.315000000000000169e-01 1.825055574875044531e+13 -1.351310286402716797e+13 -1.344833153908587891e+13
3.330000000000000182e-01 1.845529957465478906e+13 -1.350482804109717969e+13 -1.343568937403124609e+13
3.345000000000000195e-01 1.920038565895237109e+13 -1.349302208136088086e+13 -1.341896077264629102e+13
3.360000000000000209e-01 1.820528973031287500e+13 -1.349837356925477539e+13 -1.343162112703950391e+13
3.375000000000000222e-01 1.750294785785030859e+13 -1.349818833365239062e+13 -1.343228411554590234e+13
3.390000000000000235e-01 1.731017709118913867e+13 -1.349237110855107422e+13 -1.341686684243627148e+13
3.405000000000000249e-01 1.747954296456373828e+13 -1.348682224060171680e+13 -1.341721686379320508e+13
3.420000000000000262e-01 1.676229544887154297e+13 -1.348776576384168945e+13 -1.340981895089597461e+13
3.435000000000000275e-01 1.695134467356670508e+13 -1.347902976647413086e+13 -1.341429414564532031e+13
3.449999999999999734e-01 1.651808322018876953e+13 -1.348128253059828711e+13 -1.340991235650243164e+13
3.464999999999999747e-01 1.593111042098013086e+13 -1.348010073063213672e+13 -1.341546895345441016e+13
3.479999999999999760e-01 1.487174782956394922e+13 -1.348165129570491211e+13 -1.342416000577305273e+13
3.494999999999999774e-01 1.482749459591503125e+13 -1.347895416622532617e+13 -1.344055187888030469e+13
3.509999999999999787e-01 1.494587357580934375e+13 -1.347094703265543945e+13 -1.342268378908110352e+13
3.524999999999999800e-01 1.441342023193642969e+13 -1.346972832530932422e+13 -1.341768974899647656e+13
3.539999999999999813e-01 1.400950256064031445e+13 -1.346569076551693750e+13 -1.341483243641518359e+13
3.554999999999999827e-01 1.405218094582428906e+13 -1.346172427094440625e+13 -1.340808106297554492e+13
3.569999999999999840e-01 1.456958831799898633e+13 -1.344991860305160938e+13 -1.340980033918337305e+13
3.584999999999999853e-01 1.327059640416826172e+13 -1.345592933069901172e+13 -1.340791366916284961e+13
3.599999999999999867e-01 1.350872445813450195e+13 -1.345010689970191406e+13 -1.340287186751699023e+13
3.614999999999999880e-01 1.349725656559052930e+13 -1.344211965488120117e+13 -1.338860593717942969e+13
3.629999999999999893e-01 1.306928564723282031e+13 -1.343968122696244531e+13 -1.338283709502238281e+13
3.644999999999999907e-01 1.271756030992932422e+13 -1.343355690057442969e+13 -1.337541321437136328e+13
3.659999999999999920e-01 1.207384041038339062e+13 -1.343651768092495117e+13 -1.337862233107229492e+13
3.674999999999999933e-01 1.223607434407180078e+13 -1.342959030867759961e+13 -1.337292100955122461e+13
3.689999999999999947e-01 1.137833075019541016e+13 -1.343107335121504688e+13 -1.337955809996867383e+13
3.704999999999999960e-01 1.112114050832078125e+13 -1.342592004162342578e+13 -1.337687063707479297e+13
3.719999999999999973e-01 1.122384364824329297e+13 -1.342036971944243164e+13 -1.338194036066940430e+13
3.734999999999999987e-01 1.135481056142487109e+13 -1.341318146300858398e+13 -1.337316653991660547e+13
3.750000000000000000e-01 1.101924091011989648e+13 -1.340906436731490625e+13 -1.335909051121547266e+13
3.765000000000000013e-01 1.101943375063205469e+13 -1.340394205443773828e+13 -1.335526494488354297e+13
3.780000000000000027e-01 1.094185624682495508e+13 -1.340011476848056641e+13 -1.336352559631219727e+13
3.795000000000000040e-01 1.130126698011400195e+13 -1.339001454912766797e+13 -1.335681802195701562e+13
3.810000000000000053e-01 1.085929142456307617e+13 -1.338829966668473828e+13 -1.335336872424733398e+13
3.825000000000000067e-01 1.065285493668044336e+13 -1.338253982529600195e+13 -1.333544995631016992e+13
3.840000000000000080e-01 1.023211208323898828e+13 -1.337845046569262305e+13 -1.332871836666465820e+13
3.855000000000000093e-01 9.352570554462644531e+12 -1.337895905008492969e+13 -1.333008648984927930e+13
3.870000000000000107e-01 9.160038578512962891e+12 -1.337395291118518555e+13 -1.333059596582773828e+13
3.885000000000000120e-01 9.477300532140013672e+12 -1.336696878865158594e+13 -1.332436188109360352e+13
3.900000000000000133e-01 9.972847899290638672e+12 -1.335678279128729297e+13 -1.331183034983312695e+13
3.915000000000000147e-01 9.245301365671406250e+12 -1.335637900297611133e+13 -1.331618480500950391e+13
3.930000000000000160e-01 9.274298890381578125e+12 -1.334845080190828711e+13 -1.330595632877962500e+13
3.945000000000000173e-01 9.472567304042318359e+12 -1.334090013758258789e+13 -1.330188861738872266e+13
3.960000000000000187e-01 8.952281078405080078e+12 -1.333946421024752930e+13 -1.329795130686838477e+13
3.975000000000000200e-01 9.030421575267675781e+12 -1.333344229093708008e+13 -1.329973584869525195e+13
3.990000000000000213e-01 8.545911142511810547e+12 -1.332947668973016016e+13 -1.329376430496055664e+13
4.005000000000000226e-01 9.053889722840382812e+12 -1.331978829032885547e+13 -1.328010312740248242e+13
4.020000000000000240e-01 9.204801759093656250e+12 -1.331176729708944727e+13 -1.326979514327761133e+13
4.035000000000000253e-01 8.961299962931550781e+12 -1.330797679897878125e+13 -1.327398673114579297e+13
4.050000000000000266e-01 8.650135598920443359e+12 -1.330500947106358594e+13 -1.327352757103537305e+13
4.064999999999999725e-01 8.303793089194761719e+12 -1.330115817560663867e+13 -1.327296305704451758e+13
4.079999999999999738e-01 8.133305494543556641e+12 -1.329527089930533008e+13 -1.325967479595744531e+13
4.094999999999999751e-01 8.705474307285066406e+12 -1.328011631733749219e+13 -1.324023405681461523e+13
4.109999999999999765e-01 8.256151749758285156e+12 -1.327606375921991016e+13 -1.324377132555094727e+13
4.124999999999999778e-01 7.960203815572753906e+12 -1.326953968647452539e+13 -1.324751642605421680e+13
4.139999999999999791e-01 8.225956441649060547e+12 -1.325872969831930664e+13 -1.322955842848389258e+13
4.154999999999999805e-01 8.364862484398968750e+12 -1.325031965135201953e+13 -1.322040729069837695e+13
4.169999999999999818e-01 8.065436628157599609e+12 -1.324414896337698242e+13 -1.321776265203052344e+13
4.184999999999999831e-01 7.725933481972750000e+12 -1.323689177024073047e+13 -1.320234533846535547e+13
4.199999999999999845e-01 7.120444870854585938e+12 -1.323429405777718164e+13 -1.320336839597264844e+13
4.214999999999999858e-01 7.093174376933998047e+12 -1.322432283239574219e+13 -1.318705757855196875e+13
4.229999999999999871e-01 7.538426469450648438e+12 -1.321687172585084961e+13 -1.318862933705530469e+13
4.244999999999999885e-01 7.911132568856927734e+12 -1.320644226064293750e+13 -1.317705223187799219e+13
4.259999999999999898e-01 7.343620676197292969e+12 -1.320355016794336719e+13 -1.318318505344155469e+13
4.274999999999999911e-01 6.876141378078726562e+12 -1.319782721140208984e+13 -1.316676513222977148e+13
4.289999999999999925e-01 6.717194492788490234e+12 -1.319262268789060742e+13 -1.316870955264244336e+13
4.304999999999999938e-01 7.091699120048542969e+12 -1.318199409658677539e+13 -1.316397062708251172e+13
4.319999999999999951e-01 7.307584632434910156e+12 -1.317173836983400586e+13 -1.313629008234990820e+13
4.334999999999999964e-01 7.702655887949619141e+12 -1.316313804527035547e+13 -1.312789172488730469e+13
4.349999999999999978e-01 7.045155740081535156e+12 -1.316248677939241602e+13 -1.312796660187345898e+13
4.364999999999999991e-01 6.771921553708660156e+12 -1.316138665328225781e+13 -1.312842396709522266e+13
4.380000000000000004e-01 6.989414394092089844e+12 -1.315295760917500977e+13 -1.312790581446366602e+13
4.395000000000000018e-01 6.215065361347583984e+12 -1.315363343239887891e+13 -1.312879154602017188e+13
4.410000000000000031e-01 6.833939291210125000e+12 -1.314538650058954688e+13 -1.311417946355868945e+13
4.425000000000000044e-01 7.261961580548767578e+12 -1.313466740338925391e+13 -1.310492664457855469e+13
4.440000000000000058e-01 7.122076216189824219e+12 -1.312857717856918945e+13 -1.309451567317688086e+13
4.455000000000000071e-01 7.150097131383433594e+12 -1.312348730923690820e+13 -1.309357041851923047e+13
4.470000000000000084e-01 6.851115825512873047e+12 -1.311715889392797461e+13 -1.308332050152304688e+13
4.485000000000000098e-01 6.540328318398277344e+12 -1.311513892519875195e+13 -1.309113086394637695e+13
4.500000000000000111e-01 6.849911488555724609e+12 -1.310664329729524219e+13 -1.308378168587518945e+13
4.515000000000000124e-01 6.368027871508636719e+12 -1.310222999204346875e+13 -1.307066557863794141e+13
4.530000000000000138e-01 7.299145701941039062e+12 -1.308861645062528320e+13 -1.306253083747024414e+13
4.545000000000000151e-01 6.610483018290162109e+12 -1.308890180485207812e+13 -1.305566653117626172e+13
4.560000000000000164e-01 7.469340687993695312e+12 -1.307541032668621094e+13 -1.304155785378621875e+13
4.575000000000000178e-01 7.716781072531595703e+12 -1.306645437969432812e+13 -1.303467438804252930e+13
4.590000000000000191e-01 6.544079986663660156e+12 -1.306715643666050977e+13 -1.303689960675266992e+13
4.605000000000000204e-01 6.491863234539195312e+12 -1.305991365098399609e+13 -1.303442722575320117e+13
4.620000000000000218e-01 6.361215996992064453e+12 -1.305564396093015625e+13 -1.303001194086604492e+13
4.635000000000000231e-01 6.335550075337210938e+12 -1.304843322989905469e+13 -1.302010237704078516e+13
4.650000000000000244e-01 6.217070077028265625e+12 -1.304306299561037109e+13 -1.302452465352729492e+13
4.665000000000000258e-01 6.433941169957019531e+12 -1.303225790289035938e+13 -1.301102743720139648e+13
4.680000000000000271e-01 5.859557323482212891e+12 -1.303069518665596094e+13 -1.300256942291326758e+13
4.694999999999999729e-01 6.361582164362410156e+12 -1.301883451375902344e+13 -1.298853692584672852e+13
4.709999999999999742e-01 5.935308082983015625e+12 -1.301506219876591797e+13 -1.299208584388298047e+13
4.724999999999999756e-01 6.013644981663894531e+12 -1.300674297977083789e+13 -1.298192346294053516e+13
4.739999999999999769e-01 6.590783758834287109e+12 -1.299541360508344727e+13 -1.297119052293772852e+13
4.754999999999999782e-01 6.697298613361187500e+12 -1.298846498610482031e+13 -1.296079518734597266e+13
4.769999999999999796e-01 6.528530372518113281e+12 -1.298239964218610742e+13 -1.295916893321736914e+13
4.784999999999999809e-01 6.695728353049650391e+12 -1.297425808941494727e+13 -1.294664692586053516e+13
4.799999999999999822e-01 7.180400111006707031e+12 -1.296190257934720117e+13 -1.293172460440233398e+13
4.814999999999999836e-01 6.897316991566785156e+12 -1.296003199426575781e+13 -1.294342513571157031e+13
4.829999999999999849e-01 6.869095421668544922e+12 -1.295169610663450781e+13 -1.292889161341317188e+13
4.844999999999999862e-01 6.437422746533207031e+12 -1.294706085210260547e+13 -1.292184283211830664e+13
4.859999999999999876e-01 6.505149467373103516e+12 -1.293864053948926367e+13 -1.291377428044410352e+13
4.874999999999999889e-01 6.498219186519865234e+12 -1.293241834724250781e+13 -1.291000263911920312e+13
4.889999999999999902e-01 6.788469639328789062e+12 -1.292143742881710742e+13 -1.289604539738133398e+13
4.904999999999999916e-01 6.803632566684681641e+12 -1.291325625207837500e+13 -1.288578464047814844e+13
4.919999999999999929e-01 7.039091151994361328e+12 -1.290450651924434570e+13 -1.287811572393070898e+13
4.934999999999999942e-01 6.736808470804193359e+12 -1.289979338187757812e+13 -1.287486196701776758e+13
4.949999999999999956e-01 6.706754881032871094e+12 -1.289267633789382227e+13 -1.286833158099390039e+13
4.964999999999999969e-01 6.707386969753406250e+12 -1.288592579633774414e+13 -1.286779411655267969e+13
4.979999999999999982e-01 6.799547917454685547e+12 -1.287645693089929102e+13 -1.284957444553621094e+13
4.994999999999999996e-01 6.729143812350687500e+12 -1.287092735250470508e+13 -1.285005523122444727e+13
5.010000000000000009e-01 6.918282688735294922e+12 -1.285932301832216992e+13 -1.283223180638228906e+13
5.024999999999999467e-01 6.560332731289742188e+12 -1.285517076370193164e+13 -1.282626315951780078e+13
5.040000000000000036e-01 6.837875683130148438e+12 -1.284505106116510547e+13 -1.282069934363950000e+13
5.054999999999999494e-01 6.577448049983548828e+12 -1.283961562672035156e+13 -1.282031480906717188e+13
5.070000000000000062e-01 6.295687436542425781e+12 -1.283515493907215039e+13 -1.281118940845798633e+13
5.084999999999999520e-01 6.834749863770634766e+12 -1.282125670469350781e+13 -1.279602852663777148e+13
5.100000000000000089e-01 6.733471283327195312e+12 -1.281618686903589648e+13 -1.279516070043466406e+13
5.114999999999999547e-01 6.646904756411814453e+12 -1.280925106808267773e+13 -1.278585219358228906e+13
5.130000000000000115e-01 6.474790806736462891e+12 -1.280180595599407031e+13 -1.277849432608496094e+13
5.144999999999999574e-01 6.406670013701150391e+12 -1.279530958762847656e+13 -1.277387451055501953e+13
5.160000000000000142e-01 6.808761739881107422e+12 -1.278493403662884961e+13 -1.276669907054563086e+13
5.174999999999999600e-01 6.862902410222529297e+12 -1.277639644814154102e+13 -1.276123782717321484e+13
5.190000000000000169e-01 6.635617268933562500e+12 -1.277080539211458789e+13 -1.275290759521937500e+13
5.204999999999999627e-01 6.779178059325226562e+12 -1.276217974596438281e+13 -1.273764939472954688e+13
5.220000000000000195e-01 7.211314393708037109e+12 -1.274979891470365430e+13 -1.271961673237276172e+13
5.234999999999999654e-01 6.499063442288527344e+12 -1.274907055513624414e+13 -1.272785375926123828e+13
5.250000000000000222e-01 5.959282485769345703e+12 -1.274499889792229297e+13 -1.272862003862252344e+13
5.264999999999999680e-01 6.562433958991222656e+12 -1.273121844035798828e+13 -1.270742021619765039e+13
5.280000000000000249e-01 6.985465867530644531e+12 -1.271948766568992773e+13 -1.268826156551263086e+13
5.294999999999999707e-01 6.284816511856808594e+12 -1.271673381316230664e+13 -1.269246437014847266e+13
5.310000000000000275e-01 6.482558481325078125e+12 -1.270896983063851172e+13 -1.269232044144611328e+13
5.324999999999999734e-01 6.647651240165929688e+12 -1.269985541533437695e+13 -1.267178841670545117e+13
5.340000000000000302e-01 6.464664811267832031e+12 -1.269316455128879883e+13 -1.267254507851056445e+13
5.354999999999999760e-01 6.580519929267658203e+12 -1.268120263849480078e+13 -1.265731656629339648e+13
5.370000000000000329e-01 6.906601181930933594e+12 -1.266918639236558398e+13 -1.264650559796961719e+13
5.384999700000000500e-01 6.496017245817103516e+12 -1.266125892509915625e+13 -1.262910171447027148e+13
5.400000000000000355e-01 6.130164387034302734e+12 -1.265477174024089453e+13 -1.262970602427818359e+13
5.415000300000000211e-01 6.855125333947050781e+12 -1.264105842971610352e+13 -1.262376324029393555e+13
5.430000000000000382e-01 6.620726369059644531e+12 -1.263358337959619922e+13 -1.260962566868554297e+13
5.444999700000000553e-01 6.570660590796962891e+12 -1.262462258689981445e+13 -1.259922954552376953e+13
5.460000000000000409e-01 6.865169760165912109e+12 -1.261349235277949414e+13 -1.258804699984992188e+13
5.475000300000000264e-01 7.111265167842671875e+12 -1.260233522672986914e+13 -1.258001407164527930e+13
5.490000000000000435e-01 6.369796232830085938e+12 -1.260098784170359180e+13 -1.257823084500934961e+13
5.504999699999999496e-01 6.762535853526841797e+12 -1.258693436891610352e+13 -1.255999615664131641e+13
5.520000000000000462e-01 5.714729174598189453e+12 -1.258616349627536523e+13 -1.256964795978915234e+13
5.535000300000000317e-01 5.942842715533701172e+12 -1.257608263305194727e+13 -1.255124865018921875e+13
5.550000000000000488e-01 6.836894342360230469e+12 -1.256050934253832422e+13 -1.253546505323372461e+13
5.564999699999999550e-01 6.943622611447652344e+12 -1.255004510184786719e+13 -1.252640332623578906e+13
5.580000000000000515e-01 6.914870914475591797e+12 -1.254193420941932031e+13 -1.250955878045133594e+13
5.595000300000000371e-01 6.905481531771078125e+12 -1.253363101006290234e+13 -1.251154987713163867e+13
5.610000000000000542e-01 6.443709263424843750e+12 -1.253116549245862695e+13 -1.249937849408428516e+13
5.624999699999999603e-01 6.996029152337832031e+12 -1.252087693038624023e+13 -1.249972437676995312e+13
5.639999999999999458e-01 6.753183356216224609e+12 -1.251599306942908203e+13 -1.250452004737760938e+13
5.655000300000000424e-01 6.392047669256621094e+12 -1.251004103074941016e+13 -1.248931776460757422e+13
5.669999999999999485e-01 6.541745728415550781e+12 -1.249967007367920312e+13 -1.247362850816809375e+13
5.684999699999999656e-01 6.572260733529341797e+12 -1.249315663854193750e+13 -1.246883302333772656e+13
5.699999999999999512e-01 6.536615673069773438e+12 -1.248610319698502148e+13 -1.247040016792324023e+13
5.715000300000000477e-01 6.362648422189021484e+12 -1.247854352377005469e+13 -1.245972841614653906e+13
5.729999999999999538e-01 6.834108661629492188e+12 -1.246781082800486719e+13 -1.244720597212150586e+13
5.744999699999999709e-01 6.834703410018759766e+12 -1.245910059770853125e+13 -1.243395346212124805e+13
5.759999999999999565e-01 6.327478360602691406e+12 -1.245572916380059375e+13 -1.243654021065193359e+13
5.775000300000000530e-01 6.526968816268861328e+12 -1.244432969920940430e+13 -1.242136065696452539e+13
5.789999999999999591e-01 6.551485594908992188e+12 -1.243598149438029102e+13 -1.242014001968893750e+13
5.804999699999999763e-01 6.422055018603691406e+12 -1.242924661804434570e+13 -1.241214439426388086e+13
5.819999999999999618e-01 6.223523255151191406e+12 -1.242217076426172656e+13 -1.240483101593956055e+13
5.835000299999999473e-01 6.837424830456714844e+12 -1.240991880698898242e+13 -1.239054875185383398e+13
5.849999999999999645e-01 6.756777565800076172e+12 -1.240174000190583203e+13 -1.238305179055343945e+13
5.864999699999999816e-01 6.585526451436845703e+12 -1.239402956198930859e+13 -1.237508809868510547e+13
5.879999999999999671e-01 6.746595791041189453e+12 -1.238517735139384766e+13 -1.236238934408548047e+13
5.895000299999999527e-01 6.769931292073361328e+12 -1.237711123370053125e+13 -1.235965930657708008e+13
5.909999999999999698e-01 6.562963322711066406e+12 -1.236947361727387500e+13 -1.235280441900405078e+13
5.924999699999999869e-01 6.481275799767787109e+12 -1.236141107570452734e+13 -1.234971385529417969e+13
5.939999999999999725e-01 6.837885964256769531e+12 -1.235110122902922656e+13 -1.233537047899279102e+13
5.955000299999999580e-01 6.510202864487230469e+12 -1.234504773500405078e+13 -1.232420725712207031e+13
5.969999999999999751e-01 6.467271716206718750e+12 -1.233505017662762891e+13 -1.231686087157839844e+13
5.984999699999999923e-01 6.168628514283222656e+12 -1.232867568516297266e+13 -1.230916037882563867e+13
5.999999999999999778e-01 6.261853121489158203e+12 -1.232055912173509570e+13 -1.230398618208776367e+13
6.015000299999999633e-01 6.930400542064960938e+12 -1.230805870529644531e+13 -1.228566382038146289e+13
6.029999999999999805e-01 6.709826353551923828e+12 -1.230036885903547461e+13 -1.227834171390715430e+13
6.044999699999999976e-01 6.258857477188292969e+12 -1.229425452976140039e+13 -1.227522898997730664e+13
6.059999999999999831e-01 6.199235649813443359e+12 -1.228725050527658398e+13 -1.227115308825311328e+13
6.075000299999999687e-01 6.803986261094009766e+12 -1.227368995037190820e+13 -1.225488908248714844e+13
6.089999999999999858e-01 6.871605141062068359e+12 -1.226592224292685938e+13 -1.224901184912912109e+13
6.104999700000000029e-01 6.371789348556601562e+12 -1.225878537469919922e+13 -1.223745446814545898e+13
6.119999999999999885e-01 6.181395305933810547e+12 -1.225246589984588281e+13 -1.223176832641691211e+13
6.135000299999999740e-01 6.967256799474447266e+12 -1.223861623474602344e+13 -1.221856850968915430e+13
6.149999999999999911e-01 6.592794456909039062e+12 -1.223280073420098828e+13 -1.221203439683050781e+13
6.164999700000000082e-01 6.676219528015814453e+12 -1.222199591695167383e+13 -1.219918715348496094e+13
6.179999999999999938e-01 6.813277945953953125e+12 -1.221256797576045117e+13 -1.218973946188504102e+13
6.195000299999999793e-01 6.669185802743708984e+12 -1.220473091513271484e+13 -1.218468357142258594e+13
6.209999999999999964e-01 6.490578450176496094e+12 -1.219695824116241797e+13 -1.217864520795345312e+13
6.224999700000000136e-01 6.140246791438621094e+12 -1.219065201367131836e+13 -1.217035790928522852e+13
6.239999999999999991e-01 6.358512965730958984e+12 -1.218018921343468359e+13 -1.216217502616153906e+13
6.255000299999999847e-01 6.296304238415693359e+12 -1.217162178334889648e+13 -1.214932299781271289e+13
6.270000000000000018e-01 6.247180466613244141e+12 -1.216386188048765039e+13 -1.214489424673950000e+13
6.284999700000000189e-01 6.452876392758916016e+12 -1.215481225421666016e+13 -1.213997507921685352e+13
6.300000000000000044e-01 7.122203546115976562e+12 -1.214162153290289453e+13 -1.212603675904651758e+13
6.315000299999999900e-01 6.093778669380984375e+12 -1.213866343061969922e+13 -1.211655546093534766e+13
6.330000000000000071e-01 6.147186587191517578e+12 -1.212898815175673633e+13 -1.211234040528876367e+13
6.344999700000000242e-01 6.064732140290240234e+12 -1.212212563927787305e+13 -1.210486266317878320e+13
6.360000000000000098e-01 6.426620031646935547e+12 -1.210986985868829297e+13 -1.209010383572638281e+13
6.375000299999999953e-01 6.663379696926597656e+12 -1.209932731392860938e+13 -1.207680198747499609e+13
6.390000000000000124e-01 6.348414012703058594e+12 -1.209351647335927930e+13 -1.207799657035515234e+13
6.404999700000000296e-01 6.721806311444279297e+12 -1.208252801519369727e+13 -1.206889443755929688e+13
6.420000000000000151e-01 6.574660908099757812e+12 -1.207393036175023633e+13 -1.205456109445231055e+13
6.435000300000000006e-01 6.605069860742533203e+12 -1.206294418228662109e+13 -1.204141739760782617e+13
6.450000000000000178e-01 6.284901007916017578e+12 -1.205790616636146875e+13 -1.203632969765009766e+13
6.464999700000000349e-01 6.678544953894498047e+12 -1.204521520646916016e+13 -1.202463582538624023e+13
6.480000000000000204e-01 6.019683521138230469e+12 -1.204161985010490430e+13 -1.202168389735883789e+13
6.495000300000000060e-01 6.650193837005218750e+12 -1.202766840599522266e+13 -1.201061431571662891e+13
6.510000000000000231e-01 6.577555070645101562e+12 -1.201980312778455859e+13 -1.200310541651223242e+13
6.524999700000000402e-01 6.454666255180441406e+12 -1.201122650538158008e+13 -1.198949194539752539e+13
6.540000000000000258e-01 6.673499765356896484e+12 -1.200002729017324609e+13 -1.198000133959624219e+13
6.555000300000000113e-01 6.052067153900917969e+12 -1.199518045953086914e+13 -1.197920288176849609e+13
6.570000000000000284e-01 6.094001825685166016e+12 -1.198624509160206641e+13 -1.196886831912100781e+13
6.584999700000000455e-01 6.465239314155962891e+12 -1.197564575800737109e+13 -1.195939612915603125e+13
6.600000000000000311e-01 6.366824980245208984e+12 -1.196659533142420117e+13 -1.194939535715926562e+13
6.615000300000000166e-01 6.424680378537406250e+12 -1.195699902379841797e+13 -1.194017539686087500e+13
6.630000000000000338e-01 6.733295234642826172e+12 -1.194579953359725000e+13 -1.192605101067920312e+13
6.644999700000000509e-01 6.562546739139296875e+12 -1.193756972489877539e+13 -1.191489310855446875e+13
6.660000000000000364e-01 6.591888234245730469e+12 -1.192899525442508398e+13 -1.191281840832321875e+13
6.675000300000000220e-01 6.462010595071521484e+12 -1.192070759159688281e+13 -1.190999660510004297e+13
6.690000000000000391e-01 5.721733655838406250e+12 -1.191564228731446484e+13 -1.190210886558243945e+13
6.704999699999999452e-01 6.475528518755132812e+12 -1.190215750012802539e+13 -1.188719010988325977e+13
6.720000000000000417e-01 6.917070805018689453e+12 -1.188960240918655078e+13 -1.186855190563447656e+13
6.735000300000000273e-01 5.884348766003439453e+12 -1.188791528583238086e+13 -1.186949253790876562e+13
6.750000000000000444e-01 6.447732488566511719e+12 -1.187395437894275391e+13 -1.185786307184839062e+13
6.764999699999999505e-01 6.394853412926816406e+12 -1.186644310386415234e+13 -1.185625965820105859e+13
6.780000000000000471e-01 6.364202796035525391e+12 -1.185704057498624414e+13 -1.184304333504187891e+13
6.795000300000000326e-01 6.937999852399585938e+12 -1.184460820749830273e+13 -1.182409771607559961e+13
6.810000000000000497e-01 7.325181797310798828e+12 -1.183326605937268164e+13 -1.181460148732762305e+13
6.824999699999999558e-01 7.273586972955050781e+12 -1.182442235341140430e+13 -1.180733326304508203e+13
6.840000000000000524e-01 7.156114137534861328e+12 -1.181483384485695898e+13 -1.179609870271164844e+13
6.855000300000000379e-01 6.590299291567476562e+12 -1.180915234820134375e+13 -1.179517957311714648e+13
6.870000000000000551e-01 6.575681958266126953e+12 -1.179985959283783594e+13 -1.177929552848391992e+13
6.884999699999999612e-01 6.544237261210515625e+12 -1.179059289774259180e+13 -1.177114442765994336e+13
6.899999999999999467e-01 5.973173077360240234e+12 -1.178466948837686914e+13 -1.176903664387797461e+13
6.915000300000000433e-01 6.515288050615542969e+12 -1.177243600906680078e+13 -1.175839991366106055e+13
6.929999999999999494e-01 6.465109834699455078e+12 -1.176361055578141406e+13 -1.174602853913170898e+13
6.944999699999999665e-01 6.564733217457667969e+12 -1.175400103728706250e+13 -1.173822503270712305e+13
6.959999999999999520e-01 7.005688449329482422e+12 -1.174232046074901758e+13 -1.172770514574015625e+13
6.975000300000000486e-01 6.968819641755355469e+12 -1.173332622113832617e+13 -1.171574809338725781e+13
6.989999999999999547e-01 6.424352792738474609e+12 -1.172707351212714844e+13 -1.171408978705547070e+13
7.004999699999999718e-01 6.244074108330980469e+12 -1.171891566759646094e+13 -1.170173477324046094e+13
7.019999999999999574e-01 6.870692690469384766e+12 -1.170554232223369141e+13 -1.168887710924684375e+13
7.035000300000000539e-01 6.646569645346558594e+12 -1.169719899206874805e+13 -1.167884101861304297e+13
7.049999999999999600e-01 6.749868145286583984e+12 -1.168627130554726758e+13 -1.166250083588657031e+13
7.064999699999999772e-01 7.130383999900082031e+12 -1.167592067830002344e+13 -1.166063234496156250e+13
7.079999999999999627e-01 6.557197296986046875e+12 -1.166989861504576758e+13 -1.165074443988178516e+13
7.095000299999999482e-01 6.709259521187689453e+12 -1.166036015923054297e+13 -1.164698834470434375e+13
7.109999999999999654e-01 6.623005894546291016e+12 -1.165103190298262891e+13 -1.163768938929615234e+13
7.124999699999999825e-01 6.834659284331992188e+12 -1.164083211199821484e+13 -1.162899169798183398e+13
7.139999999999999680e-01 6.510548260743060547e+12 -1.163361703873458398e+13 -1.162014269641308984e+13
7.155000299999999536e-01 6.235639824775966797e+12 -1.162460706372348633e+13 -1.160627728897351758e+13
7.169999999999999707e-01 6.095919661273232422e+12 -1.161667745042184570e+13 -1.160161091840559961e+13
7.184999699999999878e-01 6.441512590742359375e+12 -1.160462875674613867e+13 -1.158875994242687305e+13
7.199999999999999734e-01 6.755286351867656250e+12 -1.159504182246288086e+13 -1.158422156545748828e+13
7.215000299999999589e-01 6.248462044858003906e+12 -1.158802157347198047e+13 -1.157472485072882031e+13
7.229999999999999760e-01 6.211410556555501953e+12 -1.157663092467225781e+13 -1.156359223119173438e+13
7.244999699999999931e-01 6.375272278735730469e+12 -1.156362300432902344e+13 -1.154846074589947266e+13
7.259999999999999787e-01 6.453228686902593750e+12 -1.155372160150812891e+13 -1.153952889831043555e+13
7.275000299999999642e-01 6.328363855341035156e+12 -1.154325012043766797e+13 -1.152970214047949805e+13
7.289999999999999813e-01 6.240802144265378906e+12 -1.153399829503407031e+13 -1.151793999329063281e+13
7.304999699999999985e-01 6.592209274152039062e+12 -1.152171687565843750e+13 -1.150229612655044141e+13
7.319999999999999840e-01 6.553474473868021484e+12 -1.151147779481108789e+13 -1.149838207951618750e+13
7.335000299999999696e-01 6.732362572686365234e+12 -1.149935560967132031e+13 -1.148598601198496875e+13
7.349999999999999867e-01 6.518211674303701172e+12 -1.148810252355196875e+13 -1.146903217343046484e+13
7.364999700000000038e-01 6.308240829575855469e+12 -1.147709902371184961e+13 -1.146324561434829297e+13
7.379999999999999893e-01 6.510947734313125000e+12 -1.146596632699364258e+13 -1.145613043069303906e+13
7.395000299999999749e-01 6.765381367326476562e+12 -1.145249505560106445e+13 -1.143348448053359766e+13
7.409999999999999920e-01 6.390127439487929688e+12 -1.144503324509037305e+13 -1.142678387583408008e+13
7.424999700000000091e-01 6.720769004488291016e+12 -1.143188163294796094e+13 -1.141658418919394531e+13
7.439999999999999947e-01 6.844084869155654297e+12 -1.142000494127447070e+13 -1.139916117375301953e+13
7.455000299999999802e-01 6.687795113751582031e+12 -1.141134439159762109e+13 -1.139214936204483984e+13
7.469999999999999973e-01 6.923455075528093750e+12 -1.140020197172774023e+13 -1.138608727279644141e+13
7.484999700000000145e-01 7.014988364565576172e+12 -1.138989645213535742e+13 -1.137175679759371484e+13
7.500000000000000000e-01 7.037144715558224609e+12 -1.137824024060724219e+13 -1.135549995611964062e+13
7.515000299999999855e-01 6.695060496758767578e+12 -1.136896051060630469e+13 -1.135014325319291797e+13
7.530000000000000027e-01 6.892956977867310547e+12 -1.135796644240207422e+13 -1.134539652883215234e+13
7.544999700000000198e-01 7.007969956565373047e+12 -1.134683828766277539e+13 -1.133089523225704492e+13
7.560000000000000053e-01 6.583985589279738281e+12 -1.134021359612635742e+13 -1.132550176686696875e+13
7.575000299999999909e-01 7.144401925348898438e+12 -1.132429537229521094e+13 -1.130862683625570898e+13
7.590000000000000080e-01 6.768349819943095703e+12 -1.131667894661404297e+13 -1.129496026909316797e+13
7.604999700000000251e-01 6.711989956101419922e+12 -1.130944995794661719e+13 -1.129525288392858008e+13
7.620000000000000107e-01 7.067640002199312500e+12 -1.129523779889263477e+13 -1.127436716109310742e+13
7.635000299999999962e-01 6.539826478374537109e+12 -1.128950388387967969e+13 -1.127740041185242773e+13
7.650000000000000133e-01 6.388030763623656250e+12 -1.127738280607781445e+13 -1.125962313632478711e+13
7.664999700000000304e-01 6.412473170867033203e+12 -1.126824808447236328e+13 -1.124987030612985352e+13
7.680000000000000160e-01 6.897609781910519531e+12 -1.125486746428654297e+13 -1.123580939269198242e+13
7.695000300000000015e-01 6.755907532511609375e+12 -1.124601616583378711e+13 -1.122454143708048633e+13
7.710000000000000187e-01 6.686717326692287109e+12 -1.123572410586461914e+13 -1.121334250941685156e+13
7.724999700000000358e-01 7.002140789930980469e+12 -1.122257369132349023e+13 -1.120806982594741797e+13
7.740000000000000213e-01 6.512649227983644531e+12 -1.121384282215417578e+13 -1.119966486157006250e+13
7.755000300000000069e-01 7.091682634935484375e+12 -1.119700027712621680e+13 -1.118113851562635352e+13
7.770000000000000240e-01 7.172588510006294922e+12 -1.118481662171739062e+13 -1.116586177356163086e+13
7.784999700000000411e-01 6.652657094937689453e+12 -1.117626007183643555e+13 -1.116092085594706836e+13
7.800000000000000266e-01 6.201007673793085938e+12 -1.116740828488263086e+13 -1.115392371743972266e+13
7.815000300000000122e-01 6.567726191706427734e+12 -1.115623438656916797e+13 -1.114081672639793555e+13
7.830000000000000293e-01 7.363122748221576172e+12 -1.113794610206375000e+13 -1.111379690899212109e+13
7.844999700000000464e-01 6.464700495106248047e+12 -1.113331136650452344e+13 -1.111116030044778516e+13
7.860000000000000320e-01 6.562770923946986328e+12 -1.112074553595589844e+13 -1.110045278933183203e+13
7.875000300000000175e-01 6.372404163197527344e+12 -1.111265962436728711e+13 -1.109695576975267188e+13
7.890000000000000346e-01 6.917183011783925781e+12 -1.109734023622100000e+13 -1.108606787379603320e+13
7.904999700000000518e-01 6.890480183894076172e+12 -1.108639736031925000e+13 -1.107209225621722461e+13
7.920000000000000373e-01 6.719391788938302734e+12 -1.107505004417926172e+13 -1.105719692771213086e+13
7.935000300000000228e-01 6.293298310127062500e+12 -1.106813899480227930e+13 -1.104882083634892969e+13
7.950000000000000400e-01 6.440357008735937500e+12 -1.105531212808776172e+13 -1.103366594835396094e+13
7.964999699999999461e-01 6.559262350735408203e+12 -1.104236738931596680e+13 -1.101982118098530273e+13
7.980000000000000426e-01 6.489319760766064453e+12 -1.103291603507834570e+13 -1.101142754012674609e+13
7.995000300000000282e-01 6.713948627223376953e+12 -1.102216460842784570e+13 -1.100136915879570117e+13
8.010000000000000453e-01 6.835109232460984375e+12 -1.100929620649085938e+13 -1.099216939632214062e+13
8.024999699999999514e-01 6.380779293401988281e+12 -1.100170431607465039e+13 -1.097754784388994727e+13
8.040000000000000480e-01 6.590069527846900391e+12 -1.098838364190112500e+13 -1.097624197234039453e+13
8.055000300000000335e-01 6.012146212339609375e+12 -1.098208271470839844e+13 -1.097113379298875195e+13
8.070000000000000506e-01 6.300194358804232422e+12 -1.097081277274786914e+13 -1.095612891590054492e+13
8.084999699999999567e-01 6.857804339983849609e+12 -1.095606598651399609e+13 -1.093955298535501953e+13
8.100000000000000533e-01 6.595028833563156250e+12 -1.094805015568728320e+13 -1.092967437208157227e+13
8.115000300000000388e-01 6.891644000776441406e+12 -1.093421212923054883e+13 -1.091231260535122070e+13
8.129999999999999449e-01 7.029810232781728516e+12 -1.092203704814395312e+13 -1.090257746871832422e+13
8.144999699999999621e-01 7.057885563059914062e+12 -1.091078080635802539e+13 -1.088970470228680273e+13
8.159999999999999476e-01 7.555381595640232422e+12 -1.089748972423833789e+13 -1.087895768066242773e+13
8.175000300000000442e-01 6.848929926152751953e+12 -1.089201221947062305e+13 -1.087151694839258203e+13
8.189999999999999503e-01 6.100015879155240234e+12 -1.088462627577979688e+13 -1.086609865750233594e+13
8.204999699999999674e-01 6.511197879242494141e+12 -1.087098325940897266e+13 -1.085385863255511328e+13
8.219999999999999529e-01 6.563758253690810547e+12 -1.085974326271356641e+13 -1.084243997281611328e+13
8.235000300000000495e-01 6.268770679570232422e+12 -1.085197396388750781e+13 -1.083957876160318945e+13
8.249999999999999556e-01 6.619399477989833984e+12 -1.083935250751489062e+13 -1.082682145359696484e+13
8.264999699999999727e-01 6.762341838816490234e+12 -1.082661314245485352e+13 -1.080498531765211719e+13
8.279999999999999583e-01 6.988160007824976562e+12 -1.081368078600718945e+13 -1.079143611399265430e+13
8.295000300000000548e-01 6.802150831988775391e+12 -1.080554427826988086e+13 -1.078528501053719922e+13
8.309999999999999609e-01 7.004188636839765625e+12 -1.079420714177242188e+13 -1.078141540173654297e+13
8.324999699999999780e-01 6.615926178171201172e+12 -1.078532495858938867e+13 -1.076579452829173242e+13
8.339999999999999636e-01 6.878493218871492188e+12 -1.077246954293842383e+13 -1.075260387113958594e+13
8.355000299999999491e-01 7.042744936477998047e+12 -1.076143954318537305e+13 -1.074147583593966602e+13
8.369999999999999662e-01 7.252023240329021484e+12 -1.074831831324622656e+13 -1.072084717937708203e+13
8.384999699999999834e-01 7.173822184580251953e+12 -1.073813698990273047e+13 -1.070865054746221875e+13
8.399999999999999689e-01 7.362653791480318359e+12 -1.072874496589914648e+13 -1.070594180110547070e+13
8.415000299999999545e-01 6.765169171946164062e+12 -1.072196301519952148e+13 -1.070155283892288867e+13
8.429999999999999716e-01 7.194516564276761719e+12 -1.070606378499046289e+13 -1.068425720075979297e+13
8.444999699999999887e-01 6.667125001159845703e+12 -1.070130607728556836e+13 -1.068106712569576172e+13
8.459999999999999742e-01 6.476969266242287109e+12 -1.069134819041941797e+13 -1.067099965821491602e+13
8.475000299999999598e-01 7.119928312320605469e+12 -1.067522904462102734e+13 -1.065607790346848242e+13
8.489999999999999769e-01 7.055164301647875000e+12 -1.066518211946081055e+13 -1.064200412853608398e+13
8.504999699999999940e-01 6.703705744987996094e+12 -1.065732491021520508e+13 -1.063547104736986523e+13
8.519999999999999796e-01 6.677598993017482422e+12 -1.064834500874980078e+13 -1.063267409662675781e+13
8.535000299999999651e-01 7.260521557249652344e+12 -1.063094363686733398e+13 -1.061258361000609766e+13
8.549999999999999822e-01 6.880713408561134766e+12 -1.062536698041139258e+13 -1.060725593106596680e+13
8.564999699999999994e-01 7.316422815259394531e+12 -1.061042198621264844e+13 -1.059324758313249609e+13
8.579999999999999849e-01 7.034751037154853516e+12 -1.059973727723256641e+13 -1.058745216681901562e+13
8.595000299999999704e-01 6.677019741873583984e+12 -1.058738779459296289e+13 -1.057348156661042773e+13
8.609999999999999876e-01 6.805553153146826172e+12 -1.056975313769373633e+13 -1.054621290927104492e+13
8.624999700000000047e-01 6.853812831631630859e+12 -1.055733580778608398e+13 -1.053061705008433594e+13
8.639999999999999902e-01 7.146668403136574219e+12 -1.054263458707450195e+13 -1.051493849215300195e+13
8.655000299999999758e-01 6.590151266993732422e+12 -1.053550624138796484e+13 -1.051771508328973047e+13
8.669999999999999929e-01 7.064192697735064453e+12 -1.051908687599224023e+13 -1.050824608074092578e+13
8.684999700000000100e-01 6.926335551476437500e+12 -1.050804058689239062e+13 -1.049801887415382812e+13
8.699999999999999956e-01 7.521528938767402344e+12 -1.048964506652770898e+13 -1.047478025436572070e+13
8.715000299999999811e-01 7.699332255067546875e+12 -1.047592191842926758e+13 -1.045373752015296875e+13
8.729999999999999982e-01 7.285360204211691406e+12 -1.046661675834182812e+13 -1.046005360072786914e+13
8.744999700000000153e-01 6.789873083290962891e+12 -1.045766379906078125e+13 -1.043479543654621875e+13
8.760000000000000009e-01 7.389612984291589844e+12 -1.043845803273239648e+13 -1.040841434212793555e+13
8.775000299999999864e-01 7.146983056033939453e+12 -1.043137721597166406e+13 -1.040161965695123242e+13
8.790000000000000036e-01 7.368480127240939453e+12 -1.041677720428820898e+13 -1.039547931565726562e+13
8.804999700000000207e-01 7.032741463339957031e+12 -1.040943290159094922e+13 -1.039005319964043359e+13
8.820000000000000062e-01 7.389511494695552734e+12 -1.039358824402150000e+13 -1.037278167247450586e+13
8.835000299999999918e-01 7.214110208094255859e+12 -1.038217383848182617e+13 -1.036658124073131836e+13
8.850000000000000089e-01 6.706326798086410156e+12 -1.037280777819500977e+13 -1.034903286228274805e+13
8.864999700000000260e-01 6.795762172705697266e+12 -1.036135580066485742e+13 -1.033678806068688281e+13
8.880000000000000115e-01 7.364217618809583984e+12 -1.034530264908640234e+13 -1.031836372859623828e+13
8.895000299999999971e-01 7.329311193811322266e+12 -1.033439332227700586e+13 -1.030962183418298438e+13
8.910000000000000142e-01 6.890239958039480469e+12 -1.032709937077426367e+13 -1.031064316932661523e+13
8.924999700000000313e-01 7.415770851033427734e+12 -1.030712144511055859e+13 -1.029234358838682422e+13
8.940000000000000169e-01 6.766090119103070312e+12 -1.030246665288792773e+13 -1.027231444608714844e+13
8.955000300000000024e-01 6.509989072361117188e+12 -1.029224213387260352e+13 -1.026305251329674805e+13
8.970000000000000195e-01 6.937063645675861328e+12 -1.027417547627719141e+13 -1.024435898032742969e+13
8.984999700000000367e-01 7.146336404438058594e+12 -1.026156226814127930e+13 -1.024365116601635742e+13
9.000000000000000222e-01 6.719070107150730469e+12 -1.025376381356601953e+13 -1.023646336910194336e+13
9.015000300000000077e-01 7.148743855024031250e+12 -1.023764581369215039e+13 -1.021151941319829102e+13
9.030000000000000249e-01 6.849272817005798828e+12 -1.022714041026123242e+13 -1.020957407073415430e+13
9.044999700000000420e-01 6.221897801014916016e+12 -1.022320708505486914e+13 -1.021040104242088086e+13
9.060000000000000275e-01 6.438454517859939453e+12 -1.020986983709809961e+13 -1.019496936272986719e+13
9.075000300000000131e-01 6.848431602556400391e+12 -1.019207837380171289e+13 -1.016799079546784961e+13
9.090000000000000302e-01 6.893834505464960938e+12 -1.018287005394990234e+13 -1.016992450545858789e+13
9.104999700000000473e-01 7.074626324687638672e+12 -1.016853009469718750e+13 -1.015092541096480664e+13
9.120000000000000329e-01 6.220342360047105469e+12 -1.016464346369986719e+13 -1.014849611120640820e+13
9.135000300000000184e-01 7.340998501983333984e+12 -1.014031993675432812e+13 -1.012608602296483594e+13
9.150000000000000355e-01 6.772464363415988281e+12 -1.013191991255568945e+13 -1.011512808406949414e+13
9.164999700000000527e-01 6.343232952876154297e+12 -1.012814915422834766e+13 -1.011778285070750586e+13
9.180000000000000382e-01 6.983223666145394531e+12 -1.010644643103502344e+13 -1.007950654670144922e+13
9.195000300000000237e-01 5.963859048167328125e+12 -1.010503822589898047e+13 -1.008210813969043945e+13
9.210000000000000409e-01 7.108338363142494141e+12 -1.008006165103886133e+13 -1.005304298298291602e+13
9.224999699999999470e-01 7.409413931153851562e+12 -1.006765596963625000e+13 -1.004443077971870117e+13
9.240000000000000435e-01 7.172266992098746094e+12 -1.005653608072597266e+13 -1.002775756031844922e+13
9.255000300000000291e-01 7.524641239957740234e+12 -1.004066282595160547e+13 -1.001860929246691406e+13
9.270000000000000462e-01 7.047020752115498047e+12 -1.003235176776997656e+13 -1.000304007433068164e+13
9.284999699999999523e-01 7.475295814665412109e+12 -1.001648602434029102e+13 -9.987088842180976562e+12
9.300000000000000488e-01 7.722978051488046875e+12 -1.000485733654742188e+13 -9.997262627617097656e+12
9.315000300000000344e-01 7.903298497570162109e+12 -9.986957370599052734e+12 -9.961278361073294922e+12
9.330000000000000515e-01 7.230883146603398438e+12 -9.980877749885419922e+12 -9.946963704153896484e+12
9.344999699999999576e-01 6.736035686188964844e+12 -9.971564619543810547e+12 -9.963887481048642578e+12
9.360000000000000542e-01 6.226956644535519531e+12 -9.965484024673521484e+12 -9.959894571008712891e+12
9.375000300000000397e-01 6.024003235506679688e+12 -9.951564033321218750e+12 -9.924999754574671875e+12
9.389999999999999458e-01 6.489652630863498047e+12 -9.935363160313927734e+12 -9.911811604635833984e+12
9.404999699999999629e-01 6.403205031343109375e+12 -9.926863341538123047e+12 -9.911892925663167969e+12
9.419999999999999485e-01 7.263462005643982422e+12 -9.903802347324539062e+12 -9.876350787857906250e+12
9.435000300000000450e-01 7.432508260005378906e+12 -9.891596129272669922e+12 -9.857431903316384766e+12
9.449999999999999512e-01 7.205399282676945312e+12 -9.881800651463498047e+12 -9.856949541522400391e+12
9.464999699999999683e-01 7.506456215840445312e+12 -9.866445134824765625e+12 -9.840595189765205078e+12
9.479999999999999538e-01 7.420508820920265625e+12 -9.856435087365464844e+12 -9.837419462596644531e+12
9.495000300000000504e-01 6.504906535019205078e+12 -9.849263161441070312e+12 -9.828948569096541016e+12
9.509999999999999565e-01 6.167161180077353516e+12 -9.841427280232687500e+12 -9.825308884947824219e+12
9.524999699999999736e-01 6.718727359681609375e+12 -9.823894551220720703e+12 -9.797498442196445312e+12
9.539999999999999591e-01 6.472110042549564453e+12 -9.813167605039539062e+12 -9.787481722891191406e+12
9.555000299999999447e-01 7.309327029675341797e+12 -9.795027389511613281e+12 -9.763449825929449219e+12
9.569999999999999618e-01 7.293447374741189453e+12 -9.780352202536183594e+12 -9.737922600259771484e+12
9.584999699999999789e-01 6.674983538528728516e+12 -9.774044022602894531e+12 -9.754209214746357422e+12
9.599999999999999645e-01 7.103540867742001953e+12 -9.753238930674312500e+12 -9.736437840910117188e+12
9.615000299999999500e-01 7.035646897919773438e+12 -9.740782890674867188e+12 -9.724027604425859375e+12
9.629999999999999671e-01 6.922801479038068359e+12 -9.735461149153419922e+12 -9.725163278514830078e+12
9.644999699999999843e-01 7.731516950638041016e+12 -9.710397264574724609e+12 -9.689433377020398438e+12
9.659999999999999698e-01 7.751131257051298828e+12 -9.696867743527562500e+12 -9.674388275067244141e+12
9.675000299999999553e-01 6.744908507896746094e+12 -9.692364899013246094e+12 -9.662350605632851562e+12
9.689999999999999725e-01 7.558673880541480469e+12 -9.667733748060806641e+12 -9.646294224735785156e+12
9.704999699999999896e-01 6.845104728132175781e+12 -9.669888695178066406e+12 -9.666985515008697266e+12
9.719999999999999751e-01 6.956828333885644531e+12 -9.652193294449404297e+12 -9.626558956970480469e+12
9.735000299999999607e-01 6.850229391836718750e+12 -9.637351235274548828e+12 -9.607511900426544922e+12
9.749999999999999778e-01 6.177751812924173828e+12 -9.635573957300960938e+12 -9.626115259024328125e+12
9.764999699999999949e-01 7.056955720777623047e+12 -9.604639333151453125e+12 -9.584483062563900391e+12
9.779999999999999805e-01 7.446598788665068359e+12 -9.593456085977648438e+12 -9.555642036457585938e+12
9.795000299999999660e-01 7.581668952770730469e+12 -9.571859122952533203e+12 -9.544068290604880859e+12
9.809999999999999831e-01 6.484940862938037109e+12 -9.570878564652103516e+12 -9.535409629965871094e+12
9.824999700000000002e-01 6.735638036292005859e+12 -9.557998103272068359e+12 -9.530167711438291016e+12
9.839999999999999858e-01 7.198911042662908203e+12 -9.536063463626130859e+12 -9.518429194091626953e+12
9.855000299999999713e-01 6.667748815148296875e+12 -9.533538888926886719e+12 -9.525591078057890625e+12
9.869999999999999885e-01 6.568011410525351562e+12 -9.513914470190642578e+12 -9.495941053493824219e+12
9.884999700000000056e-01 7.497272862493910156e+12 -9.489391456872591797e+12 -9.465457716328527344e+12
9.899999999999999911e-01 7.733601689610677734e+12 -9.472803506193859375e+12 -9.436739754403726562e+12
9.915000299999999767e-01 6.512880417464630859e+12 -9.470722371982753906e+12 -9.440313363772031250e+12
9.929999999999999938e-01 6.892746781547240234e+12 -9.457325448943744141e+12 -9.432762360557890625e+12
9.944999700000000109e-01 7.004851848188046875e+12 -9.434948630429464844e+12 -9.402006557919576172e+12
9.959999999999999964e-01 7.096882338646974609e+12 -9.417926320071816406e+12 -9.403105928519248047e+12
9.975000299999999820e-01 6.726369993873525391e+12 -9.414870391353685547e+12 -9.392283768649695312e+12
9.989999999999999991e-01 7.098209161987992188e+12 -9.393218122274271484e+12 -9.363906428834976562e+12
1.000499999999999945e+00 6.715599326890923828e+12 -9.379694726699421875e+12 -9.328234330715062500e+12
1.002000000000000002e+00 5.932625725151144531e+12 -9.376346518010611328e+12 -9.340584952083251953e+12
1.003500000000000059e+00 7.383531441040843750e+12 -9.342407619948128906e+12 -9.324852678917054688e+12
1.004999999999999893e+00 7.307823942847042969e+12 -9.336182226000361328e+12 -9.349268369911119141e+12
1.006499999999999950e+00 7.898893976963927734e+12 -9.305394744426595703e+12 -9.259406087492074219e+12
1.008000000000000007e+00 7.318615420345187500e+12 -9.301710540681742188e+12 -9.270751094070306641e+12
1.009500000000000064e+00 8.082583910157917969e+12 -9.264456348389144531e+12 -9.236589204787005859e+12
1.010999999999999899e+00 6.968964635196638672e+12 -9.265462687381654297e+12 -9.212607107105328125e+12
1.012499999999999956e+00 7.181345917622558594e+12 -9.256204321877851562e+12 -9.228618536739541016e+12
1.014000000000000012e+00 7.181505284253775391e+12 -9.228123794507187500e+12 -9.177809869308265625e+12
1.015500000000000069e+00 6.932439482167876953e+12 -9.214422037838031250e+12 -9.166988202472826172e+12
1.016999999999999904e+00 6.524205802174880859e+12 -9.207446601223923828e+12 -9.171148174516089844e+12
1.018499999999999961e+00 6.647904229469453125e+12 -9.181497233586771484e+12 -9.116059012816859375e+12
1.020000000000000018e+00 7.376973299461738281e+12 -9.164188556296373047e+12 -9.153401891329199219e+12
1.021500000000000075e+00 7.196376002612000000e+12 -9.149553712706742188e+12 -9.122687541441068359e+12
1.022999999999999909e+00 7.272220339909939453e+12 -9.130267874449037109e+12 -9.101558373611056641e+12
1.024499999999999966e+00 7.783767310782898438e+12 -9.101460870719220703e+12 -9.054903504265394531e+12
1.026000000000000023e+00 7.916219688124994141e+12 -9.083796418777855469e+12 -9.046885406722353516e+12
1.027500000000000080e+00 7.594851903584669922e+12 -9.068451835182679688e+12 -9.040852304799189453e+12
1.028999999999999915e+00 7.550874915716445312e+12 -9.053962500742234375e+12 -9.075299018540880859e+12
1.030499999999999972e+00 8.098021804963617188e+12 -9.022192364223904297e+12 -9.003743018412742188e+12
1.032000000000000028e+00 7.198598900946628906e+12 -9.023168925102533203e+12 -8.975151377785783203e+12
1.033500000000000085e+00 6.334101370856892578e+12 -9.015640903850777344e+12 -8.972496716449966797e+12
1.034999999999999920e+00 6.565819665044007812e+12 -9.001039066209566406e+12 -8.995003311138773438e+12
1.036499999999999977e+00 5.837143639021205078e+12 -9.003280644551595703e+12 -8.993766839575537109e+12
1.038000000000000034e+00 6.893205308276103516e+12 -8.950721652154855469e+12 -8.935206832377072266e+12
1.039500000000000091e+00 6.434689426347304688e+12 -8.946469072936611328e+12 -8.949711484080763672e+12
1.040999999999999925e+00 6.727496264314644531e+12 -8.920491597487373047e+12 -8.896346314267496094e+12
1.042499999999999982e+00 7.133706015845441406e+12 -8.896909535114814453e+12 -8.860930098670113281e+12
1.044000000000000039e+00 6.795570498120494141e+12 -8.883250462993517578e+12 -8.877494138699730469e+12
1.045500000000000096e+00 6.449136232056193359e+12 -8.874128677436947266e+12 -8.891904464328072266e+12
1.046999999999999931e+00 8.078372167350322266e+12 -8.825285286876246094e+12 -8.822221982981781250e+12
1.048499999999999988e+00 6.389403102423548828e+12 -8.836132820498882812e+12 -8.834197255302675781e+12
1.050000000000000044e+00 5.801628301349001953e+12 -8.811778255650216797e+12 -8.781839603024543945e+12
1.051500000000000101e+00 7.366960858081152344e+12 -8.771414230213403320e+12 -8.751007276526263672e+12
1.052999999999999936e+00 7.926335220701833984e+12 -8.748200897751379883e+12 -8.734145043555694336e+12
1.054499999999999993e+00 7.878578854730646484e+12 -8.727411779417356445e+12 -8.719515513217785156e+12
1.056000000000000050e+00 6.591406667777630859e+12 -8.735216188350397461e+12 -8.712924795074121094e+12
1.057500000000000107e+00 9.351335040682783203e+12 -8.635474888937931641e+12 -8.586312463272685547e+12
1.058999999999999941e+00 6.669640256057341797e+12 -8.685687784566429688e+12 -8.658477982171263672e+12
1.060499999999999998e+00 5.426966972284167969e+12 -8.672037780550547852e+12 -8.609629883467917969e+12
1.062000000000000055e+00 6.886990129948091797e+12 -8.627329915980521484e+12 -8.576762877120365234e+12
1.063499999999999890e+00 6.230008191339958984e+12 -8.626665067346911133e+12 -8.587693190451642578e+12
1.064999999999999947e+00 7.816615916629806641e+12 -8.539567122999400391e+12 -8.526943372488982422e+12
1.066500000000000004e+00 7.252715265760503906e+12 -8.563588654888958984e+12 -8.564413285787265625e+12
1.068000000000000060e+00 7.276400943563498047e+12 -8.524016281376096680e+12 -8.469537546887750977e+12
1.069499999999999895e+00 7.082472674846138672e+12 -8.513937453512666992e+12 -8.457256630171583008e+12
1.070999999999999952e+00 7.408899222470738281e+12 -8.485798734467601562e+12 -8.456121786281400391e+12
1.072500000000000009e+00 5.720420778939896484e+12 -8.491604629540321289e+12 -8.523721568277081055e+12
1.074000000000000066e+00 6.708452079761068359e+12 -8.442912614391572266e+12 -8.391716521033271484e+12
1.075499999999999901e+00 7.610064284502205078e+12 -8.406206301145003906e+12 -8.386195109944073242e+12
1.076999899999999899e+00 6.044196829265279297e+12 -8.421447587740841797e+12 -8.387965050514241211e+12
1.078500000000000014e+00 7.103986176486607422e+12 -8.377110103218406250e+12 -8.373750103177990234e+12
1.080000000000000071e+00 8.708570455709300781e+12 -8.272807266354931641e+12 -8.134165264163450195e+12
1.081499999999999906e+00 7.225467899367394531e+12 -8.329412940274262695e+12 -8.270981777297013672e+12
1.083000100000000021e+00 7.529019185103937500e+12 -8.285583384298431641e+12 -8.202219310408772461e+12
1.084500000000000020e+00 7.690327030946533203e+12 -8.247473668125901367e+12 -8.179772594462060547e+12
1.086000000000000076e+00 8.682382269489279297e+12 -8.214921319434307617e+12 -8.227175582668052734e+12
1.087499999999999911e+00 7.691804111649441406e+12 -8.204176888495191406e+12 -8.153645469935042969e+12
1.088999899999999910e+00 7.681105857465898438e+12 -8.162705441755623047e+12 -8.027533569190934570e+12
1.090500000000000025e+00 8.108596315807468750e+12 -8.124648203279377930e+12 -8.074220837901488281e+12
1.092000000000000082e+00 6.849176571387750000e+12 -8.135146851595381836e+12 -8.110630111505773438e+12
1.093499999999999917e+00 9.204251230346357422e+12 -8.031663959202927734e+12 -7.951696720934516602e+12
1.095000100000000032e+00 6.206351249391216797e+12 -8.077261156046320312e+12 -7.975737727493800781e+12
1.096500000000000030e+00 7.905353519314632812e+12 -7.967616892743441406e+12 -7.916049929202703125e+12
1.098000000000000087e+00 7.723843201619054688e+12 -7.957893008660094727e+12 -7.914866158718133789e+12
1.099499999999999922e+00 6.659118485074919922e+12 -7.949626967090173828e+12 -7.987672883810171875e+12
1.100999899999999920e+00 5.573028646358068359e+12 -7.962670438118721680e+12 -8.063000628527203125e+12
1.102500000000000036e+00 4.012418622817046875e+12 -7.977886412215027344e+12 -8.011613346605918945e+12
1.104000000000000092e+00 4.668412374358888672e+12 -7.888024820789875977e+12 -7.925022494939987305e+12
1.105499999999999927e+00 3.763988492492820312e+12 -7.882328246205383789e+12 -8.000982734218880859e+12
1.107000100000000042e+00 5.278000849003919922e+12 -7.806390836337742188e+12 -7.900086180135529297e+12
1.108500000000000041e+00 5.544790177546697266e+12 -7.740753029689687500e+12 -7.735228572595834961e+12
1.110000000000000098e+00 6.181879850931681641e+12 -7.652742234933139648e+12 -7.700644875352686523e+12
1.111499999999999932e+00 6.753725152948685547e+12 -7.592281446232537109e+12 -7.621870684668248047e+12
1.112999899999999931e+00 7.544664699786212891e+12 -7.497524026278862305e+12 -7.541301877863701172e+12
1.114500000000000046e+00 7.826690894553175781e+12 -7.424072665834556641e+12 -7.488691535891809570e+12
1.116000000000000103e+00 7.005659900541089844e+12 -7.380087932109341797e+12 -7.283153697291166992e+12
1.117499999999999938e+00 8.223056032559900391e+12 -7.279909225569529297e+12 -7.494847228379406250e+12
1.119000100000000053e+00 7.143928735947181641e+12 -7.215472772286517578e+12 -7.218739111891029297e+12
1.120500000000000052e+00 8.449116752212199219e+12 -7.039309556640960938e+12 -6.717520208428287109e+12
1.122000000000000108e+00 8.133557867931400391e+12 -6.973282917929290039e+12 -6.780415923504226562e+12
1.123499999999999943e+00 5.222870713861412109e+12 -7.099252166741396484e+12 -7.390081816905223633e+12
1.124999899999999942e+00 4.887878023414312500e+12 -7.045962214919667969e+12 -7.313582809066538086e+12
1.126500000000000057e+00 4.272512373978005859e+12 -6.946498552324090820e+12 -7.136223501038552734e+12
1.127999999999999892e+00 6.438721424951923828e+12 -6.841458873727705078e+12 -7.344797976553088867e+12
1.129499999999999948e+00 6.005256080707892578e+12 -6.712246263112425781e+12 -6.830367200938036133e+12
1.131000100000000064e+00 5.265777164762558594e+12 -6.672329589293926758e+12 -6.600351607161224609e+12
1.132500000000000062e+00 5.492839449894341797e+12 -6.564400780445162109e+12 -6.551271640736982422e+12
1.133999999999999897e+00 9.951242141249195312e+12 -6.251088902366341797e+12 -6.373132766691203125e+12
1.135499999999999954e+00 9.448760541563375000e+12 -6.072722453353232422e+12 -5.585974280521996094e+12
1.136999899999999952e+00 8.080722358079636719e+12 -6.069683535322719727e+12 -5.975225539948640625e+12
1.138500000000000068e+00 7.595677059038367188e+12 -5.813816075729431641e+12 -5.599877913787666016e+12
1.139999999999999902e+00 3.196456418083814453e+12 -5.933633276291929688e+12 -6.186756659772896484e+12
1.141499999999999959e+00 8.134770993146093750e+12 -5.564543276326714844e+12 -5.061057711208944336e+12
1.143000100000000074e+00 2.039308503418628125e+13 -4.458881889422619141e+12 -3.636234413233246094e+12
1.144500000000000073e+00 1.485102750471185156e+13 -4.522354147395480469e+12 -4.536014322917429688e+12
1.145999999999999908e+00 7.367404317109417969e+12 -4.740930090624127930e+12 -5.394959364009513672e+12
1.147499999999999964e+00 5.664011982313326172e+12 -4.360024037935161133e+12 -4.545702185318815430e+12
1.148999899999999963e+00 1.086878553970303320e+13 -2.856105362362683594e+12 -1.404716008544767578e+12
1.150500000000000078e+00 -2.294067298377984375e+12 -3.276117712415588867e+12 -4.331691778168835938e+12
