0.000000000000000000e+00 -inf -inf -inf
1.500000000000000031e-03 -5.187569381924624270e+38 -5.187569381924624270e+38 -5.187569381924624270e+38
3.000000000000000062e-03 -9.894503368233994132e+32 -9.894503368233994132e+32 -9.894503368233994132e+32
4.499999999999999660e-03 -4.463341106308695276e+29 -4.463341106308695276e+29 -4.463341106308695276e+29
6.000000000000000125e-03 -1.887226747545942442e+27 -1.887226747545931447e+27 -1.887226747545941893e+27
7.499999999999999722e-03 -2.719780390071309066e+25 -2.719780390070273120e+25 -2.719780390071303482e+25
8.999999999999999320e-03 -8.513148186856927233e+23 -8.513148186770857431e+23 -8.513148186852489995e+23
1.050000000000000065e-02 -4.550943723343134169e+22 -4.550943722665730585e+22 -4.550943723362932962e+22
1.200000000000000025e-02 -3.599617357795319874e+21 -3.599617353410832499e+21 -3.599617359358306812e+21
1.349999999999999985e-02 -3.840329221988746527e+20 -3.840329198131161334e+20 -3.840329250237033349e+20
1.499999999999999944e-02 -5.188255550005477376e+19 -5.188255107668125286e+19 -5.188255661597596877e+19
1.650000000000000078e-02 -8.486655263582054400e+18 -8.486650047963153408e+18 -8.486655704350924800e+18
1.799999999999999864e-02 -1.626909757681857024e+18 -1.626906942747516672e+18 -1.626911805855520256e+18
1.949999999999999997e-02 -3.571024774010967040e+17 -3.571017058551484160e+17 -3.570993165458001280e+17
2.100000000000000130e-02 -8.817724974719822400e+16 -8.845700876795032000e+16 -8.834452712004019200e+16
2.249999999999999917e-02 -2.157596257141606000e+16 -2.461168155096120000e+16 -2.408190106527524000e+16
2.400000000000000050e-02 -1.113248647705051000e+15 -7.754463277823444000e+15 -6.933159573258451000e+15
2.549999999999999836e-02 1.050991526741601000e+16 -2.763513700353753000e+15 -2.274418346564895000e+15
2.699999999999999969e-02 1.100807846945477600e+16 -1.217154777805317000e+15 -1.022670166674581500e+15
2.850000000000000103e-02 1.010378595660438800e+16 -6.792028082744646250e+14 -5.634632821892232500e+14
2.999999999999999889e-02 9.462234626846490000e+15 -4.527235202200517500e+14 -3.783686511961211250e+14
3.150000000000000022e-02 9.023690569823682000e+15 -3.369513096403861250e+14 -2.854657513761362500e+14
3.300000000000000155e-02 8.686589882099948000e+15 -2.705948258270915000e+14 -2.289221302669061250e+14
3.450000000000000289e-02 8.548470814861654000e+15 -2.273371192359489375e+14 -1.934085290441333125e+14
3.599999999999999728e-02 8.204848625644917000e+15 -1.983561048112987188e+14 -1.645002756028178750e+14
3.749999999999999861e-02 7.645793405420314000e+15 -1.783865637941837812e+14 -1.523031023057101875e+14
3.899999999999999994e-02 7.442310268479964000e+15 -1.616213786065489062e+14 -1.267295000813582656e+14
4.050000000000000128e-02 7.117385222583304000e+15 -1.491799269460506875e+14 -1.212573172477672031e+14
4.200000000000000261e-02 6.802696937334489000e+15 -1.388470859998212344e+14 -1.104537693594067500e+14
4.349999999999999700e-02 6.480350968250059000e+15 -1.308169879062583125e+14 -1.043772491718605156e+14
4.499999999999999833e-02 6.067555593717906000e+15 -1.248983379463411562e+14 -1.055968029250511250e+14
4.649999999999999967e-02 5.796169379693458000e+15 -1.198196973605512969e+14 -9.799828647351881250e+13
4.800000000000000100e-02 5.596867415550537000e+15 -1.153752049334851562e+14 -9.651378512846414062e+13
4.950000000000000233e-02 5.274698856490325000e+15 -1.124165180095621094e+14 -9.720785168150178125e+13
5.099999999999999672e-02 5.028564853561329000e+15 -1.099780873366546250e+14 -9.307497352561109375e+13
5.249999999999999806e-02 4.757281811555169000e+15 -1.082892569731932188e+14 -9.117863600565087500e+13
5.399999999999999939e-02 4.526876151070207000e+15 -1.067283868511238438e+14 -8.922520890496795312e+13
5.550000000000000072e-02 4.174515500243498500e+15 -1.059606593320212188e+14 -9.264240694844775000e+13
5.700000000000000205e-02 3.921271722720930000e+15 -1.049856651382602500e+14 -9.313747107690775000e+13
5.850000000000000339e-02 3.740471777015587000e+15 -1.041193532198425156e+14 -9.361868806278215625e+13
5.999999999999999778e-02 3.418685144377006500e+15 -1.043506131444545938e+14 -9.113898759515071875e+13
6.149999999999999911e-02 3.205700408734679500e+15 -1.039148342141941875e+14 -9.244342672624035938e+13
6.300000000000000044e-02 2.928328706068174500e+15 -1.042073060267414844e+14 -9.547548098138612500e+13
6.450000000000000178e-02 2.785805484570360000e+15 -1.039019783507256719e+14 -9.521500080148634375e+13
6.600000000000000311e-02 2.574010233841798500e+15 -1.042021925755597031e+14 -9.649174937330882812e+13
6.750000000000000444e-02 2.368811439967278500e+15 -1.045396025349910312e+14 -9.859861699947214062e+13
6.900000000000000577e-02 2.160679216567008000e+15 -1.048249058286431406e+14 -9.973221988047859375e+13
7.049999999999999323e-02 1.943058391758561250e+15 -1.054525772427887656e+14 -1.000914158555739375e+14
7.199999999999999456e-02 1.811930855659299250e+15 -1.055829891187020781e+14 -9.859962746939362500e+13
7.349999999999999589e-02 1.661953311562149500e+15 -1.060293620412266562e+14 -9.991925180259357812e+13
7.499999999999999722e-02 1.513667555120274500e+15 -1.065313034391945000e+14 -1.013989669913232812e+14
7.649999999999999856e-02 1.348750311677862500e+15 -1.071247882701107031e+14 -1.013261574023739688e+14
7.799999999999999989e-02 1.215206779045971500e+15 -1.076559016233575469e+14 -1.024824386109222500e+14
7.950000000000000122e-02 1.126419740228028750e+15 -1.079053782915247031e+14 -1.036673501472605625e+14
8.100000000000000255e-02 1.026133504128465625e+15 -1.083290748509467188e+14 -1.048660724150007812e+14
8.250000000000000389e-02 9.181228266222136250e+14 -1.087968831147231406e+14 -1.051217585443962188e+14
8.400000000000000522e-02 8.032532044781026250e+14 -1.094261486064128125e+14 -1.062734823061624375e+14
8.550000000000000655e-02 7.444941571774882500e+14 -1.095029165821740938e+14 -1.064638472539309688e+14
8.699999999999999400e-02 6.672591377638561250e+14 -1.096563719276030312e+14 -1.066970603728072188e+14
8.849999999999999534e-02 5.945006404372516250e+14 -1.099240749111487188e+14 -1.080867377627126250e+14
8.999999999999999667e-02 5.303530436195719375e+14 -1.102622200162454062e+14 -1.081074771355138594e+14
9.149999999999999800e-02 4.809246015109794375e+14 -1.104667374991059531e+14 -1.084257567050941406e+14
9.299999999999999933e-02 4.500144420534888125e+14 -1.105343819981308750e+14 -1.087917509217702031e+14
9.450000000000000067e-02 4.025399910717446875e+14 -1.108473982647149375e+14 -1.088096768611296406e+14
9.600000000000000200e-02 3.625285924780649375e+14 -1.110922091577621406e+14 -1.085562508590017188e+14
9.750000000000000333e-02 3.376699223588236250e+14 -1.111392470143028125e+14 -1.091826246703461875e+14
9.900000000000000466e-02 3.006498111922121875e+14 -1.113846618547543438e+14 -1.095993278233660000e+14
1.005000000000000060e-01 2.877919345023593125e+14 -1.113897497359568594e+14 -1.102644314316406094e+14
1.019999999999999934e-01 2.761108117714330312e+14 -1.113985385754722500e+14 -1.096244782819586094e+14
1.034999999999999948e-01 2.579676341352836875e+14 -1.115119748796046406e+14 -1.097438086612799219e+14
1.049999999999999961e-01 2.493591635581711875e+14 -1.115174332891754844e+14 -1.098396340062893750e+14
1.064999999999999974e-01 2.372949464672325625e+14 -1.115356094563723438e+14 -1.100726090297086562e+14
1.079999999999999988e-01 2.375837441775447500e+14 -1.114087923125992344e+14 -1.105207958547396875e+14
1.095000000000000001e-01 2.400287815867256875e+14 -1.113572023038090625e+14 -1.101580564877921562e+14
1.110000000000000014e-01 2.358084747644339375e+14 -1.113711648050094688e+14 -1.100363391159649688e+14
1.125000000000000028e-01 2.386965371816387812e+14 -1.113911568753624844e+14 -1.101156214526839375e+14
1.140000000000000041e-01 2.492282131932613125e+14 -1.113361361314098438e+14 -1.099241711022323750e+14
1.155000000000000054e-01 2.533696353387331250e+14 -1.113282342680760156e+14 -1.100108613341514531e+14
1.170000000000000068e-01 2.587493047717053750e+14 -1.112880946781828906e+14 -1.097636629110405000e+14
1.184999999999999942e-01 2.615076756834533125e+14 -1.112794185100854531e+14 -1.097777151514810469e+14
1.199999999999999956e-01 2.803451770372573750e+14 -1.110765089998986250e+14 -1.099604412365143438e+14
1.214999999999999969e-01 2.804991544733452500e+14 -1.110993373513444844e+14 -1.093934755012892344e+14
1.229999999999999982e-01 2.748927337505951875e+14 -1.111916946126089688e+14 -1.094395482050556406e+14
1.244999999999999996e-01 3.098132883310941250e+14 -1.108282850976925312e+14 -1.090683568467415469e+14
1.260000000000000009e-01 3.280564833677543750e+14 -1.107067827363324375e+14 -1.091661029880876406e+14
1.275000000000000022e-01 3.421567246064823750e+14 -1.105978679718096406e+14 -1.092364143934323438e+14
1.290000000000000036e-01 3.418856075185891875e+14 -1.105750501020935000e+14 -1.088500531470132969e+14
1.305000000000000049e-01 3.271778074368378750e+14 -1.107069058175245156e+14 -1.094766428121577188e+14
1.320000000000000062e-01 3.426176286186469375e+14 -1.105875149891258125e+14 -1.087694113211470469e+14
1.335000000000000075e-01 3.635975031522975625e+14 -1.104051557254144688e+14 -1.085193777773493281e+14
1.350000000000000089e-01 3.722826556839898750e+14 -1.103799194816799375e+14 -1.088941444923657188e+14
1.365000000000000102e-01 3.880371086824510625e+14 -1.102252297597973438e+14 -1.087061811223163125e+14
1.380000000000000115e-01 3.811650704894920000e+14 -1.102763150414723438e+14 -1.091858571767132656e+14
1.395000000000000129e-01 3.868731972206775000e+14 -1.102423580046332344e+14 -1.087906230817772188e+14
1.409999999999999865e-01 4.099933370729225000e+14 -1.100692008663269375e+14 -1.087754339191365625e+14
1.424999999999999878e-01 4.081291291619167500e+14 -1.101157020780590156e+14 -1.087071301345542500e+14
1.439999999999999891e-01 4.108435608418732500e+14 -1.100938133492681406e+14 -1.088745904942956719e+14
1.454999999999999905e-01 4.167101182796416250e+14 -1.100502672016431406e+14 -1.086088649494751250e+14
1.469999999999999918e-01 4.152955572957010000e+14 -1.100372563491020312e+14 -1.088795939794490000e+14
1.484999999999999931e-01 4.184297700229103750e+14 -1.100238872032606562e+14 -1.084847149393395625e+14
1.499999999999999944e-01 4.163663989547793125e+14 -1.100514144517743125e+14 -1.084921840005774375e+14
1.514999999999999958e-01 4.101459926229595000e+14 -1.100952956437577812e+14 -1.085767430004720938e+14
1.529999999999999971e-01 4.198022504230163750e+14 -1.099971486982161250e+14 -1.083325858947605625e+14
1.544999999999999984e-01 4.124975777523658750e+14 -1.100726992545154219e+14 -1.086969103821315000e+14
1.559999999999999998e-01 4.173926549762928750e+14 -1.100216868254765469e+14 -1.087279935515174531e+14
1.575000000000000011e-01 4.156833110904986875e+14 -1.100385379524623750e+14 -1.085719312211272031e+14
1.590000000000000024e-01 3.988829404756424375e+14 -1.101520001211572031e+14 -1.087401432182809375e+14
1.605000000000000038e-01 3.897863077104342500e+14 -1.101738134453148906e+14 -1.090195937824227031e+14
1.620000000000000051e-01 3.962138094691340000e+14 -1.101256822008976094e+14 -1.088087671244368906e+14
1.635000000000000064e-01 3.916742883042576875e+14 -1.101815467182255312e+14 -1.090076710372260000e+14
1.650000000000000078e-01 3.838529036959391250e+14 -1.102149819348056250e+14 -1.088241574393459219e+14
1.665000000000000091e-01 3.817554279162473750e+14 -1.102149201476863438e+14 -1.090356613370254531e+14
1.680000000000000104e-01 3.738817279673190625e+14 -1.102348495232426406e+14 -1.089966085736713750e+14
1.695000000000000118e-01 3.697473054438448125e+14 -1.102323491447233281e+14 -1.091519446424312656e+14
1.710000000000000131e-01 3.632532477248461875e+14 -1.102999916575432344e+14 -1.091025741288579219e+14
1.724999999999999867e-01 3.480778011877287500e+14 -1.103982046945302188e+14 -1.091897415983012344e+14
1.739999999999999880e-01 3.350159079877393125e+14 -1.104585168944745156e+14 -1.092327299712803594e+14
1.754999999999999893e-01 3.368587504979573750e+14 -1.104070619717108281e+14 -1.092642566758907188e+14
1.769999999999999907e-01 3.292391591924768750e+14 -1.104646833045810312e+14 -1.094435744858042500e+14
1.784999999999999920e-01 3.201260766496692500e+14 -1.105291036537345938e+14 -1.094476798606190938e+14
1.799999999999999933e-01 3.077667417346825000e+14 -1.106013349318612344e+14 -1.094509157242735938e+14
1.814999999999999947e-01 3.073302237137762500e+14 -1.105646818577358750e+14 -1.093907780075596719e+14
1.829999999999999960e-01 3.037066731694783750e+14 -1.105833777930802969e+14 -1.095523865770702812e+14
1.844999999999999973e-01 2.971684523281066250e+14 -1.105687961332567344e+14 -1.095798071098332656e+14
1.859999999999999987e-01 2.768460816887478125e+14 -1.107316976554925625e+14 -1.096442456585699844e+14
1.875000000000000000e-01 2.763844442840749375e+14 -1.106979074986480938e+14 -1.096942477513296875e+14
1.890000000000000013e-01 2.700813195210908438e+14 -1.107074505415216562e+14 -1.097385162383983750e+14
1.905000000000000027e-01 2.647016726196585625e+14 -1.107231247719076406e+14 -1.098037389671144219e+14
1.920000000000000040e-01 2.540598410435640000e+14 -1.107740677016182656e+14 -1.097464463858817188e+14
1.935000000000000053e-01 2.473785064433708750e+14 -1.108004284633515312e+14 -1.096475880066862344e+14
1.950000000000000067e-01 2.374594535534511875e+14 -1.108570421983859219e+14 -1.099197637659448125e+14
1.965000000000000080e-01 2.311665413888269375e+14 -1.108531726244301719e+14 -1.099889810710293125e+14
1.980000000000000093e-01 2.186813871435882500e+14 -1.109455487333965469e+14 -1.099246683016367656e+14
1.995000000000000107e-01 2.192254285900416875e+14 -1.108875118254929219e+14 -1.099853220029399844e+14
2.010000000000000120e-01 2.152043110642740000e+14 -1.108677356059020312e+14 -1.100038911834321094e+14
2.025000000000000133e-01 1.963920211592723750e+14 -1.110058421061647656e+14 -1.103096552060765312e+14
2.039999999999999869e-01 1.930298860141541875e+14 -1.110052458166063281e+14 -1.104665081459610781e+14
2.054999999999999882e-01 1.957471728916411250e+14 -1.109443393847078750e+14 -1.101119458479883594e+14
2.069999999999999896e-01 1.860554580472245625e+14 -1.109715384267774062e+14 -1.101185194189012031e+14
2.084999999999999909e-01 1.758398189218786250e+14 -1.110321022553592188e+14 -1.102722198630460469e+14
2.099999999999999922e-01 1.723823809276688125e+14 -1.110353812016091719e+14 -1.103588921400213438e+14
2.114999999999999936e-01 1.705658694279878750e+14 -1.109574817673199844e+14 -1.102027506506755781e+14
2.129999999999999949e-01 1.530621482156130312e+14 -1.110345895057819062e+14 -1.103627869284478125e+14
2.144999999999999962e-01 1.547369249427669688e+14 -1.109288103501196875e+14 -1.102891917071873125e+14
2.159999999999999976e-01 1.503874347147078125e+14 -1.109154149418772188e+14 -1.103466933495280781e+14
2.174999999999999989e-01 1.471232766523809375e+14 -1.108740334489175156e+14 -1.102816555986881250e+14
2.190000000000000002e-01 1.449188622783774375e+14 -1.108340669383686562e+14 -1.101806371648016875e+14
2.205000000000000016e-01 1.362515716167846719e+14 -1.108586541957499375e+14 -1.101688339629607344e+14
2.220000000000000029e-01 1.318487490423011562e+14 -1.108310676672835938e+14 -1.101619955499125781e+14
2.235000000000000042e-01 1.315242846943363438e+14 -1.107727822438349844e+14 -1.100194773542739062e+14
2.250000000000000056e-01 1.249320532854825312e+14 -1.108037265954809531e+14 -1.102217728574207344e+14
2.265000000000000069e-01 1.185892770127010625e+14 -1.108024933381378438e+14 -1.102258598908064062e+14
2.280000000000000082e-01 1.161406803431701875e+14 -1.107679812013719688e+14 -1.100910208477898750e+14
2.295000000000000095e-01 1.145013063274434688e+14 -1.107301217012916406e+14 -1.101983392170518281e+14
2.310000000000000109e-01 1.046595114887176562e+14 -1.107550893493657812e+14 -1.102625062246340000e+14
2.325000000000000122e-01 9.780839942428392188e+13 -1.107788257135491250e+14 -1.102502712002695625e+14
2.340000000000000135e-01 1.037909726752586719e+14 -1.106830175334697344e+14 -1.102144154788937656e+14
2.354999999999999871e-01 9.701376914763371875e+13 -1.106886777524311875e+14 -1.102211755958611406e+14
2.369999999999999885e-01 9.472367793711239062e+13 -1.106723656185833438e+14 -1.101307464578508906e+14
2.384999999999999898e-01 9.409304316284509375e+13 -1.106573069586267031e+14 -1.099798384764347031e+14
2.399999999999999911e-01 8.339102205673182812e+13 -1.107410804305456875e+14 -1.102629554607679844e+14
2.414999999999999925e-01 8.112985857814567188e+13 -1.107416718152024062e+14 -1.102279080698475781e+14
2.429999999999999938e-01 8.628375102514926562e+13 -1.106564760121404844e+14 -1.101915788543543750e+14
2.444999999999999951e-01 7.853797373554515625e+13 -1.107099640504267188e+14 -1.102558647881155625e+14
2.459999999999999964e-01 7.048913287025568750e+13 -1.107233793393899062e+14 -1.102353076166445625e+14
2.474999999999999978e-01 6.630752154383995312e+13 -1.107332974656202812e+14 -1.101661412127500000e+14
2.489999999999999991e-01 6.895720266940892188e+13 -1.106663967942122500e+14 -1.101590792399090469e+14
2.505000000000000004e-01 6.894230370478826562e+13 -1.106229207740227031e+14 -1.101451451020356875e+14
2.520000000000000018e-01 6.686335919435848438e+13 -1.106128088066784219e+14 -1.101411016420897031e+14
2.535000000000000031e-01 6.866169719116150000e+13 -1.105405566119768281e+14 -1.100891722082385938e+14
2.550000000000000044e-01 6.621817235117950000e+13 -1.105351173714458906e+14 -1.100278370871302812e+14
2.565000000000000058e-01 5.963158271035770312e+13 -1.105547215473057656e+14 -1.100894395552291562e+14
2.580000000000000071e-01 5.937298764605179688e+13 -1.105025631387294688e+14 -1.100764737888956719e+14
2.595000000000000084e-01 5.817667890308143750e+13 -1.104669018242269375e+14 -1.100273298396956875e+14
2.610000000000000098e-01 6.094386998361245312e+13 -1.103891893218120000e+14 -1.099032276870851094e+14
2.625000000000000111e-01 5.377363333099253125e+13 -1.104202809774514688e+14 -1.100798150903912656e+14
2.640000000000000124e-01 4.698043788968648438e+13 -1.104263076677959688e+14 -1.100951035893383906e+14
2.655000000000000138e-01 4.957759446557715625e+13 -1.103588688346037812e+14 -1.100590924564973594e+14
2.670000000000000151e-01 4.674134234156051562e+13 -1.103539619817570625e+14 -1.100562480207547344e+14
2.685000000000000164e-01 4.544625460118907812e+13 -1.103028157332192500e+14 -1.099057204835584062e+14
2.700000000000000178e-01 4.390492089988954688e+13 -1.102823995754978750e+14 -1.099388617313789844e+14
2.715000000000000191e-01 4.772297678612532812e+13 -1.101751700907846875e+14 -1.097167899803638281e+14
2.730000000000000204e-01 4.423912678178462500e+13 -1.101640491106362656e+14 -1.097540790304361094e+14
2.745000000000000218e-01 4.385082385605637500e+13 -1.101114879533680938e+14 -1.097227481148790938e+14
2.760000000000000231e-01 4.059448827785685938e+13 -1.101192221163951562e+14 -1.097435256901335625e+14
2.775000000000000244e-01 4.321728175329892188e+13 -1.100175831706303281e+14 -1.096371699240785625e+14
2.790000000000000258e-01 3.930351359278539062e+13 -1.100008580062985625e+14 -1.095801788718729219e+14
2.805000000000000271e-01 3.792293886936868750e+13 -1.099598013392210000e+14 -1.095473853077421094e+14
2.819999999999999729e-01 3.385916084075475000e+13 -1.099617453065988750e+14 -1.096132425367491719e+14
2.834999999999999742e-01 3.969559295535373438e+13 -1.098428818367235781e+14 -1.094883510797527812e+14
2.849999999999999756e-01 3.747817444764960938e+13 -1.098204865501572344e+14 -1.094964086233388906e+14
2.864999999999999769e-01 3.498705373537054688e+13 -1.097871922589026875e+14 -1.094980207090680625e+14
2.879999999999999782e-01 3.606851469310221875e+13 -1.097153603137114688e+14 -1.094067632996462344e+14
2.894999999999999796e-01 3.531051255228906250e+13 -1.096612905952257344e+14 -1.092870758676568906e+14
2.909999999999999809e-01 2.976059635541779688e+13 -1.096560897892206719e+14 -1.093386918576202969e+14
2.924999999999999822e-01 3.160721725223556250e+13 -1.095811313389241250e+14 -1.093530000113844844e+14
2.939999999999999836e-01 2.988665591325560938e+13 -1.095484669575123906e+14 -1.093137494597816719e+14
2.954999999999999849e-01 2.698034910821962500e+13 -1.095192190079249219e+14 -1.092006007009168750e+14
2.969999999999999862e-01 2.934118287712689062e+13 -1.094331522144423438e+14 -1.090966189611310469e+14
2.984999999999999876e-01 2.611172015082226562e+13 -1.094004444331732969e+14 -1.090598650026625156e+14
2.999999999999999889e-01 2.754060666142548438e+13 -1.093465418065591875e+14 -1.091510771897721562e+14
3.014999999999999902e-01 2.405061205227356250e+13 -1.093260043446583750e+14 -1.090810126814527344e+14
3.029999999999999916e-01 2.917351473868359375e+13 -1.091952953687637656e+14 -1.088801709064065156e+14
3.044999999999999929e-01 2.262568018329337500e+13 -1.092085370621870938e+14 -1.088638026781177188e+14
3.059999999999999942e-01 2.226349895350101562e+13 -1.091550240183942656e+14 -1.088613662021462344e+14
3.074999999999999956e-01 2.346226110362789062e+13 -1.091011018453868906e+14 -1.088318437365971719e+14
3.089999999999999969e-01 2.612783753903782812e+13 -1.090109879454113438e+14 -1.087658400516181875e+14
3.104999999999999982e-01 2.071580842385703125e+13 -1.090012488230310938e+14 -1.087508926651579062e+14
3.119999999999999996e-01 2.261608417420978125e+13 -1.089217313605291719e+14 -1.087054568728212500e+14
3.135000000000000009e-01 2.504289357538621875e+13 -1.088381565022159688e+14 -1.085518538746820469e+14
3.150000000000000022e-01 2.368401164054445312e+13 -1.087917375850221250e+14 -1.085112633768268906e+14
3.165000000000000036e-01 2.178828626611901562e+13 -1.087482339986538750e+14 -1.085023129693041562e+14
3.180000000000000049e-01 2.287956150950381250e+13 -1.086816955473147812e+14 -1.084731192622184219e+14
3.195000000000000062e-01 1.811613875977804688e+13 -1.086654904937816250e+14 -1.083942044209577500e+14
3.210000000000000075e-01 2.097194765481682812e+13 -1.085739965784562812e+14 -1.083381382290704844e+14
3.225000000000000089e-01 1.910124334030684375e+13 -1.085328547554401250e+14 -1.082681570196670625e+14
3.240000000000000102e-01 2.106935939277196875e+13 -1.084489146916315938e+14 -1.081905979244318750e+14
3.255000000000000115e-01 2.014858986810754688e+13 -1.083925210466099375e+14 -1.081699947351694062e+14
3.270000000000000129e-01 1.707442681947568750e+13 -1.083600379956007656e+14 -1.080748723193743750e+14
3.285000000000000142e-01 1.637268536097806250e+13 -1.083105361148975156e+14 -1.081045308088870938e+14
3.300000000000000155e-01 1.725789317293890625e+13 -1.082303221148826406e+14 -1.080044636065282031e+14
3.315000000000000169e-01 1.230029689297204688e+13 -1.082123960698304062e+14 -1.079743684771551562e+14
3.330000000000000182e-01 1.416519304559709375e+13 -1.081254917610380312e+14 -1.078779711558254844e+14
3.345000000000000195e-01 1.459089279236618750e+13 -1.080665627118741562e+14 -1.078827404158042344e+14
3.360000000000000209e-01 1.455738143025142188e+13 -1.080099639114299531e+14 -1.078236540603742188e+14
3.375000000000000222e-01 1.654166914164987500e+13 -1.079213755488052969e+14 -1.077027946555861406e+14
3.390000000000000235e-01 1.432659891294732812e+13 -1.078817311388376250e+14 -1.076619465550308438e+14
3.405000000000000249e-01 1.414574864169818750e+13 -1.078163780389124531e+14 -1.076213608786625000e+14
3.420000000000000262e-01 1.236316579954389062e+13 -1.077646512690645938e+14 -1.076193358041285781e+14
3.435000000000000275e-01 1.311626449479285938e+13 -1.076967907649907188e+14 -1.075139927435216562e+14
3.449999999999999734e-01 9.329603213742250000e+12 -1.076793564171393750e+14 -1.075275906441182344e+14
3.464999999999999747e-01 1.324131236445468750e+13 -1.075666128548856094e+14 -1.073964829455363125e+14
3.479999999999999760e-01 1.407340034182732812e+13 -1.074880449362465938e+14 -1.072200661414495781e+14
3.494999999999999774e-01 1.093568775135954688e+13 -1.074507439685549375e+14 -1.071560406424805469e+14
3.509999999999999787e-01 1.271155972928954688e+13 -1.073829561720333594e+14 -1.071609886937207344e+14
3.524999999999999800e-01 1.457311966935210938e+13 -1.073007254616372969e+14 -1.071151926464856562e+14
3.539999999999999813e-01 1.450587181399506250e+13 -1.072306305957994062e+14 -1.070329408307415469e+14
3.554999999999999827e-01 1.152173802615359375e+13 -1.071862080088164375e+14 -1.069606509106523438e+14
3.569999999999999840e-01 1.334216822280356250e+13 -1.070985089397299688e+14 -1.068853302445379219e+14
3.584999999999999853e-01 1.039579528110129688e+13 -1.070599979146847812e+14 -1.068590630604747031e+14
3.599999999999999867e-01 1.083635762811092188e+13 -1.069846781957890938e+14 -1.067357094782098125e+14
3.614999999999999880e-01 8.378379253594500000e+12 -1.069475801976441094e+14 -1.067899478685527812e+14
3.629999999999999893e-01 7.924097686035812500e+12 -1.068725514512446250e+14 -1.067131217119958594e+14
3.644999999999999907e-01 1.031443990194770312e+13 -1.067832149320802344e+14 -1.065474688260291719e+14
3.659999999999999920e-01 9.201725836279156250e+12 -1.067309792620916094e+14 -1.065487480911315000e+14
3.674999999999999933e-01 3.243673757219187500e+12 -1.067049283303360469e+14 -1.064886196062441719e+14
3.689999999999999947e-01 5.902951950942546875e+12 -1.066163336628822812e+14 -1.064517030268766250e+14
3.704999999999999960e-01 8.298851636666406250e+12 -1.065255339553917344e+14 -1.063167125984583594e+14
3.719999999999999973e-01 1.025914982904942188e+13 -1.064476778304983750e+14 -1.062331342303537500e+14
3.734999999999999987e-01 1.351962155052362500e+13 -1.063456044033546562e+14 -1.060977715536530469e+14
3.750000000000000000e-01 8.778617335305281250e+12 -1.063186045010373906e+14 -1.061111471823127031e+14
3.765000000000000013e-01 6.160862025936359375e+12 -1.062777275641721250e+14 -1.061461185705450938e+14
3.780000000000000027e-01 6.347305478317421875e+12 -1.061899440528408750e+14 -1.059951275438032031e+14
3.795000000000000040e-01 9.348768000189312500e+12 -1.060866863408757031e+14 -1.058909528167944688e+14
3.810000000000000053e-01 9.432732305275437500e+12 -1.060215375290023281e+14 -1.058692608104535938e+14
3.825000000000000067e-01 8.433539512396796875e+12 -1.059685450507175000e+14 -1.058137341896984844e+14
3.840000000000000080e-01 6.314982562990593750e+12 -1.059044421651978125e+14 -1.057084148149353281e+14
3.855000000000000093e-01 8.577954609697218750e+12 -1.058199364297550312e+14 -1.056444437592259844e+14
3.870000000000000107e-01 9.758921488546484375e+12 -1.057340681791780000e+14 -1.055585995607921094e+14
3.885000000000000120e-01 9.211791788809687500e+12 -1.056765872386881406e+14 -1.054951864083818281e+14
3.900000000000000133e-01 9.613301509364000000e+12 -1.055951263859446875e+14 -1.054100288929155625e+14
3.915000000000000147e-01 4.469022120536515625e+12 -1.055587630459247969e+14 -1.054254604780592656e+14
3.930000000000000160e-01 6.266062598053875000e+12 -1.054830362519580625e+14 -1.053536349417123281e+14
3.945000000000000173e-01 5.970967834832046875e+12 -1.054032422425505625e+14 -1.052461880533074531e+14
3.960000000000000187e-01 4.856389875635296875e+12 -1.053325290702458438e+14 -1.051827988669365469e+14
3.975000000000000200e-01 2.620044262063734375e+12 -1.052806390282720312e+14 -1.051035917875570312e+14
3.990000000000000213e-01 7.273516836970203125e+12 -1.051671576622465156e+14 -1.049781732995462812e+14
4.005000000000000226e-01 3.183160542952796875e+12 -1.051312108338744219e+14 -1.049701806953561250e+14
4.020000000000000240e-01 5.169051218938625000e+12 -1.050377114485660000e+14 -1.048950618278355156e+14
4.035000000000000253e-01 5.411008351687609375e+12 -1.049642301527809219e+14 -1.048232584398929844e+14
4.050000000000000266e-01 3.776744118630562500e+12 -1.048983902071507812e+14 -1.047326223598144062e+14
4.064999999999999725e-01 5.297146757508546875e+12 -1.048156873288653125e+14 -1.046559660819752188e+14
4.079999999999999738e-01 4.642461823512546875e+12 -1.047519758304693125e+14 -1.046309790541058125e+14
4.094999999999999751e-01 5.026765330600468750e+12 -1.046390037702482969e+14 -1.044680417217516250e+14
4.109999999999999765e-01 7.004494971481515625e+12 -1.045415374843904219e+14 -1.043773472409590625e+14
4.124999999999999778e-01 1.066986042846484375e+13 -1.044269204519199844e+14 -1.042270339244539062e+14
4.139999999999999791e-01 6.034863677985203125e+12 -1.043818804614910000e+14 -1.042395088705342188e+14
4.154999999999999805e-01 5.801442637811937500e+12 -1.042961490420607812e+14 -1.041443594335824531e+14
4.169999999999999818e-01 6.980679763884593750e+12 -1.042021381145819375e+14 -1.040542501537581719e+14
4.184999999999999831e-01 1.786795588098515625e+12 -1.041624605778650000e+14 -1.040650116730573594e+14
4.199999999999999845e-01 3.160596140351937500e+12 -1.040673705912098125e+14 -1.039475962704393438e+14
4.214999999999999858e-01 6.157915316391406250e+12 -1.039598110409060469e+14 -1.038034151219844844e+14
4.229999999999999871e-01 4.356097436791468750e+12 -1.038955796453553906e+14 -1.037480218489507656e+14
4.244999999999999885e-01 6.305830013510265625e+12 -1.037916407555887656e+14 -1.036489597587291875e+14
4.259999999999999898e-01 5.201256885627046875e+12 -1.037261515939296562e+14 -1.035992020638153594e+14
4.274999999999999911e-01 5.716282622918765625e+12 -1.036359957628137344e+14 -1.034639887028684531e+14
4.289999999999999925e-01 4.343418960960078125e+12 -1.035591347843750625e+14 -1.033901627581984375e+14
4.304999999999999938e-01 3.032777930862156250e+12 -1.034876966565960000e+14 -1.033302186295870312e+14
4.319999999999999951e-01 2.489062423993953125e+12 -1.033973772147310625e+14 -1.031954983680736250e+14
4.334999999999999964e-01 2.864044728342390625e+12 -1.033202067701082031e+14 -1.031648380943853438e+14
4.349999999999999978e-01 2.943699431724687500e+12 -1.032572694763231875e+14 -1.031143616742542188e+14
4.364999999999999991e-01 9.288709828577812500e+11 -1.032066035985775938e+14 -1.030462745258607969e+14
4.380000000000000004e-01 1.503056629690859375e+12 -1.031276519043438125e+14 -1.029747522352873594e+14
4.395000000000000018e-01 4.962897349738593750e+11 -1.030653766592069688e+14 -1.029077907225827500e+14
4.410000000000000031e-01 5.546905833692671875e+12 -1.029642993335878438e+14 -1.028300910833552188e+14
4.425000000000000044e-01 5.212549616565343750e+12 -1.028937179806012188e+14 -1.027168295490368438e+14
4.440000000000000058e-01 2.725546353978203125e+12 -1.028347146740812969e+14 -1.026878388751124219e+14
4.455000000000000071e-01 2.910826390214781250e+12 -1.027527627965206406e+14 -1.026758459928833438e+14
4.470000000000000084e-01 3.689332225054312500e+12 -1.026657578542247344e+14 -1.025256626144345469e+14
4.485000000000000098e-01 1.523196203921578125e+12 -1.026034090738851406e+14 -1.024327539610711719e+14
4.500000000000000111e-01 5.365840599277187500e+11 -1.025354689124686875e+14 -1.024407350612513594e+14
4.515000000000000124e-01 1.290986574632859375e+12 -1.024528975126404531e+14 -1.023196072958754531e+14
4.530000000000000138e-01 9.241824603041875000e+11 -1.023790342731688438e+14 -1.022784061300766094e+14
4.545000000000000151e-01 1.102552947373546875e+12 -1.022945878818305781e+14 -1.021941078219332344e+14
4.560000000000000164e-01 2.217563997952921875e+12 -1.022102355859707344e+14 -1.020793875501485156e+14
4.575000000000000178e-01 2.360494949521468750e+12 -1.021349720238745781e+14 -1.019980866617657656e+14
4.590000000000000191e-01 2.240287050979156250e+12 -1.020456946179894531e+14 -1.018867725089728438e+14
4.605000000000000204e-01 1.851589237057203125e+12 -1.019677505619968281e+14 -1.018090039252822656e+14
4.620000000000000218e-01 4.703961302934875000e+12 -1.018680853048250312e+14 -1.016742624309914375e+14
4.635000000000000231e-01 3.304973215677109375e+12 -1.018012155924808594e+14 -1.016529661994518281e+14
4.650000000000000244e-01 2.557833116083062500e+12 -1.017308976261738125e+14 -1.016359053552634531e+14
4.665000000000000258e-01 2.594404162379859375e+12 -1.016332073322071875e+14 -1.014801857556215625e+14
4.680000000000000271e-01 3.087911978782750000e+12 -1.015543412372689688e+14 -1.013787768653510000e+14
4.694999999999999729e-01 3.955295404839859375e+12 -1.014652825201527188e+14 -1.013120116896907656e+14
4.709999999999999742e-01 1.002790793015781250e+11 -1.014185966946036562e+14 -1.013023495231182344e+14
4.724999999999999756e-01 2.007370959064546875e+12 -1.013182552861979688e+14 -1.011722245625291562e+14
4.739999999999999769e-01 4.101898554416625000e+12 -1.012197886156262500e+14 -1.010780177865334219e+14
4.754999999999999782e-01 1.246576514990218750e+12 -1.011645249286165781e+14 -1.010342908291655469e+14
4.769999999999999796e-01 2.496067057063703125e+12 -1.010677005843477969e+14 -1.009153373864267031e+14
4.784999999999999809e-01 3.093795585735687500e+12 -1.009828469551637812e+14 -1.008448184878657500e+14
4.799999999999999822e-01 5.458282005928078125e+12 -1.008787495292525156e+14 -1.007206607728247500e+14
4.814999999999999836e-01 3.040057300204140625e+12 -1.008166278498239688e+14 -1.006729787650366875e+14
4.829999999999999849e-01 2.937235012486234375e+12 -1.007296331373165156e+14 -1.005565970140103281e+14
4.844999999999999862e-01 3.075741402723781250e+12 -1.006491649368791875e+14 -1.005106520680854531e+14
4.859999999999999876e-01 1.483228128085156250e+12 -1.005729113967990469e+14 -1.004531527207559062e+14
4.874999999999999889e-01 2.841006050109250000e+12 -1.004831051268204531e+14 -1.003458086680810625e+14
4.889999999999999902e-01 2.376405137350921875e+12 -1.004025576277073125e+14 -1.002661824310565625e+14
4.904999999999999916e-01 8.266368892812500000e+10 -1.003254255655090469e+14 -1.001813050370473125e+14
4.919999999999999929e-01 6.487914183634531250e+11 -1.002394757321098281e+14 -1.001066758106990312e+14
4.934999999999999942e-01 -3.355264188876718750e+11 -1.001713144936848438e+14 -1.000579725827380156e+14
4.949999999999999956e-01 1.217843182858125000e+12 -1.000708239600769531e+14 -9.993742615872567188e+13
4.964999999999999969e-01 3.302902043285937500e+10 -9.999521509474015625e+13 -9.989163824557145312e+13
4.979999999999999982e-01 1.161994147613750000e+12 -9.989810465550856250e+13 -9.976958692566053125e+13
4.994999999999999996e-01 3.170410660061296875e+12 -9.981303163838742188e+13 -9.970252298322992188e+13
5.010000000000000009e-01 4.009329554522046875e+12 -9.970814218095718750e+13 -9.955840760059120312e+13
5.024999999999999467e-01 2.285523922215250000e+12 -9.963664171998621875e+13 -9.952004197875189062e+13
5.040000000000000036e-01 4.342914436101125000e+12 -9.953835698800923438e+13 -9.939131431917150000e+13
5.054999999999999494e-01 2.970541801005765625e+12 -9.946706161571414062e+13 -9.936171344537932812e+13
5.070000000000000062e-01 -7.215301704855937500e+11 -9.940897835630520312e+13 -9.930382646012596875e+13
5.084999999999999520e-01 3.842663122475843750e+12 -9.928973795554479688e+13 -9.918165015943018750e+13
5.100000000000000089e-01 1.380271809447250000e+12 -9.922263902447940625e+13 -9.912286865448531250e+13
5.114999999999999547e-01 4.540051013041093750e+11 -9.913818990990901562e+13 -9.901194889959373438e+13
5.130000000000000115e-01 3.964851557335578125e+12 -9.902974718686989062e+13 -9.889551687800507812e+13
5.144999999999999574e-01 2.682037408440125000e+12 -9.894935041246728125e+13 -9.881174519788300000e+13
5.160000000000000142e-01 4.619503801649640625e+12 -9.885096050601015625e+13 -9.873723059715762500e+13
5.174999999999999600e-01 3.645147073917437500e+12 -9.877951397124490625e+13 -9.868684923272826562e+13
5.190000000000000169e-01 2.045352021428515625e+12 -9.869741660779760938e+13 -9.858100841696462500e+13
5.204999999999999627e-01 4.138977884502343750e+11 -9.862271928157289062e+13 -9.847044594332537500e+13
5.220000000000000195e-01 2.615620318940531250e+12 -9.851580145271623438e+13 -9.838543812175009375e+13
5.234999999999999654e-01 9.556810375743281250e+11 -9.845488271946734375e+13 -9.836577210763956250e+13
5.250000000000000222e-01 4.570122910868781250e+12 -9.832946419070021875e+13 -9.818317077862467188e+13
5.264999999999999680e-01 -2.486792357525156250e+11 -9.827599058870896875e+13 -9.815164321879232812e+13
5.280000000000000249e-01 -4.723262750051875000e+11 -9.818331788243254688e+13 -9.803544662809740625e+13
5.294999999999999707e-01 1.544432545617687500e+12 -9.808597291365360938e+13 -9.792915749068567188e+13
5.310000000000000275e-01 1.494407674422953125e+12 -9.800661539128818750e+13 -9.790903138277553125e+13
5.324999999999999734e-01 1.862546270487937500e+12 -9.792104733187750000e+13 -9.779892586863260938e+13
5.340000000000000302e-01 5.992244651782031250e+12 -9.779799032056612500e+13 -9.767930246327115625e+13
5.354999999999999760e-01 1.147066350505671875e+12 -9.772788740291346875e+13 -9.760765221274409375e+13
5.370000000000000329e-01 2.736165299615906250e+12 -9.762211313645062500e+13 -9.750510147517901562e+13
5.384999700000000500e-01 2.880697872360687500e+12 -9.751717509342532812e+13 -9.736684690183256250e+13
5.400000000000000355e-01 6.602254429217968750e+11 -9.743829410000848438e+13 -9.728214292789498438e+13
5.415000300000000211e-01 1.965533498755421875e+12 -9.734501451309479688e+13 -9.724942221705278125e+13
5.430000000000000382e-01 1.583399763363312500e+12 -9.725455975703460938e+13 -9.712127463239001562e+13
5.444999700000000553e-01 5.336044590904531250e+12 -9.713414633784435938e+13 -9.698551503578550000e+13
5.460000000000000409e-01 5.355578998441109375e+12 -9.704419867449953125e+13 -9.689524596213489062e+13
5.475000300000000264e-01 2.043307158047875000e+12 -9.697481721585853125e+13 -9.686809733663153125e+13
5.490000000000000435e-01 8.895355161979375000e+11 -9.688665473405859375e+13 -9.675099416775132812e+13
5.504999699999999496e-01 4.172292806247875000e+12 -9.676470795161164062e+13 -9.662492621308917188e+13
5.520000000000000462e-01 3.846527608142890625e+12 -9.667953472156557812e+13 -9.651674069421010938e+13
5.535000300000000317e-01 5.511051872336546875e+12 -9.657782968334495312e+13 -9.644914896230701562e+13
5.550000000000000488e-01 2.962306059512906250e+12 -9.649766879528248438e+13 -9.632047230126832812e+13
5.564999699999999550e-01 3.046009420839156250e+12 -9.640799664544332812e+13 -9.625036427301479688e+13
5.580000000000000515e-01 3.064669043252093750e+12 -9.631793541915582812e+13 -9.618467486670071875e+13
5.595000300000000371e-01 2.536611069403609375e+12 -9.622079791024115625e+13 -9.609295251363442188e+13
5.610000000000000542e-01 1.462283590569234375e+12 -9.615633370255293750e+13 -9.604396107130668750e+13
5.624999699999999603e-01 9.524171931061718750e+11 -9.608353701875007812e+13 -9.599348943510051562e+13
5.639999999999999458e-01 2.519129407579734375e+12 -9.598270158556981250e+13 -9.585766749446320312e+13
5.655000300000000424e-01 2.918240717013000000e+12 -9.590012046708395312e+13 -9.577722827349681250e+13
5.669999999999999485e-01 2.863765621005515625e+12 -9.581242913041520312e+13 -9.567831572363356250e+13
5.684999699999999656e-01 3.864996067980312500e+12 -9.572093832204964062e+13 -9.563810852653785938e+13
5.699999999999999512e-01 3.006281902078093750e+12 -9.564479686472740625e+13 -9.554773138575142188e+13
5.715000300000000477e-01 4.349680785206843750e+12 -9.553840759145193750e+13 -9.538805105733371875e+13
5.729999999999999538e-01 3.427185969289343750e+12 -9.545912717797015625e+13 -9.533491020967289062e+13
5.744999699999999709e-01 3.628282284574437500e+12 -9.536908860010160938e+13 -9.526388259743457812e+13
5.759999999999999565e-01 2.243871160700937500e+12 -9.528873371832364062e+13 -9.518489727935764062e+13
5.775000300000000530e-01 3.502693772756453125e+12 -9.518876845573262500e+13 -9.504824569451500000e+13
5.789999999999999591e-01 3.125663201302078125e+12 -9.510144878480020312e+13 -9.497470649315181250e+13
5.804999699999999763e-01 1.126866694358296875e+12 -9.502836529447251562e+13 -9.492647352545212500e+13
5.819999999999999618e-01 2.515146232320281250e+12 -9.492569629692793750e+13 -9.481768538099703125e+13
5.835000299999999473e-01 2.941035294859421875e+12 -9.483710339567867188e+13 -9.473487840696689062e+13
5.849999999999999645e-01 4.134110024462875000e+12 -9.474380296597107812e+13 -9.464733567029595312e+13
5.864999699999999816e-01 6.420827850123843750e+12 -9.463303262880204688e+13 -9.450873201971868750e+13
5.879999999999999671e-01 5.375473603687046875e+12 -9.455714131382251562e+13 -9.444494742683653125e+13
5.895000299999999527e-01 4.238026515257421875e+12 -9.447723244862909375e+13 -9.439450414882770312e+13
5.909999999999999698e-01 4.706567417978921875e+12 -9.437989912719267188e+13 -9.431022977600304688e+13
5.924999699999999869e-01 5.319452426552187500e+12 -9.428645029107996875e+13 -9.420474869276235938e+13
5.939999999999999725e-01 1.954903134711750000e+12 -9.421326992556075000e+13 -9.413672944045515625e+13
5.955000299999999580e-01 -6.266135811313281250e+11 -9.414019606530085938e+13 -9.408576220832976562e+13
5.969999999999999751e-01 1.829524409656890625e+12 -9.402756798191212500e+13 -9.393327196637460938e+13
5.984999699999999923e-01 4.247193001780437500e+12 -9.392881195045250000e+13 -9.380461825422887500e+13
5.999999999999999778e-01 4.393582450725296875e+12 -9.383415510778498438e+13 -9.369304495422803125e+13
6.015000299999999633e-01 2.805468947761390625e+12 -9.375401653356226562e+13 -9.364746309083218750e+13
6.029999999999999805e-01 6.410475965781828125e+12 -9.363717398187253125e+13 -9.351538114457637500e+13
6.044999699999999976e-01 6.550603917691687500e+12 -9.354844305467150000e+13 -9.343574264255181250e+13
6.059999999999999831e-01 2.468806735252890625e+12 -9.348617497536667188e+13 -9.340541019719065625e+13
6.075000299999999687e-01 4.904300859500656250e+12 -9.337526776739373438e+13 -9.327126177165279688e+13
6.089999999999999858e-01 5.462939857203234375e+12 -9.329511536669150000e+13 -9.324488944299976562e+13
6.104999700000000029e-01 4.267054354560671875e+12 -9.319772928794971875e+13 -9.310432107818640625e+13
6.119999999999999885e-01 3.131788979656250000e+10 -9.312951555949506250e+13 -9.299356409226720312e+13
6.135000299999999740e-01 1.222450581050343750e+12 -9.303303315156393750e+13 -9.292011874037595312e+13
6.149999999999999911e-01 5.121719034499921875e+12 -9.291321500600601562e+13 -9.277782943586882812e+13
6.164999700000000082e-01 2.473122403195859375e+12 -9.284759679508026562e+13 -9.271371329211743750e+13
6.179999999999999938e-01 3.207145450140390625e+12 -9.274894016717560938e+13 -9.265448280726157812e+13
6.195000299999999793e-01 4.213390554083265625e+12 -9.265234958759125000e+13 -9.256814578631595312e+13
6.209999999999999964e-01 4.003293936809625000e+12 -9.256064966341937500e+13 -9.244860401130845312e+13
6.224999700000000136e-01 4.326422076011156250e+12 -9.246868569699781250e+13 -9.236664534640479688e+13
6.239999999999999991e-01 2.716085267930593750e+12 -9.239008012429151562e+13 -9.229077727595575000e+13
6.255000299999999847e-01 7.019775791294500000e+12 -9.226494264568968750e+13 -9.217121811774098438e+13
6.270000000000000018e-01 4.452738995370546875e+12 -9.219524352977585938e+13 -9.208994504553496875e+13
6.284999700000000189e-01 5.610410409838171875e+12 -9.209969698880215625e+13 -9.200262429418323438e+13
6.300000000000000044e-01 4.561692480640796875e+12 -9.200987976600200000e+13 -9.188447802380265625e+13
6.315000299999999900e-01 5.360939670376625000e+12 -9.191424337619100000e+13 -9.179386452322062500e+13
6.330000000000000071e-01 3.932151821748281250e+12 -9.183201266618820312e+13 -9.172436792788540625e+13
6.344999700000000242e-01 3.582791750645312500e+12 -9.174071502601673438e+13 -9.167440482747623438e+13
6.360000000000000098e-01 4.787176998487781250e+12 -9.164516018667729688e+13 -9.154729398802021875e+13
6.375000299999999953e-01 5.320102494514859375e+12 -9.154535216338842188e+13 -9.143557731528314062e+13
6.390000000000000124e-01 3.826379022760859375e+12 -9.146365221941203125e+13 -9.134639854157565625e+13
6.404999700000000296e-01 5.431659752192656250e+12 -9.135587423929125000e+13 -9.119866015746765625e+13
6.420000000000000151e-01 4.710702723423359375e+12 -9.127773484659889062e+13 -9.118394061077223438e+13
6.435000300000000006e-01 2.542088932052875000e+12 -9.119776317877028125e+13 -9.113200349261626562e+13
6.450000000000000178e-01 3.147339578000531250e+12 -9.109792069365684375e+13 -9.100465105457414062e+13
6.464999700000000349e-01 2.483833905626421875e+12 -9.101323474541875000e+13 -9.092220457754979688e+13
6.480000000000000204e-01 1.922928239809437500e+12 -9.092314337110304688e+13 -9.084718059247371875e+13
6.495000300000000060e-01 5.236856252908671875e+12 -9.081161581312707812e+13 -9.073340389908954688e+13
6.510000000000000231e-01 5.170440191900140625e+12 -9.072776333619159375e+13 -9.063467781518131250e+13
6.524999700000000402e-01 5.827509363542546875e+12 -9.062835749155656250e+13 -9.054668885117564062e+13
6.540000000000000258e-01 5.243715042260140625e+12 -9.053842593079634375e+13 -9.045356604772784375e+13
6.555000300000000113e-01 4.200058041313406250e+12 -9.044900180905770312e+13 -9.038784802164356250e+13
6.570000000000000284e-01 2.053470284139359375e+12 -9.036766882001931250e+13 -9.026855210493553125e+13
6.584999700000000455e-01 3.271224138166828125e+12 -9.026455056509710938e+13 -9.014442016426493750e+13
6.600000000000000311e-01 2.507818110724890625e+12 -9.018490971155806250e+13 -9.009940490602404688e+13
6.615000300000000166e-01 4.117309398242718750e+12 -9.007884636464609375e+13 -9.000860916619201562e+13
6.630000000000000338e-01 2.791298563502390625e+12 -8.999639671914687500e+13 -8.992905689386193750e+13
6.644999700000000509e-01 4.566895862826281250e+12 -8.989308005763935938e+13 -8.982109595852848438e+13
6.660000000000000364e-01 4.437524845270593750e+12 -8.980181095015564062e+13 -8.971293171561131250e+13
6.675000300000000220e-01 2.460427016550500000e+12 -8.971937210311706250e+13 -8.963412621565381250e+13
6.690000000000000391e-01 4.923343550827640625e+12 -8.961377294488104688e+13 -8.952401314187404688e+13
6.704999699999999452e-01 4.585490092390453125e+12 -8.952206624255271875e+13 -8.942918390798060938e+13
6.720000000000000417e-01 3.986671782162937500e+12 -8.943218133618893750e+13 -8.934743738011673438e+13
6.735000300000000273e-01 4.510085783860906250e+12 -8.933646423423143750e+13 -8.922878211759804688e+13
6.750000000000000444e-01 4.419535312242890625e+12 -8.924545627983396875e+13 -8.916202548410365625e+13
6.764999699999999505e-01 4.307410158164468750e+12 -8.915552360464012500e+13 -8.905573980011562500e+13
6.780000000000000471e-01 5.706014530840375000e+12 -8.905517092876618750e+13 -8.896045053374787500e+13
6.795000300000000326e-01 5.970741208448593750e+12 -8.896000265124984375e+13 -8.887586591428362500e+13
6.810000000000000497e-01 4.751059052363546875e+12 -8.887492639908864062e+13 -8.878808628790614062e+13
6.824999699999999558e-01 6.371520247479656250e+12 -8.876477571951381250e+13 -8.865416491858800000e+13
6.840000000000000524e-01 4.850186290616343750e+12 -8.868452095253203125e+13 -8.858123665109732812e+13
6.855000300000000379e-01 6.141843049353812500e+12 -8.858241075614095312e+13 -8.849788638963517188e+13
6.870000000000000551e-01 3.637957946984218750e+12 -8.851723186488200000e+13 -8.846225967327618750e+13
6.884999699999999612e-01 4.724448624331859375e+12 -8.841544918949934375e+13 -8.832573627733720312e+13
6.899999999999999467e-01 4.428353156410031250e+12 -8.831937745353831250e+13 -8.819543448465564062e+13
6.915000300000000433e-01 3.741553371955500000e+12 -8.823458970769860938e+13 -8.815432226717098438e+13
6.929999999999999494e-01 4.719109505627406250e+12 -8.813296036309046875e+13 -8.802102751769781250e+13
6.944999699999999665e-01 4.733654976334375000e+12 -8.804094735967373438e+13 -8.794508877823782812e+13
6.959999999999999520e-01 2.681990179270250000e+12 -8.795990101746810938e+13 -8.787394329491043750e+13
6.975000300000000486e-01 4.235191893381625000e+12 -8.786171034479648438e+13 -8.781912788883917188e+13
6.989999999999999547e-01 3.995742141307515625e+12 -8.777056787459885938e+13 -8.771148976547043750e+13
7.004999699999999718e-01 3.976335799454921875e+12 -8.767162016390001562e+13 -8.758548220194887500e+13
7.019999999999999574e-01 4.883313507656625000e+12 -8.757884763175210938e+13 -8.748927968250681250e+13
7.035000300000000539e-01 5.672506366013468750e+12 -8.747755883044446875e+13 -8.737316158650818750e+13
7.049999999999999600e-01 4.958712093500968750e+12 -8.739835454984314062e+13 -8.733906424014000000e+13
7.064999699999999772e-01 4.802476336768437500e+12 -8.730121378457429688e+13 -8.720507149619212500e+13
7.079999999999999627e-01 5.763107473728031250e+12 -8.720758548484707812e+13 -8.712996029142235938e+13
7.095000299999999482e-01 4.420752267756828125e+12 -8.712139747278206250e+13 -8.704814088528668750e+13
7.109999999999999654e-01 5.929284114095093750e+12 -8.702256782565948438e+13 -8.695268974087073438e+13
7.124999699999999825e-01 5.524008838930703125e+12 -8.693843063361210938e+13 -8.686147350471498438e+13
7.139999999999999680e-01 5.069087427428593750e+12 -8.684083535669576562e+13 -8.676845541564690625e+13
7.155000299999999536e-01 6.985421929185640625e+12 -8.674375538546457812e+13 -8.667383730044496875e+13
7.169999999999999707e-01 8.854061982002265625e+12 -8.663922323935864062e+13 -8.656124320098229688e+13
7.184999699999999878e-01 5.558016693249437500e+12 -8.656266583386065625e+13 -8.648688065105592188e+13
7.199999999999999734e-01 4.900590758065796875e+12 -8.648174774589784375e+13 -8.643937751218384375e+13
7.215000299999999589e-01 4.888400742220593750e+12 -8.638695868275351562e+13 -8.633611273381470312e+13
7.229999999999999760e-01 5.092954158749953125e+12 -8.628330842715506250e+13 -8.620226635593765625e+13
7.244999699999999931e-01 8.590754864743625000e+12 -8.616570463042467188e+13 -8.608390168807684375e+13
7.259999999999999787e-01 8.634401692746187500e+12 -8.606412130334967188e+13 -8.597914137625137500e+13
7.275000299999999642e-01 6.418241432982468750e+12 -8.597935376497365625e+13 -8.589066066368129688e+13
7.289999999999999813e-01 5.220221209581359375e+12 -8.589081982387617188e+13 -8.582166326004489062e+13
7.304999699999999985e-01 5.022679680425578125e+12 -8.579407185383140625e+13 -8.572338665712531250e+13
7.319999999999999840e-01 4.364127014637859375e+12 -8.570052414405240625e+13 -8.562937357087914062e+13
7.335000299999999696e-01 3.323670646792765625e+12 -8.560480847213068750e+13 -8.553446011377175000e+13
7.349999999999999867e-01 2.171532883561468750e+12 -8.550643113044093750e+13 -8.543493669829495312e+13
7.364999700000000038e-01 5.729928642446296875e+12 -8.538266615945906250e+13 -8.530302825669278125e+13
7.379999999999999893e-01 6.653143452149281250e+12 -8.528332371053337500e+13 -8.518432766786871875e+13
7.395000299999999749e-01 7.736036084358234375e+12 -8.517169412728287500e+13 -8.506621083157445312e+13
7.409999999999999920e-01 6.647357728054015625e+12 -8.508599454616756250e+13 -8.501292753723117188e+13
7.424999700000000091e-01 5.507962101396781250e+12 -8.499371346482401562e+13 -8.493878372200057812e+13
7.439999999999999947e-01 4.018197073051000000e+12 -8.490412237868473438e+13 -8.484236104713564062e+13
7.455000299999999802e-01 4.707405274691390625e+12 -8.480112559948360938e+13 -8.472648831062812500e+13
7.469999999999999973e-01 6.852522711146218750e+12 -8.469259582225895312e+13 -8.459425488630062500e+13
7.484999700000000145e-01 6.676990951501484375e+12 -8.460668548788979688e+13 -8.453054990219590625e+13
7.500000000000000000e-01 5.298984035884359375e+12 -8.451219664576603125e+13 -8.446069476671418750e+13
7.515000299999999855e-01 7.973171287694515625e+12 -8.439959910825876562e+13 -8.433155056815745312e+13
7.530000000000000027e-01 6.813795169777203125e+12 -8.431425267906496875e+13 -8.424661146525828125e+13
7.544999700000000198e-01 5.669877561946109375e+12 -8.422780667423137500e+13 -8.416522590133300000e+13
7.560000000000000053e-01 5.275005238844812500e+12 -8.413486419914715625e+13 -8.406599459255173438e+13
7.575000299999999909e-01 5.955459402119453125e+12 -8.402520245274156250e+13 -8.395177039294412500e+13
7.590000000000000080e-01 3.725195184049890625e+12 -8.394926276421278125e+13 -8.390831357878729688e+13
7.604999700000000251e-01 5.168754048132328125e+12 -8.385299817684940625e+13 -8.382381445478026562e+13
7.620000000000000107e-01 5.737538438298906250e+12 -8.375412635803179688e+13 -8.369241094224068750e+13
7.635000299999999962e-01 4.854340071898140625e+12 -8.366406198895959375e+13 -8.360258746296618750e+13
7.650000000000000133e-01 5.851273350454484375e+12 -8.356142858492589062e+13 -8.347408142856335938e+13
7.664999700000000304e-01 7.076827870483265625e+12 -8.345909731920153125e+13 -8.337524134225231250e+13
7.680000000000000160e-01 5.443712453884625000e+12 -8.337156373647595312e+13 -8.328935426957160938e+13
7.695000300000000015e-01 3.920340603761359375e+12 -8.328930644940157812e+13 -8.321164532944231250e+13
7.710000000000000187e-01 3.525251093441062500e+12 -8.319991775717554688e+13 -8.314807334093542188e+13
7.724999700000000358e-01 3.792946867646625000e+12 -8.309290076518081250e+13 -8.304464538374003125e+13
7.740000000000000213e-01 3.478143047973671875e+12 -8.298765544323003125e+13 -8.291813762054228125e+13
7.755000300000000069e-01 3.868157866305890625e+12 -8.288227884412537500e+13 -8.279805389429898438e+13
7.770000000000000240e-01 6.069849154820156250e+12 -8.277068499280604688e+13 -8.269195652107421875e+13
7.784999700000000411e-01 7.486810486495437500e+12 -8.266041445322787500e+13 -8.254417103040981250e+13
7.800000000000000266e-01 6.973452034393312500e+12 -8.256586081592920312e+13 -8.246858840184768750e+13
7.815000300000000122e-01 8.361956145353484375e+12 -8.245723798154962500e+13 -8.238155955992446875e+13
7.830000000000000293e-01 4.421971124738359375e+12 -8.239104724700378125e+13 -8.234583142806850000e+13
7.844999700000000464e-01 4.381707007616328125e+12 -8.229408584837442188e+13 -8.225881663072659375e+13
7.860000000000000320e-01 5.313258155748734375e+12 -8.218574213843834375e+13 -8.211173778931400000e+13
7.875000300000000175e-01 3.433172518211953125e+12 -8.210317239611420312e+13 -8.201358953887389062e+13
7.890000000000000346e-01 4.545726202137984375e+12 -8.199657459410262500e+13 -8.192907751980609375e+13
7.904999700000000518e-01 4.705079209345593750e+12 -8.190284317907757812e+13 -8.185945066427365625e+13
7.920000000000000373e-01 6.000561794270890625e+12 -8.179929566432557812e+13 -8.175936644145007812e+13
7.935000300000000228e-01 5.577984064667031250e+12 -8.170745012147442188e+13 -8.166030311046114062e+13
7.950000000000000400e-01 5.929767717388671875e+12 -8.159885415621593750e+13 -8.152923598625345312e+13
7.964999699999999461e-01 6.735376452851109375e+12 -8.150320787163935938e+13 -8.144455149842284375e+13
7.980000000000000426e-01 7.360508337890234375e+12 -8.139988445877684375e+13 -8.132860432905951562e+13
7.995000300000000282e-01 7.302592711341234375e+12 -8.130453224513032812e+13 -8.122941185489496875e+13
8.010000000000000453e-01 6.649298520574968750e+12 -8.121503827009014062e+13 -8.116041355611282812e+13
8.024999699999999514e-01 4.267456390536437500e+12 -8.113811283941434375e+13 -8.106488201588131250e+13
8.040000000000000480e-01 6.620029620094843750e+12 -8.102808282399681250e+13 -8.097985385657629688e+13
8.055000300000000335e-01 4.891290166264718750e+12 -8.094292725819121875e+13 -8.086172039729029688e+13
8.070000000000000506e-01 4.933991197151875000e+12 -8.085042281959376562e+13 -8.078939447169018750e+13
8.084999699999999567e-01 6.802905188864078125e+12 -8.073933973194939062e+13 -8.066489182663550000e+13
8.100000000000000533e-01 4.571456975706140625e+12 -8.066579403465850000e+13 -8.057552670976231250e+13
8.115000300000000388e-01 6.689636827675359375e+12 -8.055147068875806250e+13 -8.049573383401728125e+13
8.129999999999999449e-01 4.854941807831093750e+12 -8.047300255372392188e+13 -8.040044928556415625e+13
8.144999699999999621e-01 4.688278359925734375e+12 -8.037542220130395312e+13 -8.032282805159248438e+13
8.159999999999999476e-01 4.897609442720328125e+12 -8.028269746866589062e+13 -8.021286564633267188e+13
8.175000300000000442e-01 8.277601270532140625e+12 -8.016486923614515625e+13 -8.008859031267921875e+13
8.189999999999999503e-01 7.128259285891156250e+12 -8.007788883050059375e+13 -8.001340637815392188e+13
8.204999699999999674e-01 6.842874317040656250e+12 -7.998412114512384375e+13 -7.990244297056006250e+13
8.219999999999999529e-01 8.217167850522234375e+12 -7.988147315271467188e+13 -7.981217162596653125e+13
8.235000300000000495e-01 5.659636381386828125e+12 -7.980639525603965625e+13 -7.972972163907139062e+13
8.249999999999999556e-01 6.513574804806156250e+12 -7.970883599778001562e+13 -7.964244874570701562e+13
8.264999699999999727e-01 6.214933703737687500e+12 -7.961500776971156250e+13 -7.952746186897332812e+13
8.279999999999999583e-01 1.071040253805484375e+13 -7.948295783587900000e+13 -7.937231700227712500e+13
8.295000300000000548e-01 4.206696304779468750e+12 -7.944773512582290625e+13 -7.938663052612493750e+13
8.309999999999999609e-01 6.597455386238531250e+12 -7.933080877821001562e+13 -7.929548939775910938e+13
8.324999699999999780e-01 6.455019785140734375e+12 -7.924240447708850000e+13 -7.916733639484735938e+13
8.339999999999999636e-01 6.678150208657281250e+12 -7.914810968341296875e+13 -7.909276869227876562e+13
8.355000299999999491e-01 8.542854133095984375e+12 -7.904227320206910938e+13 -7.896206990058990625e+13
8.369999999999999662e-01 7.842754214245140625e+12 -7.895524578262475000e+13 -7.887346708743745312e+13
8.384999699999999834e-01 7.234362750342781250e+12 -7.887372559392532812e+13 -7.881982320264359375e+13
8.399999999999999689e-01 7.382269371688968750e+12 -7.878354309772810938e+13 -7.872683319295081250e+13
8.415000299999999545e-01 5.769239754263453125e+12 -7.870508024380875000e+13 -7.865214765227390625e+13
8.429999999999999716e-01 5.646562594382984375e+12 -7.860298247688682812e+13 -7.850338692913687500e+13
8.444999699999999887e-01 7.213916939912843750e+12 -7.850655584104431250e+13 -7.843467488445723438e+13
8.459999999999999742e-01 5.805400114287468750e+12 -7.842742271528782812e+13 -7.839347584546721875e+13
8.475000299999999598e-01 5.470831976487375000e+12 -7.833739037425264062e+13 -7.830032491655164062e+13
8.489999999999999769e-01 4.044466736064218750e+12 -7.825457700165885938e+13 -7.819715296491581250e+13
8.504999699999999940e-01 5.921790970733468750e+12 -7.814447884987731250e+13 -7.806788655515523438e+13
8.519999999999999796e-01 5.267289616726125000e+12 -7.806367125784404688e+13 -7.801311670820357812e+13
8.535000299999999651e-01 5.598261612020234375e+12 -7.797002110900665625e+13 -7.788159004606310938e+13
8.549999999999999822e-01 7.440094821198421875e+12 -7.786248206999951562e+13 -7.776955169614689062e+13
8.564999699999999994e-01 5.411478328772562500e+12 -7.779152854618051562e+13 -7.773436604940854688e+13
8.579999999999999849e-01 5.067937894801109375e+12 -7.768797662718834375e+13 -7.763219845043225000e+13
8.595000299999999704e-01 6.527775620646750000e+12 -7.755950552383528125e+13 -7.750578302524946875e+13
8.609999999999999876e-01 6.433269231306062500e+12 -7.744778779766862500e+13 -7.735014443886759375e+13
8.624999700000000047e-01 5.959943052095578125e+12 -7.735203190574301562e+13 -7.728965873967668750e+13
8.639999999999999902e-01 7.691780228338328125e+12 -7.724609063589260938e+13 -7.721776585702589062e+13
8.655000299999999758e-01 8.691851822969640625e+12 -7.713741493369260938e+13 -7.709809423003893750e+13
8.669999999999999929e-01 7.730031836447187500e+12 -7.704323738436145312e+13 -7.699367490978604688e+13
8.684999700000000100e-01 7.324823089514609375e+12 -7.693985288165390625e+13 -7.688250230145617188e+13
8.699999999999999956e-01 8.851259167487234375e+12 -7.683348231298175000e+13 -7.673753237673904688e+13
8.715000299999999811e-01 1.064873055614384375e+13 -7.671835081846704688e+13 -7.665107545725948438e+13
8.729999999999999982e-01 5.980009078753843750e+12 -7.665375262553021875e+13 -7.654986192839623438e+13
8.744999700000000153e-01 9.047994351921265625e+12 -7.651299597008956250e+13 -7.635052021109325000e+13
8.760000000000000009e-01 5.792831304695593750e+12 -7.646620175789421875e+13 -7.639603916442112500e+13
8.775000299999999864e-01 9.841821009308921875e+12 -7.634030412197390625e+13 -7.632206089641946875e+13
8.790000000000000036e-01 8.392424039924906250e+12 -7.624756588509185938e+13 -7.618092324692946875e+13
8.804999700000000207e-01 6.038494299356375000e+12 -7.617192480984225000e+13 -7.609772277810348438e+13
8.820000000000000062e-01 7.140155182810718750e+12 -7.606623871060779688e+13 -7.598580671875123438e+13
8.835000299999999918e-01 7.461467097553218750e+12 -7.595831719325431250e+13 -7.579206195415578125e+13
8.850000000000000089e-01 1.020835140923901562e+13 -7.585011129649215625e+13 -7.575750510652579688e+13
8.864999700000000260e-01 7.633438023700421875e+12 -7.578467433979743750e+13 -7.571490110935168750e+13
8.880000000000000115e-01 6.311196806402218750e+12 -7.570837979286012500e+13 -7.565727195725268750e+13
8.895000299999999971e-01 7.370206699077453125e+12 -7.557845905459073438e+13 -7.546652016365939062e+13
8.910000000000000142e-01 7.166371231407343750e+12 -7.549069413933946875e+13 -7.539089009634496875e+13
8.924999700000000313e-01 7.726968270098781250e+12 -7.538493656224764062e+13 -7.528977046584862500e+13
8.940000000000000169e-01 8.219508348409484375e+12 -7.528890776489684375e+13 -7.515107294985412500e+13
8.955000300000000024e-01 9.273854668698000000e+12 -7.519318474564106250e+13 -7.512206754210785938e+13
8.970000000000000195e-01 8.247780063896562500e+12 -7.510458314438564062e+13 -7.504096370893770312e+13
8.984999700000000367e-01 1.116271329265792188e+13 -7.498909185864335938e+13 -7.494517827907687500e+13
9.000000000000000222e-01 1.065327127227751562e+13 -7.489450504063829688e+13 -7.482893196444540625e+13
9.015000300000000077e-01 6.242749637046093750e+12 -7.483965507426873438e+13 -7.481048675857237500e+13
9.030000000000000249e-01 5.378247090550656250e+12 -7.474724288863937500e+13 -7.466977028547781250e+13
9.044999700000000420e-01 1.138667629239037500e+13 -7.460096084746051562e+13 -7.447547171580771875e+13
9.060000000000000275e-01 8.804743926808781250e+12 -7.453552863747532812e+13 -7.451823037945514062e+13
9.075000300000000131e-01 6.434956313800187500e+12 -7.445265615730609375e+13 -7.441717382900246875e+13
9.090000000000000302e-01 7.451451449481171875e+12 -7.435426036178846875e+13 -7.425870336389168750e+13
9.104999700000000473e-01 7.642381249827218750e+12 -7.426438791611270312e+13 -7.421857486729487500e+13
9.120000000000000329e-01 7.089307010340640625e+12 -7.417640926820251562e+13 -7.412454981395576562e+13
9.135000300000000184e-01 9.734130648479062500e+12 -7.404975466038640625e+13 -7.404392797453551562e+13
9.150000000000000355e-01 3.802217023042171875e+12 -7.400701321686240625e+13 -7.397510165673048438e+13
9.164999700000000527e-01 6.530227537111000000e+12 -7.388252867214098438e+13 -7.380995620560390625e+13
9.180000000000000382e-01 3.246294882193609375e+12 -7.382542449213598438e+13 -7.377994340623087500e+13
9.195000300000000237e-01 3.827419186413796875e+12 -7.371431330155685938e+13 -7.363699866247062500e+13
9.210000000000000409e-01 5.919097718608453125e+12 -7.360875305820842188e+13 -7.348992658689564062e+13
9.224999699999999470e-01 9.911097240500765625e+12 -7.347498035522014062e+13 -7.338836403731196875e+13
9.240000000000000435e-01 9.499295374428531250e+12 -7.340182752628840625e+13 -7.335585933031290625e+13
9.255000300000000291e-01 7.437338058584218750e+12 -7.331065237156270312e+13 -7.322057861224743750e+13
9.270000000000000462e-01 8.560779262217656250e+12 -7.319919685712700000e+13 -7.310290941081060938e+13
9.284999699999999523e-01 6.912207177873000000e+12 -7.312306602925868750e+13 -7.303589239502442188e+13
9.300000000000000488e-01 7.362935536475031250e+12 -7.301536760285160938e+13 -7.294182568326517188e+13
9.315000300000000344e-01 8.218393953512890625e+12 -7.291976124209050000e+13 -7.278993514066062500e+13
9.330000000000000515e-01 6.402335621334906250e+12 -7.284922081973240625e+13 -7.278412141907950000e+13
9.344999699999999576e-01 5.940541773435906250e+12 -7.276877145129275000e+13 -7.273922025147968750e+13
9.360000000000000542e-01 9.203364786427906250e+12 -7.264268593588898438e+13 -7.258797142724389062e+13
9.375000300000000397e-01 6.830161894396093750e+12 -7.255793769662071875e+13 -7.246545893967587500e+13
9.389999999999999458e-01 8.011970561356625000e+12 -7.243908944427129688e+13 -7.235576046928034375e+13
9.404999699999999629e-01 8.876476590590218750e+12 -7.234644919179164062e+13 -7.229175310145435938e+13
9.419999999999999485e-01 8.413698648016968750e+12 -7.225038013855392188e+13 -7.219758980136126562e+13
9.435000300000000450e-01 3.843783880168406250e+12 -7.220378288750239062e+13 -7.217363211759821875e+13
9.449999999999999512e-01 3.103571864020968750e+12 -7.211795806667451562e+13 -7.205265476451973438e+13
9.464999699999999683e-01 8.203631753606171875e+12 -7.199575811039996875e+13 -7.193620912098062500e+13
9.479999999999999538e-01 5.271472432142406250e+12 -7.192864768327762500e+13 -7.185333435585068750e+13
9.495000300000000504e-01 5.159441104907015625e+12 -7.182362683684309375e+13 -7.179401691513095312e+13
9.509999999999999565e-01 6.301037592632875000e+12 -7.172822165285756250e+13 -7.174950498263245312e+13
9.524999699999999736e-01 9.796245070764312500e+12 -7.158376330839190625e+13 -7.146886275356281250e+13
9.539999999999999591e-01 9.233774741445812500e+12 -7.149788428349857812e+13 -7.139347479680475000e+13
9.555000299999999447e-01 8.309965044887906250e+12 -7.143207895085303125e+13 -7.136313402421292188e+13
9.569999999999999618e-01 1.040537580884189062e+13 -7.131373766945545312e+13 -7.120954508542198438e+13
9.584999699999999789e-01 9.640634641542156250e+12 -7.123070167928504688e+13 -7.116687834233523438e+13
9.599999999999999645e-01 1.188034157425314062e+13 -7.109621318111870312e+13 -7.101881533461829688e+13
9.615000299999999500e-01 9.539396187719828125e+12 -7.103300948035892188e+13 -7.095862833599375000e+13
9.629999999999999671e-01 1.107498136155920312e+13 -7.091541688944617188e+13 -7.080059369150993750e+13
9.644999699999999843e-01 1.107309682895946875e+13 -7.081513376844295312e+13 -7.068228208075289062e+13
9.659999999999999698e-01 5.233848409751109375e+12 -7.080501039866754688e+13 -7.075175830366350000e+13
9.675000299999999553e-01 8.653170203028656250e+12 -7.063371320249865625e+13 -7.048973057299101562e+13
9.689999999999999725e-01 9.310365284600218750e+12 -7.053811204483520312e+13 -7.038008448052660938e+13
9.704999699999999896e-01 1.096623172850340625e+13 -7.041248693573334375e+13 -7.027259403730602344e+13
9.719999999999999751e-01 6.046683100119421875e+12 -7.039100617924284375e+13 -7.035329046860135938e+13
9.735000299999999607e-01 7.372606816640968750e+12 -7.027858935837576562e+13 -7.022736587746380469e+13
9.749999999999999778e-01 8.852577480943187500e+12 -7.016573080998564062e+13 -7.005098800254589844e+13
9.764999699999999949e-01 8.922092649487687500e+12 -7.006846553544704688e+13 -7.004545803537407031e+13
9.779999999999999805e-01 8.309991373480500000e+12 -6.998080437610287500e+13 -6.996879888969272656e+13
9.795000299999999660e-01 6.113799124708296875e+12 -6.990645805955432031e+13 -6.993426190367004688e+13
9.809999999999999831e-01 7.838177300846562500e+11 -6.984652600502354688e+13 -6.982056854209545312e+13
9.824999700000000002e-01 3.256212769814671875e+12 -6.973134002001604688e+13 -6.971582985465638281e+13
9.839999999999999858e-01 1.296585048666923438e+13 -6.952439831996243750e+13 -6.947826890962200781e+13
9.855000299999999713e-01 9.342704086096765625e+12 -6.947964207704785938e+13 -6.943183898424137500e+13
9.869999999999999885e-01 7.332702599418984375e+12 -6.936097082262886719e+13 -6.925545732089560938e+13
9.884999700000000056e-01 3.002151124970546875e+12 -6.933817084364806250e+13 -6.926448547794659375e+13
9.899999999999999911e-01 5.396972451234687500e+12 -6.921093508624594531e+13 -6.921549415914675781e+13
9.915000299999999767e-01 1.241342265857421875e+12 -6.915152837598395312e+13 -6.905922881833992188e+13
9.929999999999999938e-01 7.272257394854750000e+12 -6.896462379159244531e+13 -6.882939159178792188e+13
9.944999700000000109e-01 7.911884214242046875e+12 -6.887730590211135938e+13 -6.873843684491295312e+13
9.959999999999999964e-01 1.222207192151342188e+13 -6.875069250368620312e+13 -6.868836560007540625e+13
9.975000299999999820e-01 1.073046347957307812e+13 -6.865458170594896875e+13 -6.852827263456912500e+13
9.989999999999999991e-01 9.771319652486093750e+12 -6.857976441906117969e+13 -6.863007955236857031e+13
1.000499999999999945e+00 8.046427029292109375e+12 -6.846724903750545312e+13 -6.823935888145528125e+13
1.002000000000000002e+00 1.035204768179890625e+13 -6.833411047970824219e+13 -6.819594326838082812e+13
1.003500000000000059e+00 1.143874041692193750e+13 -6.820367635157959375e+13 -6.804621087068853125e+13
1.004999999999999893e+00 7.563302424112906250e+12 -6.816601873642575781e+13 -6.808635110434379688e+13
1.006499999999999950e+00 5.857993449206656250e+12 -6.808661730217792188e+13 -6.812430614375858594e+13
1.008000000000000007e+00 1.101128232164093750e+13 -6.790198289280498438e+13 -6.784445146649303906e+13
1.009500000000000064e+00 7.693030458307484375e+12 -6.784641528346714062e+13 -6.776140287514128125e+13
1.010999999999999899e+00 6.649589979928843750e+12 -6.776878146902360156e+13 -6.774680062709720312e+13
1.012499999999999956e+00 1.162043399889576562e+13 -6.758279691948085156e+13 -6.739908188296823438e+13
1.014000000000000012e+00 1.049602324493210938e+13 -6.747152665197450000e+13 -6.742154023129023438e+13
1.015500000000000069e+00 4.862821660455906250e+12 -6.743444198813707812e+13 -6.747980584693004688e+13
1.016999999999999904e+00 1.167534288752628125e+13 -6.724260924454534375e+13 -6.715408262308710156e+13
1.018499999999999961e+00 1.345030700717342188e+13 -6.710715772960035938e+13 -6.706541165983553125e+13
1.020000000000000018e+00 1.305303692334307812e+13 -6.702321181822856250e+13 -6.701328738391629688e+13
1.021500000000000075e+00 1.271466770073743750e+13 -6.687448158805586719e+13 -6.678653915198453125e+13
1.022999999999999909e+00 2.214253870113140625e+12 -6.691413190037076562e+13 -6.689187716737275781e+13
1.024499999999999966e+00 9.577462912625093750e+12 -6.670602677685186719e+13 -6.671025843724539844e+13
1.026000000000000023e+00 8.029730529109109375e+12 -6.660855031477135938e+13 -6.652011795171196875e+13
1.027500000000000080e+00 7.426188129434812500e+12 -6.650709341246564062e+13 -6.645894405547210938e+13
1.028999999999999915e+00 1.441813065014209375e+13 -6.626943949628253906e+13 -6.614645590455140625e+13
1.030499999999999972e+00 1.013289422994346875e+13 -6.622394864563624219e+13 -6.617653320403790625e+13
1.032000000000000028e+00 3.143966921014523438e+12 -6.623050369341572656e+13 -6.615616610293139062e+13
1.033500000000000085e+00 1.276429421313423438e+13 -6.598387254028735938e+13 -6.608251926349273438e+13
1.034999999999999920e+00 9.308382781885796875e+12 -6.593404521092215625e+13 -6.598501256901240625e+13
1.036499999999999977e+00 2.805583912657976562e+12 -6.587681315153556250e+13 -6.572745909340917969e+13
1.038000000000000034e+00 8.030626228603945312e+12 -6.568167375616727344e+13 -6.576044799197690625e+13
1.039500000000000091e+00 8.646541995494742188e+12 -6.558802947604313281e+13 -6.555338767263410938e+13
1.040999999999999925e+00 9.053180893616937500e+12 -6.545429096125389844e+13 -6.527915517252464062e+13
1.042499999999999982e+00 1.095971618809982812e+13 -6.529179325179132812e+13 -6.500033761510084375e+13
1.044000000000000039e+00 8.822031179274179688e+12 -6.521966485618445312e+13 -6.507428893586158594e+13
1.045500000000000096e+00 5.907492313736835938e+12 -6.514482698798168750e+13 -6.507145885054670312e+13
1.046999999999999931e+00 3.638822674969484375e+12 -6.507646060286870312e+13 -6.498456603131077344e+13
1.048499999999999988e+00 7.282056805995851562e+12 -6.487489292332160156e+13 -6.492302516212316406e+13
1.050000000000000044e+00 6.489076294065890625e+12 -6.477259567859516406e+13 -6.479464455991751562e+13
1.051500000000000101e+00 7.454482261019898438e+12 -6.462196277829658594e+13 -6.444972234755690625e+13
1.052999999999999936e+00 8.428455114296078125e+12 -6.451203673219039844e+13 -6.436026727550767969e+13
1.054499999999999993e+00 1.167308791064679688e+13 -6.427090621156320312e+13 -6.417022567380235938e+13
1.056000000000000050e+00 4.711992110659710938e+12 -6.425778061001283594e+13 -6.409753634818640625e+13
1.057500000000000107e+00 6.881430829939062500e+12 -6.403398020596314844e+13 -6.382411962309667969e+13
1.058999999999999941e+00 1.181779837841770312e+13 -6.390086724933117188e+13 -6.389108734456380469e+13
1.060499999999999998e+00 1.072946205404464844e+13 -6.380103528583502344e+13 -6.379510199048473438e+13
1.062000000000000055e+00 1.643784131235724219e+13 -6.350937114816110156e+13 -6.356125898827050000e+13
1.063499999999999890e+00 7.827802210445460938e+12 -6.356074070032698438e+13 -6.350818806764821875e+13
1.064999999999999947e+00 6.731622284827351562e+12 -6.338621838392492188e+13 -6.340972599522675781e+13
1.066500000000000004e+00 1.127602296865187500e+13 -6.316488880541279688e+13 -6.311624540439769531e+13
1.068000000000000060e+00 6.905613497384492188e+12 -6.316034518177970312e+13 -6.323093237141958594e+13
1.069499999999999895e+00 4.682370900124164062e+12 -6.311092482442650781e+13 -6.334818816567014062e+13
1.070999999999999952e+00 5.491517913730687500e+12 -6.292832638915010938e+13 -6.308029628035912500e+13
1.072500000000000009e+00 3.470086650111781250e+12 -6.282539457901656250e+13 -6.301803469412764062e+13
1.074000000000000066e+00 6.834783120411460938e+12 -6.276869921667231250e+13 -6.290837564581123438e+13
1.075499999999999901e+00 8.508292238413937500e+12 -6.245875939890091406e+13 -6.237448415625987500e+13
1.076999899999999899e+00 6.467847947228578125e+12 -6.235990661898000000e+13 -6.246425023313761719e+13
1.078500000000000014e+00 5.644878937316523438e+12 -6.223049656758283594e+13 -6.229516866349427344e+13
1.080000000000000071e+00 6.899971932728906250e+11 -6.215140104467264062e+13 -6.210354941420789844e+13
1.081499999999999906e+00 -2.083666519869460938e+12 -6.206587577439601562e+13 -6.199980778743765625e+13
1.083000100000000021e+00 7.687163243987351562e+12 -6.176445862830446094e+13 -6.175539053696291406e+13
1.084500000000000020e+00 9.148261550637140625e+12 -6.154668537424264844e+13 -6.150509856866898438e+13
1.086000000000000076e+00 -4.133565492521632812e+12 -6.175325493577974219e+13 -6.212041783499857812e+13
1.087499999999999911e+00 -2.664070957691250000e+11 -6.140323883241421875e+13 -6.169903512254334375e+13
1.088999899999999910e+00 3.215910516814195312e+12 -6.121614890628300000e+13 -6.110235583346893750e+13
1.090500000000000025e+00 8.336153300899414062e+12 -6.092186312026548438e+13 -6.102536079237914844e+13
1.092000000000000082e+00 9.393310681241250000e+12 -6.084843232777349219e+13 -6.139765759957839844e+13
1.093499999999999917e+00 1.694215214494582031e+13 -6.037255151372280469e+13 -6.050954320363924219e+13
1.095000100000000032e+00 1.320653807556117188e+12 -6.061738948735228125e+13 -6.112814194772124219e+13
1.096500000000000030e+00 2.807791086429789062e+12 -6.025296074691950781e+13 -6.064386419486262500e+13
1.098000000000000087e+00 6.251608813600210938e+12 -6.012590647513622656e+13 -6.052654627396585938e+13
1.099499999999999922e+00 4.150265054759835938e+12 -5.990797617610163281e+13 -6.023880820474119531e+13
1.100999899999999920e+00 1.243009864428409375e+13 -5.940162342243498438e+13 -5.981468127776996875e+13
1.102500000000000036e+00 8.323311857580070312e+12 -5.944251111902371875e+13 -6.022205884694113281e+13
1.104000000000000092e+00 9.706376085806250000e+12 -5.901870334824738281e+13 -5.894532047616614062e+13
1.105499999999999927e+00 -1.300976603400742188e+12 -5.920406291527642188e+13 -5.896016399943955469e+13
1.107000100000000042e+00 2.632975912556453125e+12 -5.874674910031843750e+13 -5.895817112231624219e+13
1.108500000000000041e+00 4.590432830394890625e+12 -5.847661329713800000e+13 -5.927149069099842969e+13
1.110000000000000098e+00 1.162881504288554688e+13 -5.801085883569596875e+13 -5.912687849479394531e+13
1.111499999999999932e+00 5.003024062214335938e+12 -5.779606038871351562e+13 -5.789524796011092188e+13
1.112999899999999931e+00 8.354604787985281250e+12 -5.734465284824048438e+13 -5.710128112937926562e+13
1.114500000000000046e+00 1.218124428090149219e+13 -5.707048868037853906e+13 -5.707430495375920312e+13
1.116000000000000103e+00 1.924654691280836719e+13 -5.629024919287162500e+13 -5.643638459753465625e+13
1.117499999999999938e+00 1.129715813134218750e+12 -5.642199902327702344e+13 -5.505720869758035156e+13
1.119000100000000053e+00 -1.632580806914296875e+11 -5.590792933462785938e+13 -5.569660568806242188e+13
1.120500000000000052e+00 3.475851542734593750e+12 -5.514730306383693750e+13 -5.494924276576289062e+13
1.122000000000000108e+00 1.586167089787836719e+13 -5.476554887553729688e+13 -5.488943063063220312e+13
1.123499999999999943e+00 2.494086936879964062e+13 -5.385447317153262500e+13 -5.307156182723501562e+13
1.124999899999999942e+00 2.034500368196428125e+13 -5.381017058158764062e+13 -5.317530256195742188e+13
1.126500000000000057e+00 2.224706955075921875e+12 -5.444469162960800781e+13 -5.661571716119785156e+13
1.127999999999999892e+00 -7.630410363498273438e+12 -5.401744212583039062e+13 -5.548616046198583594e+13
1.129499999999999948e+00 -2.856892439013171875e+12 -5.368624539905035938e+13 -5.527050719732085938e+13
1.131000100000000064e+00 1.569084387845527344e+13 -5.176156190458334375e+13 -5.215504564910929688e+13
1.132500000000000062e+00 3.215907844117882812e+12 -5.197490517519556250e+13 -5.055926168491713281e+13
1.133999999999999897e+00 2.871061480992070312e+12 -5.160099311034060938e+13 -5.103490273577828125e+13
1.135499999999999954e+00 2.534594411313792969e+13 -5.004994782067233594e+13 -5.207845161959376562e+13
1.136999899999999952e+00 3.349456256997021094e+13 -4.887832261236167188e+13 -5.116923941014237500e+13
1.138500000000000068e+00 2.269094439946554688e+12 -4.953467606179543750e+13 -4.997935208445303906e+13
1.139999999999999902e+00 1.006912181692753906e+13 -4.824559915680343750e+13 -4.910196227932214844e+13
1.141499999999999959e+00 5.247741817985625000e+12 -4.688509667187856250e+13 -4.702168099216317188e+13
1.143000100000000074e+00 -2.499831583497557031e+13 -4.863846007942834375e+13 -5.242702409105915625e+13
1.144500000000000073e+00 -1.070998566944510156e+13 -4.601419333503889844e+13 -4.927347216828455469e+13
1.145999999999999908e+00 1.674202172430139062e+13 -4.270713396605968750e+13 -4.806779827564928906e+13
1.147499999999999964e+00 -4.652421605785617188e+12 -4.261751180145746875e+13 -4.744931217019610156e+13
1.148999899999999963e+00 -1.654049751418907812e+13 -4.049231939720475000e+13 -4.617751429061317969e+13
1.150500000000000078e+00 -2.461168072855057031e+13 -3.528820822241226562e+13 -4.469454593658320312e+13
