7.340207999999999455e-02 -1.711858596663219032e+02
9.175260000000000360e-02 -8.096335818204184420e+01
1.101031299999999935e-01 -4.371991353792726187e+01
1.284536500000000026e-01 -2.582408055403575275e+01
1.468041599999999891e-01 -1.629335862779368327e+01
1.651546899999999929e-01 -1.082173856503237097e+01
1.835052000000000072e-01 -7.501810963971045965e+00
2.018557300000000110e-01 -5.399200906438728964e+00
2.202062599999999870e-01 -4.011495183538891673e+00
2.385567700000000013e-01 -3.069617137456118972e+00
2.569073000000000051e-01 -2.409230157757177082e+00
2.752578199999999864e-01 -1.929579642090209601e+00
2.936083199999999782e-01 -1.571707698765407057e+00
3.119588500000000098e-01 -1.294784729712828097e+00
3.303093799999999858e-01 -1.077794258809215977e+00
3.486599000000000226e-01 -9.044887075586871550e-01
3.670104000000000144e-01 -7.643762748588064371e-01
3.853609299999999904e-01 -6.502112393337707852e-01
4.037114600000000220e-01 -5.558322611237923594e-01
4.220619800000000033e-01 -4.779609927300660366e-01
4.404125099999999793e-01 -4.136042888185327837e-01
4.587630100000000266e-01 -3.593345314669474377e-01
4.771135400000000026e-01 -3.138105673504145154e-01
4.954640599999999839e-01 -2.749489929208077110e-01
5.138145899999999600e-01 -2.416506522800143941e-01
5.321650900000000073e-01 -2.129487473549799004e-01
5.505156500000000230e-01 -1.882641012655264234e-01
5.688661799999999991e-01 -1.668701434078027901e-01
5.872166399999999564e-01 -1.483320268763559380e-01
6.055671700000000435e-01 -1.323719047215111411e-01
6.239177000000000195e-01 -1.181251192183345733e-01
6.422682199999999453e-01 -1.056506614119722270e-01
6.606187500000000323e-01 -9.467581345069835119e-02
6.789692800000000084e-01 -8.494787458031609340e-02
6.973198099999999844e-01 -7.639380412459151337e-02
7.156703399999999604e-01 -6.887404630555697682e-02
7.340208000000000288e-01 -6.218114576441635677e-02
7.523713300000000048e-01 -5.624008691586145081e-02
7.707218599999999809e-01 -5.065267070133730454e-02
7.890723800000000177e-01 -4.596362100268703427e-02
8.074229099999999937e-01 -4.148392723803856486e-02
8.257734399999999697e-01 -3.735404746708140961e-02
8.441239699999999457e-01 -3.396409436788575681e-02
8.624745000000000328e-01 -3.071905508998322432e-02
8.808250199999999586e-01 -2.778407317946235064e-02
8.991754899999999662e-01 -2.476275532641750848e-02
9.175260200000000532e-01 -2.258142300157406010e-02
9.358765399999999790e-01 -2.043443462524071122e-02
9.542270699999999550e-01 -1.841350395637339835e-02
9.725776000000000421e-01 -1.673961590933009322e-02
9.909281300000000181e-01 -1.500913196399382074e-02
1.009278700000000084e+00 -1.348783117194828594e-02
1.027629200000000020e+00 -1.238902181255383331e-02
1.045979699999999957e+00 -1.119972986648992176e-02
1.064330199999999893e+00 -1.012723091513874699e-02
1.082680700000000051e+00 -8.927503825963399933e-03
1.101031300000000046e+00 -7.979341184349467153e-03
1.119381799999999982e+00 -7.234861197160076876e-03
1.137732399999999977e+00 -6.354452256070348970e-03
1.156082800000000077e+00 -5.508540810089694248e-03
1.174433300000000013e+00 -5.020950246224142356e-03
1.192783900000000008e+00 -4.442917765512073222e-03
1.211134300000000108e+00 -3.929786398082401461e-03
1.229484900000000103e+00 -3.559378411510476931e-03
1.247835400000000039e+00 -3.103129477252369612e-03
1.266186000000000034e+00 -2.681948519327278201e-03
1.284536399999999912e+00 -2.424189995094534755e-03
1.302886900000000070e+00 -2.022573202004171369e-03
1.321237500000000065e+00 -1.700448848689675631e-03
1.339588000000000001e+00 -1.374549767811215082e-03
1.357938599999999996e+00 -1.164537925539199745e-03
1.376289000000000096e+00 -1.140739484979001826e-03
1.394639600000000090e+00 -7.612389461726711557e-04
1.412990100000000027e+00 -7.196700000801069816e-04
1.431340700000000021e+00 -6.594008206678425837e-04
1.449691099999999899e+00 -5.239555294028066341e-04
1.468041600000000058e+00 -4.103112704138975548e-04
1.486392200000000052e+00 -1.756649333477858493e-04
1.504742699999999989e+00 -7.334396282738266093e-05
1.523093199999999925e+00 -4.113599119846091313e-05
1.541443700000000083e+00 -8.319387588498434799e-05
1.559794300000000078e+00 1.226187695311630322e-04
1.578144800000000014e+00 -4.870352158088581308e-06
1.596495400000000009e+00 1.056327225361737354e-04
1.614845800000000109e+00 1.511861391278775796e-04
1.633196300000000045e+00 1.353503207627323578e-04
1.651546900000000040e+00 1.823801952759043050e-04
1.669897299999999918e+00 1.907452580537828549e-04
1.688247899999999913e+00 -7.357427810905111392e-06
1.706598400000000071e+00 9.528537619670974970e-05
1.724949000000000066e+00 2.385233043168501817e-04
1.743299500000000002e+00 1.747585806260174631e-04
1.761649999999999938e+00 1.633086783546299576e-04
1.780000500000000097e+00 1.669899042979234726e-04
1.798351000000000033e+00 1.388025934651908765e-05
1.816701600000000028e+00 4.030890366354150547e-05
1.835051999999999905e+00 1.831031915422772361e-04
1.853402599999999900e+00 1.190730322460920439e-04
1.871753100000000059e+00 1.130947676646963353e-04
1.890103700000000053e+00 1.359474265321434583e-04
1.908454099999999931e+00 1.389726935752904724e-04
1.926804699999999926e+00 1.418151376665060669e-04
1.945155200000000084e+00 4.412371490714734717e-05
1.963505700000000020e+00 1.204052848807297748e-04
1.981856300000000015e+00 1.287548643320527830e-04
2.000206700000000115e+00 1.277793435108877417e-04
2.018557299999999888e+00 2.373681992793920414e-04
2.036907799999999824e+00 3.756602948272707698e-04
2.055258400000000041e+00 3.392055605065552072e-04
2.073608800000000141e+00 4.574545612603452081e-04
2.091959399999999913e+00 5.441918916494317736e-04
2.110309899999999850e+00 4.108304227799733518e-04
2.128660399999999786e+00 4.704538970461757475e-04
2.147010900000000166e+00 5.671969776513810296e-04
2.165361400000000103e+00 6.351917541253393343e-04
2.183711999999999875e+00 6.886328713100994857e-04
2.202062600000000092e+00 7.536223064554832931e-04
2.220412899999999912e+00 6.655793264619588303e-04
2.238763500000000128e+00 8.562081133199775460e-04
2.257114099999999901e+00 8.764460242232590499e-04
2.275464700000000118e+00 8.751284059412727575e-04
2.293814999999999937e+00 7.663741527977684749e-04
2.312165600000000154e+00 6.460839254341887950e-04
2.330516199999999927e+00 6.689027022693629695e-04
2.348866600000000027e+00 5.663604229937320737e-04
2.367217199999999799e+00 6.168268839893955788e-04
2.385567700000000180e+00 5.909879534577968307e-04
2.403918299999999952e+00 5.210446664895235312e-04
2.422268700000000052e+00 5.128756432661852032e-04
2.440619299999999825e+00 4.152597255726902170e-04
2.458969900000000042e+00 3.594544001277729739e-04
2.477320199999999861e+00 3.799878158698946260e-04
2.495670800000000078e+00 4.507168765945659635e-04
2.514021399999999851e+00 4.042929192881695110e-04
2.532372000000000067e+00 2.218580203901737507e-04
2.550722299999999887e+00 1.964846864760027493e-04
2.569072900000000104e+00 2.655464539490232502e-04
2.587423499999999876e+00 1.160293367036076999e-04
2.605773800000000140e+00 1.225858176796509099e-04
2.624124399999999913e+00 1.392101630668889209e-04
2.642475000000000129e+00 1.900577344760608761e-04
2.660825599999999902e+00 1.792036743215973517e-04
2.679175900000000166e+00 1.484827666147986252e-04
2.697526499999999938e+00 9.675042658268057701e-05
2.715877100000000155e+00 1.888651585301244409e-04
2.734227699999999928e+00 1.420549591015258931e-04
2.752578000000000191e+00 1.199921798990829613e-04
2.770928599999999964e+00 7.402734718713401029e-05
2.789279200000000181e+00 1.398182194669966545e-04
2.807629599999999837e+00 1.298592842780201960e-04
2.825980200000000053e+00 1.462178501240643514e-04
2.844330799999999826e+00 8.950200778997534129e-05
2.862681300000000206e+00 2.452587720885477610e-05
2.881031699999999862e+00 5.163595681983808331e-06
2.899382300000000079e+00 4.242634645249162407e-05
2.917732899999999852e+00 6.310703551390268160e-05
2.936083200000000115e+00 9.403588753757275641e-06
2.954433799999999888e+00 1.159836215090052172e-06
2.972784400000000105e+00 2.810302809297331789e-06
2.991134999999999877e+00 8.774955210307989095e-05
3.009485300000000141e+00 2.626059735350616043e-05
3.027835899999999913e+00 -5.528952922166589898e-05
3.046186500000000130e+00 3.069929779674927453e-05
3.064537099999999903e+00 -6.456504297640137270e-06
3.082887400000000167e+00 -4.556116596671332678e-05
3.101237999999999939e+00 -1.170136179724951968e-04
3.119588600000000156e+00 -1.323719301503496976e-04
3.137938899999999975e+00 -7.425516909115916506e-05
3.156289500000000192e+00 -1.609074855366227240e-05
3.174640099999999965e+00 -6.156195024882364067e-05
3.192990700000000182e+00 -7.837219204481895912e-05
3.211341099999999837e+00 -1.584091416912335962e-04
3.229691600000000218e+00 -1.724461915583745859e-04
3.248042199999999990e+00 -1.127473746740933558e-04
3.266392600000000090e+00 -1.208749500377427518e-04
3.284743199999999863e+00 -1.748383611184719264e-04
3.303093800000000080e+00 -1.877466943157879431e-04
3.321444399999999852e+00 -1.951752067621351238e-04
3.339794700000000116e+00 -3.006163711138642178e-04
3.358145299999999889e+00 -2.444522820759914539e-04
3.376495900000000105e+00 -1.962793617184417075e-04
3.394846499999999878e+00 -2.072985374115608021e-04
3.413196800000000142e+00 -2.742650455683261755e-04
3.431547399999999914e+00 -3.305891478080994210e-04
3.449898000000000131e+00 -2.289131370648656374e-04
3.468248299999999951e+00 -2.202413809096464431e-04
3.486598900000000167e+00 -2.391177221593286824e-04
3.504949499999999940e+00 -2.251424305748250148e-04
3.523300100000000157e+00 -3.316748561464007996e-04
3.541650399999999976e+00 -3.350768426020485878e-04
3.560001000000000193e+00 -4.143884472733345438e-04
3.578351599999999966e+00 -3.866400650816570212e-04
3.596702000000000066e+00 -4.091583743970983542e-04
3.615052500000000002e+00 -3.644217511118839794e-04
3.633403100000000219e+00 -4.343307177496141618e-04
3.651753699999999991e+00 -4.084957959898020507e-04
3.670104100000000091e+00 -4.641638477176666467e-04
3.688454699999999864e+00 -5.496368889232136233e-04
3.706805199999999800e+00 -4.868763269060850658e-04
3.725155800000000017e+00 -5.330254180424124407e-04
3.743506200000000117e+00 -5.378895836006341268e-04
3.761856799999999890e+00 -5.470668277409026451e-04
3.780207400000000106e+00 -5.546408318952072503e-04
3.798557699999999926e+00 -5.749976159137386821e-04
3.816908300000000143e+00 -6.004582697284010758e-04
3.835258899999999915e+00 -6.209347052413715555e-04
3.853609500000000132e+00 -6.330908941838046897e-04
3.871959799999999952e+00 -6.628062053754318807e-04
3.890310400000000168e+00 -6.568036579170209591e-04
3.908660999999999941e+00 -6.701869020877605256e-04
3.927011300000000205e+00 -7.198660036025523882e-04
3.945361899999999977e+00 -8.205775420173899151e-04
3.963712500000000194e+00 -8.550558493074483356e-04
3.982063099999999967e+00 -8.413317554841867781e-04
4.000413400000000230e+00 -8.718889203047783731e-04
4.018764000000000003e+00 -9.330102240738639150e-04
4.037114599999999776e+00 -9.324921465461869039e-04
4.055465200000000436e+00 -9.560184567270292371e-04
4.073815599999999648e+00 -9.977761954438144759e-04
4.092166100000000029e+00 -1.013569176261914107e-03
4.110516699999999801e+00 -1.060642917154732681e-03
4.128867099999999901e+00 -1.077225902587016426e-03
4.147217699999999674e+00 -1.053949064636809565e-03
4.165568300000000335e+00 -1.154944137437466769e-03
4.183918799999999827e+00 -1.219910497856663929e-03
4.202269199999999927e+00 -1.161192943757023612e-03
4.220619799999999699e+00 -1.164632452068779626e-03
4.238970400000000360e+00 -1.256439657054913986e-03
4.257320700000000180e+00 -1.211322707782677872e-03
4.275671299999999952e+00 -1.238958523924209645e-03
4.294021899999999725e+00 -1.202423903005438643e-03
4.312372200000000433e+00 -1.232121389292850210e-03
4.330722800000000206e+00 -1.244648969355218598e-03
4.349073399999999978e+00 -1.303116559152767921e-03
4.367423999999999751e+00 -1.298572787730261236e-03
4.385774600000000412e+00 -1.270457109782422095e-03
4.404125200000000184e+00 -1.321602344362628103e-03
4.422475300000000331e+00 -1.380437287072309917e-03
4.440825900000000104e+00 -1.389765779135360233e-03
4.459176399999999596e+00 -1.428037006598878618e-03
4.477527000000000257e+00 -1.423849589221464406e-03
4.495877600000000029e+00 -1.467495867211346004e-03
4.514228199999999802e+00 -1.466266287430274384e-03
4.532578799999999575e+00 -1.505844020231602090e-03
4.550929400000000236e+00 -1.513614482531081213e-03
4.569279500000000382e+00 -1.572036511945786941e-03
4.587630100000000155e+00 -1.569073221147884983e-03
4.605980699999999928e+00 -1.590765716302794267e-03
4.624331299999999700e+00 -1.599285219063656524e-03
4.642681900000000361e+00 -1.584928686367429460e-03
4.661032399999999853e+00 -1.546605805652419069e-03
4.679382999999999626e+00 -1.631241804440935160e-03
4.697733099999999773e+00 -1.640287100863751851e-03
4.716083700000000434e+00 -1.666961155706009941e-03
4.734434300000000206e+00 -1.666101714622068028e-03
4.752784899999999979e+00 -1.698354419945477057e-03
4.771135499999999752e+00 -1.727730645454568286e-03
4.789486100000000413e+00 -1.856273210177794303e-03
4.807836700000000185e+00 -1.841285584277760085e-03
4.826186800000000332e+00 -1.801773208713841785e-03
4.844537299999999824e+00 -1.853302667866859720e-03
4.862887899999999597e+00 -1.867524493188536415e-03
4.881238500000000258e+00 -1.834327939669582559e-03
4.899589100000000030e+00 -1.874000679042679739e-03
4.917939699999999803e+00 -1.888797380881012278e-03
4.936290299999999576e+00 -1.912943204289184376e-03
4.954640399999999723e+00 -1.993836382080072141e-03
4.972991000000000383e+00 -2.010986770447964738e-03
4.991341600000000156e+00 -2.033108500869742867e-03
5.009692199999999929e+00 -1.977595671200131026e-03
5.028042799999999701e+00 -1.972384930618801407e-03
5.046393300000000082e+00 -2.023104693954506234e-03
5.064743899999999854e+00 -1.998460187483063009e-03
5.083094000000000001e+00 -2.046158618238065954e-03
5.101444599999999774e+00 -2.095794693302170230e-03
5.119795200000000435e+00 -2.086457854794164166e-03
5.138145800000000207e+00 -2.113290212390460127e-03
5.156496399999999980e+00 -2.139871663206649108e-03
5.174846999999999753e+00 -2.130059256626474096e-03
5.193197600000000413e+00 -2.223124971836524816e-03
5.211547600000000280e+00 -2.146596078273601757e-03
5.229898200000000053e+00 -2.186584168198391510e-03
5.248248799999999825e+00 -2.279694624135577500e-03
5.266599399999999598e+00 -2.269979459651152304e-03
5.284950000000000259e+00 -2.263412918588001040e-03
5.303300600000000031e+00 -2.292841951052616324e-03
5.321651199999999804e+00 -2.337156054487062387e-03
5.340001799999999577e+00 -2.405747590937017382e-03
5.358351899999999723e+00 -2.460933723555127489e-03
5.376702500000000384e+00 -2.427214066014111733e-03
5.395053100000000157e+00 -2.472686113414269710e-03
5.413403599999999649e+00 -2.560678452413138462e-03
5.431754200000000310e+00 -2.569790451482427580e-03
5.450104800000000083e+00 -2.608166900840868784e-03
5.468455399999999855e+00 -2.615062114576247390e-03
5.486805500000000002e+00 -2.728013933754361645e-03
5.505156099999999775e+00 -2.724601388398493595e-03
5.523506700000000436e+00 -2.741552807955882284e-03
5.541857300000000208e+00 -2.771090784028895984e-03
5.560207899999999981e+00 -2.864290612167307969e-03
5.578558499999999754e+00 -2.933231402846243896e-03
5.596909100000000414e+00 -2.984475763876412533e-03
5.615259100000000281e+00 -3.005599355354796227e-03
5.633609700000000053e+00 -3.057183462446496237e-03
5.651960299999999826e+00 -3.116573914353653208e-03
5.670310899999999599e+00 -3.141046037161619037e-03
5.688661500000000260e+00 -3.202986590202456466e-03
5.707012100000000032e+00 -3.304743924675166908e-03
5.725362699999999805e+00 -3.242891475602173012e-03
5.743712799999999952e+00 -3.260760166297388320e-03
5.762063399999999724e+00 -3.373570376952820735e-03
5.780414000000000385e+00 -3.468523515809905471e-03
5.798764499999999877e+00 -3.710461610670904437e-03
