375 438.0887438642374374808 501.824052286193364 568.61 240.012621361381235 95.537 6.6570000648498535 1.3504392310666215e-10 297.6862761341215 102
377 428.476 501.8325964088487638 568.622 359.485239829564875 195.43 51.38600158691406 1.343674103845829e-10 297.1171369454437 102
379 418.86807059311883 501.954590094693287 566 607.202884175216923 295.405 96.10600280761719 1.3373813581512366e-10 297.81819403674325 102
381 409.143969534237783 501.722695739082724 568.234400265832733 688.413364384010947 395.33 140.79299926757812 1.340001090335691e-10 297.2523416993943 102
383 399.505080955182336 501.639354093843622 568.06757255578691 724.362141314601104 495.345 185.44500732421875 1.3379242565327032e-10 298.1403031186509 102
385 389.857839588420177 501.442447032667474 567.973491685280919 760.879150385163484 595.345 230.1649932861328 1.343676658734436e-10 297.5705256152323 102
387 380.199335566097034 501.307675966050056 567.951563887260818 803.157407070560225 695.319 274.85198974609375 1.3348818233164945e-10 298.47340727518923 102
389 370.572294967900916 501.104425196744671 567.849426969512251 845.964927274011984 795.305 319.5039978027344 1.333613340249431e-10 297.90255022874345 102
391 360.922782642204481 500.910078570359644 567.783890251851631 885.651915061110117 895.291 364.1719970703125 1.332711612760018e-10 297.33867136871714 102
393 351.248254513050767 500.812600240707468 567.699201646659162 933.338201755856403 995.282 408.8590087890625 1.3290969856249487e-10 298.2084381959591 102
395 341.591679855830364 500.77991683384181 567.654296024600058 983.676984294041063 1095.259 453.5790100097656 1.3369624073423362e-10 297.6436818240204 102
397 331.943883580366332 500.797061611953268 567.663505002788952 1041.30085114065923 1195.216 498.29998779296875 1.3445794229257899e-10 297.100204143312 102
399 322.288386564631935 500.835252889259436 567.64756046873913 1098.09386487803113 1295.132 543.02099609375 1.3382250911996384e-10 297.3466965880896 102
401 312.635121152535021 500.826881055712988 567.609570387740177 1167.5014901530526 1395.122 587.7410278320312 1.3299816273504253e-10 297.0579411471113 102
403 302.985716489347624 500.787979736121883 567.577834776926352 1244.98909079271402 1495.096 632.4619750976562 1.3298541472463937e-10 297.84355090350164 102
405 293.32710644036905 500.771102745843109 567.524245102898476 1325.00985421547853 1595.02 677.2349853515625 1.3362221252760806e-10 297.27697336173395 102
407 283.68666685862604 500.861813860876964 567.496491407319468 1419.36232753290437 1694.931 721.93798828125 1.3323213505848305e-10 298.15390398170626 102
409 274.032519793090387 500.990917630135129 567.537564787315205 1520.86737927261856 1794.883 766.6929931640625 1.3334138881208555e-10 297.5879763976514 102
411 264.401043577522273 501.123614419508101 567.608088974548991 1647.13788460329579 1894.777 811.4130249023438 1.3409118658248146e-10 298.4884848698789 102
413 254.742856382754837 501.25961696963094 567.661822321125442 1758.66532442937682 1994.652 856.0819702148438 1.346510196844914e-10 297.9233315581443 102
415 245.089882862012388 501.39384779098225 567.700247878175446 1887.74906939347579 2094.569 900.7520141601562 1.3413203046866224e-10 297.36248238504214 102
417 235.446725957443221 501.453285519549638 567.757371712476242 2042.37801454795067 2194.448 945.4199829101562 1.3415404046537973e-10 298.2529990938615 102
419 235.45125549996294 501.452596516340463 567.761673526273626 2034.40882251139806 2194.435 988.6890258789062 1.335893077613644e-10 297.70929058964646 102
423 254.708690811514714 501.271435885633764 567.657011663302455 1736.03955508217496 1994.917 1077.9320068359375 1.3200878254562906e-10 297.4562378370655 102
425 264.375342015416095 501.157146561099296 567.617524340665909 1623.61616921078735 1895.001 1122.583984375 1.3315734197452748e-10 298.29842653538486 102
427 274.001405584550582 500.984803787362353 567.53779993558021 1525.81010673406627 1795.094 1167.2359619140625 1.323506027824608e-10 297.73815859800885 102
431 293.29683415146485 500.773475437276147 567.525411898720904 1320.6730873944889 1595.222 1256.5059814453125 1.3233203262806837e-10 298.1112502214536 102
433 302.951709027330423 500.780308855916473 567.583193319782595 1262.88915865831927 1495.274 1301.10595703125 1.3430892821281827e-10 297.5516264961123 102
435 312.609001932417129 500.805179706802051 567.629417232238779 1166.30238428356074 1395.299 1345.7230224609375 1.330119954969621e-10 297.2730001548832 102
437 322.252460191694468 500.821024848576712 567.658718064991717 1096.94438398743705 1295.299 1390.3409423828125 1.3322869040321286e-10 298.1089604214901 102
439 331.889878777786009 500.778979296803016 567.684980911993762 1033.92013392127797 1195.395 1434.9420166015625 1.3256037778038562e-10 297.5536696444501 102
441 341.552993697162151 500.785926819164274 567.682518132290852 979.586563177497737 1095.431 1479.5770263671875 1.3261074743467177e-10 297.28402014275997 102
443 351.191521522962489 500.810660113332858 567.71914543918308 925.560716697566932 995.462 1524.280029296875 1.3300936370020158e-10 297.88626581826986 102
445 360.869712065833994 500.924904118519351 567.799893931609176 877.769571793190039 895.452 1568.8800048828125 1.3249738637132258e-10 297.3332632546148 102
447 370.520717735380856 501.122303321059746 567.860116342177662 835.99674036362228 795.467 1613.5489501953125 1.3101782079361681e-10 298.1894981271558 102
449 380.147940516062988 501.303838144480665 567.976302565938227 788.381419538842692 695.482 1658.1490478515625 1.3066189684994628e-10 297.63569684563976 102
451 389.789243816543035 501.43666859829915 568.007696494674292 745.373440111527884 595.505 1702.7840576171875 1.307937884033893e-10 297.08330045939135 102
453 399.434327977337261 501.619070411827522 568.10594520141558 700.550950629739646 495.52 1747.384033203125 1.29758105030974e-10 297.39028388616987 102
455 409.077920498458298 501.70746665341477 568.248470590077773 668.520287989938538 395.522 1792.0360107421875 1.2893096668639374e-10 298.18044723096824 102
457 418.724881781490808 501.811508004326186 568.468060376456037 635.605561539006771 295.562 1836.6719970703125 1.2802249134118945e-10 297.6257959922428 102
459 428.390816706957196 501.831387000974303 568.631188360450778 608.782751507437524 195.524 1881.2540283203125 1.27633656728889e-10 298.5077063621467 102
461 438.026792986966996 501.824547267961066 568.601999042452576 579.709808894785738 95.54 1925.8709716796875 1.274280404351864e-10 297.9548683930903 102
