0.000000000000000000e+00 -1.051832920214743261e+01 4.380782794070969999e+01 -1.051832920214743261e+01
1.500000000000000031e-03 -1.051861600931133367e+01 1.327163541926009316e+01 -1.051861600931133367e+01
3.000000000000000062e-03 -1.051890090246106091e+01 6.120167668967509300e+00 -1.051890090246106091e+01
4.499999999999999660e-03 -1.051918388165649532e+01 3.068221118343503306e+00 -1.051918388165649532e+01
6.000000000000000125e-03 -1.051946494696228207e+01 1.107476481609145580e+00 -1.051946494696228207e+01
7.499999999999999722e-03 -1.051974409844781633e+01 1.889718726646805180e-02 -1.051974409844781633e+01
8.999999999999999320e-03 -1.052002133618725921e+01 -8.917089076158326577e-01 -1.052002133618725921e+01
1.050000000000000065e-02 -1.052029666025953247e+01 -1.731158517402390018e+00 -1.052029666025953247e+01
1.200000000000000025e-02 -1.052057007074830608e+01 -2.253666213605450608e+00 -1.052057007074830608e+01
1.349999999999999985e-02 -1.052084156774201951e+01 -2.758745424884877728e+00 -1.052084156774201951e+01
1.499999999999999944e-02 -1.052111115133386221e+01 -3.149722437048148471e+00 -1.052111115133386221e+01
1.650000000000000078e-02 -1.052137882162178606e+01 -3.438483250193215213e+00 -1.052137882162178606e+01
1.799999999999999864e-02 -1.052164457870849823e+01 -3.791731435851356302e+00 -1.052164457870849823e+01
1.949999999999999997e-02 -1.052190842270146298e+01 -4.026580994130035229e+00 -1.052190842270146298e+01
2.100000000000000130e-02 -1.052217035371290166e+01 -4.297372353712902715e+00 -1.039299616657004499e+01
2.249999999999999917e-02 -6.536292943288364299e+00 -4.371154514716936390e+00 -7.774775086145506720e+00
2.400000000000000050e-02 -5.580208762978154269e+00 -4.499684048692440541e+00 -7.756905048692440019e+00
2.549999999999999836e-02 5.091084728055204067e-01 -4.453186241480191931e+00 -5.522700098623048781e+00
2.699999999999999969e-02 2.488487104964570307e+01 -4.088760093211433855e+00 -3.328471236068576644e+00
2.850000000000000103e-02 1.020215901102635456e+02 -2.438028032593598127e+00 2.379329674064027955e-01
2.999999999999999889e-02 2.711059267973753890e+02 -4.412305976743446934e-02 5.308621536880399105e+01
3.150000000000000022e-02 2.948241478253693003e+03 2.369219396797868171e+01 1.122306339679786760e+02
3.300000000000000155e-02 7.475678517336207733e+03 4.667581162192307431e+01 1.105156644790659186e+02
3.450000000000000289e-02 7.741867844044767480e+03 4.559258833048214399e+01 7.548429547333928724e+01
3.599999999999999728e-02 7.314063744093495188e+03 4.408122837921042247e+01 7.591608980778184446e+01
3.749999999999999861e-02 6.920699646053657489e+03 4.320279033937195123e+01 6.272046748222908974e+01
3.899999999999999994e-02 6.457126978496511583e+03 4.128684706794031456e+01 6.076155421079745622e+01
4.050000000000000128e-02 6.140338598564741005e+03 4.005627999331292699e+01 5.526396142188435334e+01
4.200000000000000261e-02 5.808804506258167748e+03 3.851195482959672489e+01 5.235167197245387172e+01
4.349999999999999700e-02 5.323566558719464410e+03 3.580950586232248156e+01 5.096922871946533462e+01
4.499999999999999833e-02 5.088578898805587414e+03 3.416507737701618908e+01 5.130851309130190430e+01
4.649999999999999967e-02 4.794273097944913388e+03 3.152818794491341237e+01 4.695760080205626963e+01
4.800000000000000100e-02 4.512524727565815738e+03 2.880815613724495705e+01 4.409299899438781978e+01
4.950000000000000233e-02 4.251639787668093959e+03 2.661298338237973837e+01 4.194099481095116744e+01
5.099999999999999672e-02 3.988315421108681676e+03 2.466002110868191721e+01 4.043313396582477282e+01
5.249999999999999806e-02 3.777144770744510879e+03 2.310866788736805688e+01 3.676336360165376504e+01
5.399999999999999939e-02 3.541145265146792553e+03 2.132469657536426411e+01 3.102400371822140812e+01
5.550000000000000072e-02 3.328648190029591660e+03 2.006988288673475651e+01 2.701832860102047107e+01
5.700000000000000205e-02 3.082359688249824103e+03 1.865915253553901465e+01 2.872793824982473154e+01
5.850000000000000339e-02 2.865779188378689014e+03 1.708194552154603940e+01 2.892124980726032391e+01
5.999999999999999778e-02 2.698124547558805716e+03 1.570055470166297340e+01 2.459983898737725738e+01
6.149999999999999911e-02 2.455503622932792041e+03 1.396799578993506330e+01 2.532461436136363275e+01
6.300000000000000044e-02 2.291744985928974074e+03 1.290801735754567403e+01 2.178184735754567214e+01
6.450000000000000178e-02 2.158334779404244728e+03 1.189618368995914111e+01 1.886804797567342362e+01
6.600000000000000311e-02 2.005711860501206047e+03 1.076392192977792917e+01 1.854629335834935944e+01
6.750000000000000444e-02 1.819278086362456861e+03 9.400076362456895041e+00 1.734891636245689739e+01
6.900000000000000577e-02 1.708326171273446107e+03 8.550485559160458493e+00 1.405812841630331356e+01
7.049999999999999323e-02 1.586475686662476619e+03 7.605432376762573554e+00 1.471751237676257240e+01
7.199999999999999456e-02 1.469167775386417816e+03 6.773719672132470393e+00 1.258080538641818258e+01
7.349999999999999589e-02 1.347687937444991803e+03 5.796604587848927181e+00 1.060180458784892998e+01
7.499999999999999722e-02 1.235889044266485826e+03 4.925199980771711950e+00 9.811125695057425489e+00
7.649999999999999856e-02 1.131290567279184188e+03 4.076091564898698394e+00 8.945261564898697060e+00
7.799999999999999989e-02 1.063016535054222913e+03 3.486823482794479290e+00 7.112680768508765183e+00
7.950000000000000122e-02 9.939657190198759054e+02 2.884769877018904083e+00 7.387621877018903049e+00
8.100000000000000255e-02 9.162243334615556023e+02 2.194975032984240570e+00 6.402869175841383154e+00
8.250000000000000389e-02 8.401806069503835488e+02 1.606803807526597794e+00 5.454352664669455564e+00
8.400000000000000522e-02 7.742231680574772099e+02 9.884566289059364408e-01 5.146148057477363480e+00
8.550000000000000655e-02 7.108517310682344714e+02 4.103654968060546082e-01 3.273310496806056236e+00
8.699999999999999400e-02 6.581363531251915902e+02 -6.236773195110956181e-02 2.200656696620319153e+00
8.849999999999999534e-02 5.938542342280230741e+02 -7.504153434054874339e-01 1.841360942308797988e+00
8.999999999999999667e-02 5.549169600906839150e+02 -1.099412337887448743e+00 1.452387804969694329e+00
9.149999999999999800e-02 5.258654307128393839e+02 -1.392625858589223498e+00 1.113972141410778605e+00
9.299999999999999933e-02 4.899290889512922149e+02 -1.821713477279189419e+00 6.138005227208100933e-01
9.450000000000000067e-02 4.489380919485552113e+02 -2.291761337159018197e+00 -1.084431337159019293e+00
9.600000000000000200e-02 4.117868397042791457e+02 -2.693014010006519854e+00 -1.189741867149377796e+00
9.750000000000000333e-02 3.973125607895385656e+02 -2.832426496175660446e+00 -1.122093781889946129e+00
9.900000000000000466e-02 3.679010266325463476e+02 -3.206472081739393687e+00 -1.343381081739394745e+00
1.005000000000000060e-01 3.349636800900817093e+02 -3.593503338489677290e+00 -1.947189481346820017e+00
1.019999999999999934e-01 3.130407068760625293e+02 -3.827525266794613579e+00 -2.848060838223185343e+00
1.034999999999999948e-01 2.917965498472586887e+02 -4.117907724169866945e+00 -3.177425152741295555e+00
1.049999999999999961e-01 2.768647375747212891e+02 -4.310697996707241408e+00 -3.386391710992955772e+00
1.064999999999999974e-01 2.620437843437824768e+02 -4.493837227646106491e+00 -3.171089227646107567e+00
1.079999999999999988e-01 2.644998472969123213e+02 -4.523870131659110783e+00 -3.542118560230538726e+00
1.095000000000000001e-01 2.550445121480049409e+02 -4.648364280566458007e+00 -3.500041137709314576e+00
1.110000000000000014e-01 2.301791931823783557e+02 -4.989012960478785175e+00 -3.985197817621642713e+00
1.125000000000000028e-01 2.233040618282028333e+02 -5.113725457511409722e+00 -4.378907886082838985e+00
1.140000000000000041e-01 2.177369037993584584e+02 -5.160773772070082366e+00 -4.518111200641510727e+00
1.155000000000000054e-01 2.073945333811490173e+02 -5.227253333136675728e+00 -4.575097047422390872e+00
1.170000000000000068e-01 2.024530791445879458e+02 -5.215796855412040856e+00 -4.314791141126327112e+00
1.184999999999999942e-01 1.914407268035411107e+02 -5.377391767887445440e+00 -4.439145767887445970e+00
1.199999999999999956e-01 1.922236335004411387e+02 -5.364618213844567052e+00 -4.405359070987423742e+00
1.214999999999999969e-01 1.825531420920016501e+02 -5.470433907998336842e+00 -4.795114193712622708e+00
1.229999999999999982e-01 1.723253382920744627e+02 -5.615486279354103161e+00 -5.078564422211245599e+00
1.244999999999999996e-01 1.698760649573638091e+02 -5.656113185493328643e+00 -5.175715042636186425e+00
1.260000000000000009e-01 1.627680363731406885e+02 -5.731723341145023909e+00 -5.242354912573595094e+00
1.275000000000000022e-01 1.679418239675285065e+02 -5.662175032471452596e+00 -5.148470461042880864e+00
1.290000000000000036e-01 1.598229420257889899e+02 -5.782128402782421794e+00 -5.158220117068135657e+00
1.305000000000000049e-01 1.478328048331790114e+02 -5.922945166820996477e+00 -5.270434309678138973e+00
1.320000000000000062e-01 1.370569123892365155e+02 -6.091883610763490609e+00 -5.456650467906347224e+00
1.335000000000000075e-01 1.379156075506376453e+02 -6.087225020790900665e+00 -5.469664592219472432e+00
1.350000000000000089e-01 1.441810474597682230e+02 -6.014074254517471019e+00 -5.700296111660328791e+00
1.365000000000000102e-01 1.328161606875806910e+02 -6.180243312419268165e+00 -5.698606740990697084e+00
1.380000000000000115e-01 1.270549100907372662e+02 -6.214234052119885554e+00 -5.740016052119885082e+00
1.395000000000000129e-01 1.200978399544666786e+02 -6.332956474104735278e+00 -5.960670902676162619e+00
1.409999999999999865e-01 1.105051145639932315e+02 -6.537476293149612872e+00 -6.195521721721041430e+00
1.424999999999999878e-01 1.168647496331078486e+02 -6.548826795463558170e+00 -6.416626509749272955e+00
1.439999999999999891e-01 1.189845965898825852e+02 -6.568012552974559881e+00 -6.441729552974559070e+00
1.454999999999999905e-01 1.108940640052418587e+02 -6.732158566186700277e+00 -6.688019137615271781e+00
1.469999999999999918e-01 1.108009690215341152e+02 -6.728440978465874522e+00 -6.418422978465875062e+00
1.484999999999999931e-01 1.069245959239602115e+02 -6.774893218896916203e+00 -6.399089504611202628e+00
1.499999999999999944e-01 1.065941418548592452e+02 -6.807723859426470625e+00 -6.490155573712184989e+00
1.514999999999999958e-01 1.053342110994227312e+02 -6.869036614862974233e+00 -6.520099614862973958e+00
1.529999999999999971e-01 9.787204651426618796e+01 -6.970125771448098639e+00 -6.466430485733813072e+00
1.544999999999999984e-01 9.803540524171468462e+01 -6.985297329713881176e+00 -6.617819615428166102e+00
1.559999999999999998e-01 1.012141015669458284e+02 -6.996456290197007988e+00 -6.775656575911294333e+00
1.575000000000000011e-01 9.633340977513259418e+01 -7.052901510581676803e+00 -6.816284082010247047e+00
1.590000000000000024e-01 8.800152415144326312e+01 -7.174043991413872945e+00 -7.039868848556730896e+00
1.605000000000000038e-01 8.652076040961291881e+01 -7.198788447529940626e+00 -7.080635590387084122e+00
1.620000000000000051e-01 8.073824140622910761e+01 -7.283060022342303874e+00 -7.093403593770875482e+00
1.635000000000000064e-01 8.202643428358912558e+01 -7.279968716410876617e+00 -7.066523430696591390e+00
1.650000000000000078e-01 8.187920189827120510e+01 -7.298586673157361204e+00 -7.142851244585932236e+00
1.665000000000000091e-01 8.165617567827760581e+01 -7.330803321722376253e+00 -7.142849464579519747e+00
1.680000000000000104e-01 7.799257990874880875e+01 -7.416163091251185335e+00 -7.298126091251186054e+00
1.695000000000000118e-01 7.956920316053488307e+01 -7.390060553750819494e+00 -7.282401839465105553e+00
1.710000000000000131e-01 7.722292257590990516e+01 -7.446708138375807806e+00 -7.378930424090093254e+00
1.724999999999999867e-01 7.420410244000042610e+01 -7.462500274285290836e+00 -7.250444131428148253e+00
1.739999999999999880e-01 7.143243418078549212e+01 -7.523546533500199196e+00 -7.496035819214484697e+00
1.754999999999999893e-01 6.721649208338249082e+01 -7.589335773760359061e+00 -7.612249345188931038e+00
1.769999999999999907e-01 6.282918614718976613e+01 -7.651537424238796348e+00 -7.673044281381653953e+00
1.784999999999999920e-01 6.781562637160111251e+01 -7.603036771256013182e+00 -7.566826485541728431e+00
1.799999999999999933e-01 6.597150704172000246e+01 -7.618907815422844010e+00 -7.570000672565701194e+00
1.814999999999999947e-01 5.621712958550240558e+01 -7.734930843069021122e+00 -7.689993271640449990e+00
1.829999999999999960e-01 6.139902543089968390e+01 -7.704432997671750272e+00 -7.703955426243178195e+00
1.844999999999999973e-01 5.992033886300142598e+01 -7.738654279855703422e+00 -7.810380279855703378e+00
1.859999999999999987e-01 5.757814416689268455e+01 -7.729868404535872983e+00 -7.756871118821587530e+00
1.875000000000000000e-01 5.722541419908240812e+01 -7.710459229489009303e+00 -7.802776229489008841e+00
1.890000000000000013e-01 5.909901038750354019e+01 -7.699743898210742010e+00 -7.834404612496456366e+00
1.905000000000000027e-01 5.586151987437012423e+01 -7.754571268487014279e+00 -7.903907982772729213e+00
1.920000000000000040e-01 5.913232980189161481e+01 -7.684803340965524754e+00 -7.717120626679811579e+00
1.935000000000000053e-01 5.738316159798715432e+01 -7.718761116298557212e+00 -7.895462116298556765e+00
1.950000000000000067e-01 5.277076811914271559e+01 -7.757883166571556188e+00 -7.891146166571555653e+00
1.965000000000000080e-01 5.152200079326828330e+01 -7.770757492446001891e+00 -7.848339492446001486e+00
1.980000000000000093e-01 5.280882390541204074e+01 -7.745938666016520813e+00 -7.841061237445092758e+00
1.995000000000000107e-01 4.972309174061765447e+01 -7.780885687953764673e+00 -7.864724687953764004e+00
2.010000000000000120e-01 5.005227858392417772e+01 -7.796419701790099133e+00 -7.916504130361527558e+00
2.025000000000000133e-01 5.023367443465178894e+01 -7.781600136776769538e+00 -7.902550136776769207e+00
2.039999999999999869e-01 4.996988214925897864e+01 -7.797566850741021405e+00 -7.981853850741021716e+00
2.054999999999999882e-01 4.925500744134244968e+01 -7.784803844371822379e+00 -7.907893415800394621e+00
2.069999999999999896e-01 4.537457316735157775e+01 -7.854895689791280056e+00 -8.025785975505566938e+00
2.084999999999999909e-01 4.848983932658821061e+01 -7.812187530554654202e+00 -7.976952387697511249e+00
2.099999999999999922e-01 4.705949306120680831e+01 -7.830686081650330088e+00 -7.994549081650330180e+00
2.114999999999999936e-01 4.447627151335729678e+01 -7.887899915214127589e+00 -8.095458058071271168e+00
2.129999999999999949e-01 4.001688896804213869e+01 -7.984643317672139418e+00 -8.309978317672140236e+00
2.144999999999999962e-01 3.927577399597355168e+01 -8.007998861169303595e+00 -8.264852718312159396e+00
2.159999999999999976e-01 4.131628802500201658e+01 -8.007045117855115635e+00 -8.260035403569400358e+00
2.174999999999999989e-01 4.012057534011636761e+01 -8.033089659883632550e+00 -8.314562517026487853e+00
2.190000000000000002e-01 4.008995022630083582e+01 -8.039785773699163585e+00 -8.269529487984877747e+00
2.205000000000000016e-01 4.244993982567799407e+01 -8.054480317179146809e+00 -8.352616460036289325e+00
2.220000000000000029e-01 4.143250556608013113e+01 -8.069396005348430378e+00 -8.325734433919858901e+00
2.235000000000000042e-01 3.864377887533503753e+01 -8.110054696093534687e+00 -8.356543553236392086e+00
2.250000000000000056e-01 3.635878975269445590e+01 -8.132695818734104520e+00 -8.401728675876963592e+00
2.265000000000000069e-01 3.755527105454853398e+01 -8.139394945451460472e+00 -8.441473516880032335e+00
2.280000000000000082e-01 3.723965278013996283e+01 -8.134383934145745343e+00 -8.390979077002887365e+00
2.295000000000000095e-01 3.467935635727836541e+01 -8.179947785578773889e+00 -8.473325785578774472e+00
2.310000000000000109e-01 3.593428321376882195e+01 -8.186974786231179024e+00 -8.543367071945464630e+00
2.325000000000000122e-01 3.440191620598330502e+01 -8.217927936873834938e+00 -8.562743508302405715e+00
2.340000000000000135e-01 3.445807533314643223e+01 -8.231130238282133860e+00 -8.606950666853562026e+00
2.354999999999999871e-01 3.219857202304970656e+01 -8.239453119807427228e+00 -8.590652119807426601e+00
2.369999999999999885e-01 3.292279770348012846e+01 -8.247927010805574000e+00 -8.661640010805573553e+00
2.384999999999999898e-01 3.052452523079161040e+01 -8.297096769208383904e+00 -8.717539054922669450e+00
2.399999999999999911e-01 3.042145460419068215e+01 -8.295425681523603600e+00 -8.708344824380745308e+00
2.414999999999999925e-01 2.868933725145080160e+01 -8.319234748549199310e+00 -8.751226034263485332e+00
2.429999999999999938e-01 3.034119031462664040e+01 -8.301354542516218515e+00 -8.662725256801932616e+00
2.444999999999999951e-01 2.748834522148263915e+01 -8.338152064231641347e+00 -8.754674349945927858e+00
2.459999999999999964e-01 2.777474482835019387e+01 -8.345777885935516949e+00 -8.772605171649802358e+00
2.474999999999999978e-01 2.651238342012760185e+01 -8.363586294158103840e+00 -8.792773865586676507e+00
2.489999999999999991e-01 2.721013813885155841e+01 -8.366149861148441502e+00 -8.775661861148440934e+00
2.505000000000000004e-01 2.704350898369708034e+01 -8.366822730588628687e+00 -8.740386016302913674e+00
2.520000000000000018e-01 2.418652738240617595e+01 -8.391553903308112794e+00 -8.783071617593826375e+00
2.535000000000000031e-01 2.665902619128774731e+01 -8.384132522997960635e+00 -8.794682380140818267e+00
2.550000000000000044e-01 2.491143398093198513e+01 -8.409667733353728636e+00 -8.830018733353727001e+00
2.565000000000000058e-01 2.414087217906740790e+01 -8.425288963789729024e+00 -8.864467535218301109e+00
2.580000000000000071e-01 2.437197221341808984e+01 -8.436099215153326725e+00 -8.902018358010471033e+00
2.595000000000000084e-01 2.275641979741793364e+01 -8.456350345439210159e+00 -8.969835059724923454e+00
2.610000000000000098e-01 2.047655493021060380e+01 -8.476817784075105777e+00 -8.968596498360820846e+00
2.625000000000000111e-01 2.141999046807821117e+01 -8.472584674778925518e+00 -8.891061960493212624e+00
2.640000000000000124e-01 2.285930926729838575e+01 -8.460290018415893343e+00 -8.846666732701608638e+00
2.655000000000000138e-01 2.038650418414430732e+01 -8.498213530141406125e+00 -8.970389958712836176e+00
2.670000000000000151e-01 2.111381807488467643e+01 -8.500810639401034763e+00 -8.989740210829607392e+00
2.685000000000000164e-01 1.964088522435519835e+01 -8.517132489930514083e+00 -9.030718918501943193e+00
2.700000000000000178e-01 1.807019277452997130e+01 -8.536485082612880859e+00 -9.073131082612880149e+00
2.715000000000000191e-01 1.943285072452152207e+01 -8.534023989764190077e+00 -9.060142989764189636e+00
2.730000000000000204e-01 1.881180764486648371e+01 -8.550889069419223887e+00 -9.088449497990652048e+00
2.745000000000000218e-01 1.726952067752565156e+01 -8.564013322474345102e+00 -9.078950036760058850e+00
2.760000000000000231e-01 1.801263696445536056e+01 -8.559530035544639759e+00 -9.071537749830353548e+00
2.775000000000000244e-01 1.677505936189323776e+01 -8.570789066678189627e+00 -9.105205638106760091e+00
2.790000000000000258e-01 1.541025786892963012e+01 -8.594515131070368241e+00 -9.171915445356082941e+00
2.805000000000000271e-01 1.549503248465045679e+01 -8.597393086778112092e+00 -9.180027743920970096e+00
2.819999999999999729e-01 1.569071749385150127e+01 -8.605562934719927171e+00 -9.167193620434211709e+00
2.834999999999999742e-01 1.645837289560984118e+01 -8.599634675818727203e+00 -9.131391618675870347e+00
2.849999999999999756e-01 1.613896440328386461e+01 -8.613083739573275111e+00 -9.162673468144703293e+00
2.864999999999999769e-01 1.697321773022754599e+01 -8.607825698343884113e+00 -9.113248955486740854e+00
2.879999999999999782e-01 1.644768858979043813e+01 -8.616938553066704642e+00 -9.143327810209560980e+00
2.894999999999999796e-01 1.731892983817484932e+01 -8.627200304682292042e+00 -9.153751518968006096e+00
2.909999999999999809e-01 1.792312576015012127e+01 -8.630250668421307836e+00 -9.159301739849880164e+00
2.924999999999999822e-01 1.570654064048118137e+01 -8.648623788090242570e+00 -9.232866959518814198e+00
2.939999999999999836e-01 1.638266162107144197e+01 -8.645318664642841711e+00 -9.218031493214269290e+00
2.954999999999999849e-01 1.719847727239133661e+01 -8.647011727608662213e+00 -9.196842056180090097e+00
2.969999999999999862e-01 1.677746187919264287e+01 -8.641873977950213614e+00 -9.174888477950213783e+00
2.984999999999999876e-01 1.314707115479417610e+01 -8.675290559491536158e+00 -9.262493316634392571e+00
2.999999999999999889e-01 1.703680509822466504e+01 -8.651567616061047516e+00 -9.182118058918190329e+00
3.014999999999999902e-01 1.628936370850846060e+01 -8.671399148634392873e+00 -9.244315834348679317e+00
3.029999999999999916e-01 1.344663555609412597e+01 -8.692189015334443880e+00 -9.300216701048729107e+00
3.044999999999999929e-01 1.345046635428297499e+01 -8.701047645717022050e+00 -9.288045245717022169e+00
3.059999999999999942e-01 1.687286895922913033e+01 -8.671632612199436707e+00 -9.186211783628008831e+00
3.074999999999999956e-01 1.489742194136805509e+01 -8.699739915774799215e+00 -9.271054530060514054e+00
3.089999999999999969e-01 1.436700529970228857e+01 -8.708634128869137569e+00 -9.283842457440565354e+00
3.104999999999999982e-01 1.707388760465859079e+01 -8.679742252484265563e+00 -9.175455066769979240e+00
3.119999999999999996e-01 1.344697171237365829e+01 -8.726477001912055442e+00 -9.331233487626342082e+00
3.135000000000000009e-01 1.348605333612269419e+01 -8.732602235305874316e+00 -9.342934321020159416e+00
3.150000000000000022e-01 1.569551390346229525e+01 -8.713122382251986764e+00 -9.268785325109130113e+00
3.165000000000000036e-01 1.400533912765899203e+01 -8.727382729483862178e+00 -9.274066358055291559e+00
3.180000000000000049e-01 1.499630043626070197e+01 -8.722337706596439588e+00 -9.259279606596440004e+00
3.195000000000000062e-01 1.496673782823958376e+01 -8.734245028903274033e+00 -9.279873614617558886e+00
3.210000000000000075e-01 1.728441701684918286e+01 -8.716478268865099466e+00 -9.218784526007956615e+00
3.225000000000000089e-01 1.428352371533873466e+01 -8.746344856089832476e+00 -9.307714927518404124e+00
3.240000000000000102e-01 1.382324792266744140e+01 -8.748885505903984949e+00 -9.313831663046840958e+00
3.255000000000000115e-01 1.255826392350446952e+01 -8.764857076495529142e+00 -9.327400390781242834e+00
3.270000000000000129e-01 1.193628314537182611e+01 -8.775105140342459364e+00 -9.364483697485315616e+00
3.285000000000000142e-01 1.221525130150149963e+01 -8.779483269927069955e+00 -9.387373312784212942e+00
3.300000000000000155e-01 1.223155981940688619e+01 -8.775799323450252487e+00 -9.337225894878823595e+00
3.315000000000000169e-01 1.254889155516853450e+01 -8.786447873402892128e+00 -9.366531901974321173e+00
3.330000000000000182e-01 1.117947079343409733e+01 -8.799934492280186760e+00 -9.419217777994472129e+00
3.345000000000000195e-01 1.106060896170410857e+01 -8.802816895438747125e+00 -9.434474224010175547e+00
3.360000000000000209e-01 1.314089605890337609e+01 -8.795457941096621823e+00 -9.365012398239478841e+00
3.375000000000000222e-01 1.214298922680957560e+01 -8.805620773190421247e+00 -9.376186601761849815e+00
3.390000000000000235e-01 1.183389703576753682e+01 -8.811429392803889371e+00 -9.404177521375316928e+00
3.405000000000000249e-01 1.157546377040352326e+01 -8.822702515310758997e+00 -9.426804086739331012e+00
3.420000000000000262e-01 1.208707371533954067e+01 -8.821818284660459142e+00 -9.416916956089028901e+00
3.435000000000000275e-01 1.291271115519332291e+01 -8.815936416235244266e+00 -9.381421544806672230e+00
3.449999999999999734e-01 1.171869894600692419e+01 -8.829330625421642154e+00 -9.421544353993072107e+00
3.464999999999999747e-01 1.149687994381814526e+01 -8.833552199038996022e+00 -9.437151184753281186e+00
3.479999999999999760e-01 9.916134147517656316e+00 -8.853817423910912865e+00 -9.464658509625198946e+00
3.494999999999999774e-01 1.080010012742048175e+01 -8.840255872579517060e+00 -9.419001386865231140e+00
3.509999999999999787e-01 1.138466788240881478e+01 -8.841789117591185132e+00 -9.424568831876898756e+00
3.524999999999999800e-01 1.133447312564632448e+01 -8.850923874353672005e+00 -9.417224988639386396e+00
3.539999999999999813e-01 1.156720442743531585e+01 -8.853192143993251051e+00 -9.411523843993251148e+00
3.554999999999999827e-01 1.033212892950242789e+01 -8.869111213354713641e+00 -9.476805099069000704e+00
3.569999999999999840e-01 1.078479377357006719e+01 -8.862734369287075253e+00 -9.446618097858504370e+00
3.584999999999999853e-01 1.018222467278499899e+01 -8.866756755786429522e+00 -9.464977784357857971e+00
3.599999999999999867e-01 1.006121448314691591e+01 -8.875944802567371283e+00 -9.481466816853085788e+00
3.614999999999999880e-01 1.037607891779414437e+01 -8.872348510777280595e+00 -9.461904810777280517e+00
3.629999999999999893e-01 9.298266547003683158e+00 -8.888631167282030177e+00 -9.517211952996316171e+00
3.644999999999999907e-01 8.861374512476869469e+00 -8.895046773237414328e+00 -9.525717616094556917e+00
3.659999999999999920e-01 8.924184241625150449e+00 -8.887007472660560126e+00 -9.498587086946274738e+00
3.674999999999999933e-01 8.568995733284339167e+00 -8.902058552429945593e+00 -9.531989095287089597e+00
3.689999999999999947e-01 9.420486129143199605e+00 -8.893426727999656833e+00 -9.492349256571085192e+00
3.704999999999999960e-01 9.546395428029173402e+00 -8.905527000542253546e+00 -9.537567900542253341e+00
3.719999999999999973e-01 8.796842200194094019e+00 -8.913164371234476135e+00 -9.549625785520191812e+00
3.734999999999999987e-01 7.961663587314175672e+00 -8.913136841257252030e+00 -9.540835512685822195e+00
3.750000000000000000e-01 8.741033873918619079e+00 -8.913796554652808624e+00 -9.537986768938521820e+00
3.765000000000000013e-01 1.001777877310387943e+01 -8.910007084038976899e+00 -9.505655369753261752e+00
3.780000000000000027e-01 9.417655426533672269e+00 -8.914979859180611754e+00 -9.505610544894897984e+00
3.795000000000000040e-01 8.503038118724704830e+00 -8.926678309846721504e+00 -9.549936024132435364e+00
3.810000000000000053e-01 1.007753684847524234e+01 -8.920610008667612334e+00 -9.513631437239039812e+00
3.825000000000000067e-01 9.161867328865115567e+00 -8.924867242563452763e+00 -9.521673756849166281e+00
3.840000000000000080e-01 9.058055272970005234e+00 -8.929262441315708898e+00 -9.537121355601422934e+00
3.855000000000000093e-01 7.858473536718594943e+00 -8.942066606138546092e+00 -9.583511434709974353e+00
3.870000000000000107e-01 7.851282118892587647e+00 -8.944636309678839936e+00 -9.593312952535981708e+00
3.885000000000000120e-01 8.434196732555250264e+00 -8.942029838873317260e+00 -9.566431710301889879e+00
3.900000000000000133e-01 7.824541662194310021e+00 -8.948493623519972573e+00 -9.574980666377115313e+00
3.915000000000000147e-01 9.300974049436227631e+00 -8.946797521992341018e+00 -9.554466421992341196e+00
3.930000000000000160e-01 9.931963893046194869e+00 -8.945695821239517898e+00 -9.523642006953803474e+00
3.945000000000000173e-01 9.506036906071011927e+00 -8.951544951071843670e+00 -9.536450608214700253e+00
3.960000000000000187e-01 8.937981658696225296e+00 -8.957107627018057627e+00 -9.540264869875199949e+00
3.975000000000000200e-01 9.071973863960431927e+00 -8.957491993182424395e+00 -9.532406136039567102e+00
3.990000000000000213e-01 7.300409234898113553e+00 -8.971655479387596444e+00 -9.574812665101882558e+00
4.005000000000000226e-01 9.132983484539675345e+00 -8.963906229746038790e+00 -9.563150744031752026e+00
4.020000000000000240e-01 8.020440897339993214e+00 -8.973565816945722418e+00 -9.587275816945721729e+00
4.035000000000000253e-01 8.841861472035574820e+00 -8.972851527964424534e+00 -9.561169199392995921e+00
4.050000000000000266e-01 8.406712350215999052e+00 -8.978623078355429499e+00 -9.568333206926858736e+00
4.064999999999999725e-01 8.456634959181048572e+00 -8.978077755104663993e+00 -9.565177497961805386e+00
4.079999999999999738e-01 7.034417869083586794e+00 -8.988738416630695838e+00 -9.605957630916410750e+00
4.094999999999999751e-01 6.633973935786697140e+00 -8.995590064213303094e+00 -9.633055107070445544e+00
4.109999999999999765e-01 7.735787443720818501e+00 -8.995780413422034272e+00 -9.602978770564892130e+00
4.124999999999999778e-01 7.841925534455214120e+00 -8.997596608401924101e+00 -9.610131836973353714e+00
4.139999999999999791e-01 7.042858206697943046e+00 -9.002217936159198075e+00 -9.627319864730626620e+00
4.154999999999999805e-01 7.095668316295871136e+00 -9.004619826561269136e+00 -9.622082197989840324e+00
4.169999999999999818e-01 7.796394433377550115e+00 -9.006190423765303876e+00 -9.613359566622445840e+00
4.184999999999999831e-01 8.785923699496063222e+00 -9.000017729075365125e+00 -9.567090471932507612e+00
4.199999999999999845e-01 7.656618970486176678e+00 -9.009633029513825164e+00 -9.594555243799538502e+00
4.214999999999999858e-01 7.015101673607198052e+00 -9.015067326392800950e+00 -9.617408812107086646e+00
4.229999999999999871e-01 6.355594664685858319e+00 -9.020049906742711343e+00 -9.625731049599853151e+00
4.244999999999999885e-01 7.355987942402007818e+00 -9.015950343312276516e+00 -9.611019986169418772e+00
4.259999999999999898e-01 7.731744362574339391e+00 -9.021192494568515130e+00 -9.636253708854230382e+00
4.274999999999999911e-01 6.971742495303262288e+00 -9.026713076125306046e+00 -9.639664947553876928e+00
4.289999999999999925e-01 6.900819482113758951e+00 -9.029087946457668323e+00 -9.642690860743384107e+00
4.304999999999999938e-01 7.165311035955378216e+00 -9.026184392616048768e+00 -9.622756764044620326e+00
4.319999999999999951e-01 6.289998584059398823e+00 -9.033747701654883500e+00 -9.644571873083455316e+00
4.334999999999999964e-01 7.013986410795981286e+00 -9.035646446346872196e+00 -9.649169332061157789e+00
4.349999999999999978e-01 6.195940229102724572e+00 -9.045347485182988478e+00 -9.675697970897273237e+00
4.364999999999999991e-01 6.494917180484678809e+00 -9.045133105229604453e+00 -9.669636933801031731e+00
4.380000000000000004e-01 6.308250120728652988e+00 -9.045440307842772754e+00 -9.655940250699915239e+00
4.395000000000000018e-01 7.279896191331763688e+00 -9.037252237239663089e+00 -9.636110665811091991e+00
4.410000000000000031e-01 6.941578248072893587e+00 -9.029926466212819136e+00 -9.624453866212819619e+00
4.425000000000000044e-01 6.724299146726963272e+00 -9.023946853273034918e+00 -9.611537638987321941e+00
4.440000000000000058e-01 6.182064600207812788e+00 -9.022370399792189133e+00 -9.630845485506474901e+00
4.455000000000000071e-01 7.011004607139607714e+00 -9.018846821431820260e+00 -9.633049764288962535e+00
4.470000000000000084e-01 7.405010594714021011e+00 -9.017990833857409072e+00 -9.638620933857408701e+00
4.485000000000000098e-01 8.017615418690212437e+00 -9.003916724166927565e+00 -9.602817067024071562e+00
4.500000000000000111e-01 6.292027649109131815e+00 -9.016850065176578610e+00 -9.652938379462293383e+00
4.515000000000000124e-01 6.837640141722097553e+00 -9.012612143992186020e+00 -9.647467586849328924e+00
4.530000000000000138e-01 6.059564323705069810e+00 -9.010255819152069634e+00 -9.651268947723497860e+00
4.545000000000000151e-01 5.900200193658681869e+00 -9.011966234912744511e+00 -9.659440220627031337e+00
4.560000000000000164e-01 6.712294893036791166e+00 -9.007049106963206597e+00 -9.633613306963207279e+00
4.575000000000000178e-01 6.477944134717937175e+00 -9.010470722424919643e+00 -9.651936936710635351e+00
4.590000000000000191e-01 6.539555060148179777e+00 -9.009734368423245598e+00 -9.641402696994674670e+00
4.605000000000000204e-01 6.197836239341134146e+00 -9.005999760658864872e+00 -9.637234246373150626e+00
4.620000000000000218e-01 5.775106242306517146e+00 -9.008088900550623279e+00 -9.641616257693479852e+00
4.635000000000000231e-01 6.575510781907313529e+00 -9.001552503806969696e+00 -9.622494318092684296e+00
4.650000000000000244e-01 7.109066999574062962e+00 -8.998429286140222416e+00 -9.619468414711651150e+00
4.665000000000000258e-01 7.542096322447720880e+00 -9.012880963266566070e+00 -9.619855706123708217e+00
4.680000000000000271e-01 6.958280177665377764e+00 -9.025904108048907304e+00 -9.635251308048907504e+00
4.694999999999999729e-01 6.410678563788849260e+00 -9.034082579068295260e+00 -9.645876450496865928e+00
4.709999999999999742e-01 6.794688622233222119e+00 -9.037347520623919550e+00 -9.634209977766776234e+00
4.724999999999999756e-01 6.148611780124037196e+00 -9.047688934161673302e+00 -9.669362005590244280e+00
4.739999999999999769e-01 5.408649464582998334e+00 -9.055785821131285829e+00 -9.693092006845571262e+00
4.754999999999999782e-01 5.283463102727953498e+00 -9.059189611557759036e+00 -9.700278825843472674e+00
4.769999999999999796e-01 6.000124121672939737e+00 -9.060154735469915011e+00 -9.670002878327059292e+00
4.784999999999999809e-01 6.048139662813875717e+00 -9.067433908614697557e+00 -9.664629965757553620e+00
4.799999999999999822e-01 7.054065438971424129e+00 -9.062500703885717712e+00 -9.648157889600001980e+00
4.814999999999999836e-01 6.935401448676739022e+00 -9.070237551323259595e+00 -9.660463308466116672e+00
4.829999999999999849e-01 6.781413404742869133e+00 -9.073954880971415449e+00 -9.675327766685700936e+00
4.844999999999999862e-01 6.765169877121916642e+00 -9.078003551449510766e+00 -9.674947765735224081e+00
4.859999999999999876e-01 7.322062292905046732e+00 -9.077254421380665406e+00 -9.655510007094951774e+00
4.874999999999999889e-01 6.718793507751065874e+00 -9.081768063677502667e+00 -9.679201820820360069e+00
4.889999999999999902e-01 5.459594948743562881e+00 -9.087962579827864928e+00 -9.686740394113579455e+00
4.904999999999999916e-01 5.527608042962341983e+00 -9.091119628466227454e+00 -9.699475671323371628e+00
4.919999999999999929e-01 5.592755646054870411e+00 -9.094060125373697900e+00 -9.703936082516555928e+00
4.934999999999999942e-01 5.081644899379130109e+00 -9.102277714906582773e+00 -9.722606014906583383e+00
4.949999999999999956e-01 5.729364372860768384e+00 -9.099918155710659207e+00 -9.712017984282088179e+00
4.964999999999999969e-01 5.054572636421665877e+00 -9.103024792149762234e+00 -9.727201549292619376e+00
4.979999999999999982e-01 5.809646831408542766e+00 -9.101159968591453264e+00 -9.698446554305739653e+00
4.994999999999999996e-01 6.189911242021503668e+00 -9.105804157978493407e+00 -9.698144586549922508e+00
5.010000000000000009e-01 5.927193009599768914e+00 -9.106629976114513525e+00 -9.700172447543085497e+00
5.024999999999999467e-01 5.604626418335977078e+00 -9.114078467378307735e+00 -9.722773881664021900e+00
5.040000000000000036e-01 6.212554323847596649e+00 -9.111490219009542813e+00 -9.699902361866685752e+00
5.054999999999999494e-01 6.709512438891245267e+00 -9.112385532537322419e+00 -9.690060589680179248e+00
5.070000000000000062e-01 7.520160761934100435e+00 -9.100971323780182587e+00 -9.627265880923038921e+00
5.084999999999999520e-01 6.271630720011060589e+00 -9.118882308560367633e+00 -9.697339565703224196e+00
5.100000000000000089e-01 5.956799454439028807e+00 -9.118995659846682145e+00 -9.709205859846681719e+00
5.114999999999999547e-01 6.315066963674075495e+00 -9.107288693468781560e+00 -9.693875979183067315e+00
5.130000000000000115e-01 5.497437531882848560e+00 -9.105811810974293152e+00 -9.706261325260008732e+00
5.144999999999999574e-01 5.422909728942610030e+00 -9.101808328200245768e+00 -9.704646156771675081e+00
5.160000000000000142e-01 5.486902124726929841e+00 -9.097215389558781951e+00 -9.702680089558782583e+00
5.174999999999999600e-01 5.473869003391422794e+00 -9.098692996608575001e+00 -9.707134582322860084e+00
5.190000000000000169e-01 6.640891791945172429e+00 -9.088370250911967929e+00 -9.669037308054825530e+00
5.204999999999999627e-01 7.649834774536458326e+00 -9.086574639749255056e+00 -9.667569625463540817e+00
5.220000000000000195e-01 6.115467949595611685e+00 -9.092001993261531467e+00 -9.692126921832960207e+00
5.234999999999999654e-01 5.655558458406460431e+00 -9.086543098736395763e+00 -9.687841384450681659e+00
5.250000000000000222e-01 5.476232013677753585e+00 -9.090715357750816850e+00 -9.702887386322245789e+00
5.264999999999999680e-01 6.032314328114603441e+00 -9.086050229028252545e+00 -9.689170614742536713e+00
5.280000000000000249e-01 5.773255400132770276e+00 -9.085110442724371183e+00 -9.689093399867228840e+00
5.294999999999999707e-01 4.519843799572962340e+00 -9.089276543284180221e+00 -9.719988414712750213e+00
5.310000000000000275e-01 5.397582381986545386e+00 -9.087052889442023940e+00 -9.713436018013451800e+00
5.324999999999999734e-01 6.510786860064134984e+00 -9.081346011364436421e+00 -9.671563397078720925e+00
5.340000000000000302e-01 6.720027232207012702e+00 -9.077159396364415045e+00 -9.650489353507271773e+00
5.354999999999999760e-01 7.220253496812862437e+00 -9.072619074615708712e+00 -9.645190931758566677e+00
5.370000000000000329e-01 6.762387080847194198e+00 -9.084425476295661994e+00 -9.642979890581376168e+00
5.384999700000000500e-01 5.365150832637871403e+00 -9.105833453076412454e+00 -9.703024453076412925e+00
5.400000000000000355e-01 6.014617629331123538e+00 -9.106277227811732544e+00 -9.691355213526017920e+00
5.415000300000000211e-01 6.843891740677598534e+00 -9.109425102179541156e+00 -9.667151602179540504e+00
5.430000000000000382e-01 6.258904579025468706e+00 -9.113019049545959760e+00 -9.661757349545959883e+00
5.444999700000000553e-01 6.039379014368883247e+00 -9.122256842773969865e+00 -9.700656357059683543e+00
5.460000000000000409e-01 5.909975059811136688e+00 -9.123900283046006976e+00 -9.708200811617436088e+00
5.475000300000000264e-01 5.234269841975409676e+00 -9.131054600881734373e+00 -9.721216800881734343e+00
5.490000000000000435e-01 6.633031915797774403e+00 -9.131274069916509362e+00 -9.686154784202223311e+00
5.504999699999999496e-01 6.946195580085152699e+00 -9.131132534200560258e+00 -9.682891219914846914e+00
5.520000000000000462e-01 7.214997991038261560e+00 -9.133851608961737867e+00 -9.698679937533166040e+00
5.535000300000000317e-01 6.134226275011128493e+00 -9.138716582131726440e+00 -9.700654239274584256e+00
5.550000000000000488e-01 5.288378986671729010e+00 -9.147849684756840460e+00 -9.731400970471126399e+00
5.564999699999999550e-01 6.345813282210215789e+00 -9.145947260646927646e+00 -9.712253974932641754e+00
5.580000000000000515e-01 5.559217746638077884e+00 -9.150483724790491991e+00 -9.722538596219063578e+00
5.595000300000000371e-01 6.176558077469909591e+00 -9.148941208244375289e+00 -9.711524822530089196e+00
5.610000000000000542e-01 6.534599971963880094e+00 -9.150853713750402463e+00 -9.705765028036116959e+00
5.624999699999999603e-01 6.773616300835287873e+00 -9.151355784878997923e+00 -9.712869256307568477e+00
5.639999999999999458e-01 7.076171363619721433e+00 -9.152026350665991572e+00 -9.702904950665990569e+00
5.655000300000000424e-01 6.397125143279192017e+00 -9.160079228149376362e+00 -9.717367642435091213e+00
5.669999999999999485e-01 6.692071908234686006e+00 -9.156494548908169051e+00 -9.696359306051027360e+00
5.684999699999999656e-01 5.046180243725665093e+00 -9.171452713417190594e+00 -9.749293699131476032e+00
5.699999999999999512e-01 6.224061592382282626e+00 -9.162813636189145683e+00 -9.721885621903430419e+00
5.715000300000000477e-01 5.580064508329421358e+00 -9.170751291670574901e+00 -9.740333948813432841e+00
5.729999999999999538e-01 6.511174688294920188e+00 -9.164361983133648693e+00 -9.704401668847935980e+00
5.744999699999999709e-01 6.038502146327147102e+00 -9.167422096529994846e+00 -9.702165439387137269e+00
5.759999999999999565e-01 5.021974039578408266e+00 -9.177171846135877331e+00 -9.741824031850162768e+00
5.775000300000000530e-01 4.915758921909077372e+00 -9.179377349519493023e+00 -9.758946049519492405e+00
5.789999999999999591e-01 6.082649632640729109e+00 -9.178078595930697858e+00 -9.738085067359270042e+00
5.804999699999999763e-01 6.907701900343960588e+00 -9.171786899656039438e+00 -9.687067942513181151e+00
5.819999999999999618e-01 6.177111453835095745e+00 -9.178077589022045402e+00 -9.705293131879187740e+00
5.835000299999999473e-01 6.469443989568327780e+00 -9.182739196145956129e+00 -9.735269053288813978e+00
5.849999999999999645e-01 6.215183775174450531e+00 -9.185102124825547776e+00 -9.740398110539834065e+00
5.864999699999999816e-01 5.928050825173878380e+00 -9.185858289111834551e+00 -9.742963689111835635e+00
5.879999999999999671e-01 5.338160868617379151e+00 -9.191324431382620119e+00 -9.753210974239761910e+00
5.895000299999999527e-01 5.819629601697027255e+00 -9.192577712588684946e+00 -9.745234898302969739e+00
5.909999999999999698e-01 7.468605577496896686e+00 -9.185258665360244379e+00 -9.708141622503102752e+00
5.924999699999999869e-01 5.914941667914792589e+00 -9.197021832085203741e+00 -9.744064389228061174e+00
5.939999999999999725e-01 5.425687887949226962e+00 -9.198674140622202344e+00 -9.749554040622200546e+00
5.955000299999999580e-01 5.387815647817049580e+00 -9.200734295040092547e+00 -9.750804109325805769e+00
5.969999999999999751e-01 5.260809214628281438e+00 -9.199762156800289858e+00 -9.745278499657432647e+00
5.984999699999999923e-01 6.088380031942818960e+00 -9.200053910914324007e+00 -9.735994968057182675e+00
5.999999999999999778e-01 6.429160972134463137e+00 -9.203448399294106963e+00 -9.739162442151249266e+00
6.015000299999999633e-01 5.916366302303238456e+00 -9.207463026268191797e+00 -9.759456911982477223e+00
6.029999999999999805e-01 6.825761717872014245e+00 -9.199794924985129185e+00 -9.720407810699414952e+00
6.044999699999999976e-01 6.485010091204642890e+00 -9.207022923081069621e+00 -9.745185237366785103e+00
6.059999999999999831e-01 5.881234294906352744e+00 -9.208544462236504913e+00 -9.752569919379363128e+00
6.075000299999999687e-01 5.683195738675811626e+00 -9.211006975609899783e+00 -9.744536575609899387e+00
6.089999999999999858e-01 5.923302974821444522e+00 -9.210841510892839423e+00 -9.738584682321411279e+00
6.104999700000000029e-01 5.731303161652880007e+00 -9.211500338347120120e+00 -9.745576538347119566e+00
6.119999999999999885e-01 4.841999172005735375e+00 -9.220777556565691313e+00 -9.781424756565691325e+00
6.135000299999999740e-01 5.172620986750018801e+00 -9.218199741821408111e+00 -9.767171284678552112e+00
6.149999999999999911e-01 5.727814300795202485e+00 -9.219652242061938452e+00 -9.760301656347653676e+00
6.164999700000000082e-01 5.797244844109970430e+00 -9.220712798747170424e+00 -9.759895213032883987e+00
6.179999999999999938e-01 4.739834061187867320e+00 -9.225653667383559409e+00 -9.785010495954988841e+00
6.195000299999999793e-01 5.587400504071476703e+00 -9.223926581642809097e+00 -9.772638224499951676e+00
6.209999999999999964e-01 6.604391295986864918e+00 -9.220436346870275912e+00 -9.754445489727418206e+00
6.224999700000000136e-01 6.445645024275020063e+00 -9.219676304296408276e+00 -9.748233975724978961e+00
6.239999999999999991e-01 5.915657419372086778e+00 -9.228471780627911514e+00 -9.772303666342196493e+00
6.255000299999999847e-01 6.797192747351616049e+00 -9.219954881219813103e+00 -9.734307424076956039e+00
6.270000000000000018e-01 5.353872416900395947e+00 -9.229902811671031770e+00 -9.777945025956746861e+00
6.284999700000000189e-01 5.832279301302097707e+00 -9.226520355840758469e+00 -9.758761712983616832e+00
6.300000000000000044e-01 5.277649131220137235e+00 -9.230057240208433100e+00 -9.756668683065575109e+00
6.315000299999999900e-01 6.074047601046002498e+00 -9.229358413239708625e+00 -9.749120313239707514e+00
6.330000000000000071e-01 6.033974690642772032e+00 -9.234142223642940905e+00 -9.767779766500083838e+00
6.344999700000000242e-01 6.539337559235736563e+00 -9.232925812192833703e+00 -9.767616812192834175e+00
6.360000000000000098e-01 6.264146223428820548e+00 -9.231677533714035988e+00 -9.758572919428321057e+00
6.375000299999999953e-01 6.776080663075585875e+00 -9.230408565495844542e+00 -9.735216822638701473e+00
6.390000000000000124e-01 6.648469429216650184e+00 -9.235891656497635438e+00 -9.754475627926206371e+00
6.404999700000000296e-01 5.718113967017899313e+00 -9.238922547267813812e+00 -9.770216504410671021e+00
6.420000000000000151e-01 5.900001436165545954e+00 -9.236910578120168580e+00 -9.751753463834454294e+00
6.435000300000000006e-01 6.251148959119356974e+00 -9.238567640880642529e+00 -9.758662540880642666e+00
6.450000000000000178e-01 5.521555086670227652e+00 -9.243013670472628007e+00 -9.772062256186913487e+00
6.464999700000000349e-01 5.555491264209271307e+00 -9.243889107219299461e+00 -9.762118321505013796e+00
6.480000000000000204e-01 6.329421794503916843e+00 -9.241121391210366909e+00 -9.751540676924651763e+00
6.495000300000000060e-01 5.987540942621434326e+00 -9.243858071664277531e+00 -9.766999185949991613e+00
6.510000000000000231e-01 6.287900116247143956e+00 -9.244622355181427054e+00 -9.755593555181427234e+00
6.524999700000000402e-01 6.598830760996317935e+00 -9.244900810432254090e+00 -9.748823010432253966e+00
6.540000000000000258e-01 7.090922894145096578e+00 -9.244563862997759784e+00 -9.743312720140616889e+00
6.555000300000000113e-01 7.321893637655255915e+00 -9.244697233773312206e+00 -9.728555576630455448e+00
6.570000000000000284e-01 7.010035827536425401e+00 -9.246864101035001227e+00 -9.732430786749286966e+00
6.584999700000000455e-01 7.339182338198382283e+00 -9.248284276087330724e+00 -9.740481661801617008e+00
6.600000000000000311e-01 6.687806044282041285e+00 -9.252220827146530269e+00 -9.756452298575101878e+00
6.615000300000000166e-01 6.025631210359279066e+00 -9.253861803926437091e+00 -9.758716103926436958e+00
6.630000000000000338e-01 6.535244957908185270e+00 -9.253064684948954621e+00 -9.742591284948954211e+00
6.644999700000000509e-01 7.874917304417694552e+00 -9.249911567010876468e+00 -9.721155281296590900e+00
6.660000000000000364e-01 7.146831124749526865e+00 -9.253120103821897757e+00 -9.724632460964755865e+00
6.675000300000000220e-01 6.293283540372698326e+00 -9.256355645341583838e+00 -9.747531388198726887e+00
6.690000000000000391e-01 6.282401672520808944e+00 -9.259955798907762770e+00 -9.769393341764905259e+00
6.704999699999999452e-01 5.792464110332254279e+00 -9.263475261096315805e+00 -9.770724675382030711e+00
6.720000000000000417e-01 6.083495157459921643e+00 -9.259028271111509056e+00 -9.757115456825793842e+00
6.735000300000000273e-01 6.118203363699828756e+00 -9.263028936300168326e+00 -9.765092493443026100e+00
6.750000000000000444e-01 6.635135850042431116e+00 -9.262429907100424131e+00 -9.750729849957567197e+00
6.764999699999999505e-01 7.406412634417359087e+00 -9.259561894154069606e+00 -9.747458422725499005e+00
6.780000000000000471e-01 6.720553734981814742e+00 -9.266902550732471155e+00 -9.762091365018186195e+00
6.795000300000000326e-01 6.943511987003036623e+00 -9.262995441568389055e+00 -9.743849998711246130e+00
6.810000000000000497e-01 7.193425939801084468e+00 -9.259921860198913279e+00 -9.732349303056057721e+00
6.824999699999999558e-01 6.406047040095712575e+00 -9.267504959904286466e+00 -9.756715488475716569e+00
6.840000000000000524e-01 6.737445306261623301e+00 -9.265366250881232446e+00 -9.749415950881232362e+00
6.855000300000000379e-01 7.995890716181467184e+00 -9.261379798104243832e+00 -9.737396312389957842e+00
6.870000000000000551e-01 6.556380390363395705e+00 -9.272833081065176231e+00 -9.774344509636604172e+00
6.884999699999999612e-01 6.738014347173319152e+00 -9.269147767112393410e+00 -9.756066067112394435e+00
6.899999999999999467e-01 7.070306890916606690e+00 -9.270252880511964833e+00 -9.760439180511966129e+00
6.915000300000000433e-01 6.031146570664084550e+00 -9.271376100764483041e+00 -9.764651815050196859e+00
6.929999999999999494e-01 6.410187649541940758e+00 -9.271395479029488129e+00 -9.760968293315201549e+00
6.944999699999999665e-01 5.635591574703965989e+00 -9.276257139581746358e+00 -9.768186211010318587e+00
6.959999999999999520e-01 5.340958364956501114e+00 -9.280188620757781948e+00 -9.795092792186354202e+00
6.975000300000000486e-01 5.991443711988482690e+00 -9.278728702297227571e+00 -9.784952488011514404e+00
6.989999999999999547e-01 6.327403307259762855e+00 -9.276539164168809748e+00 -9.770690349883095038e+00
7.004999699999999718e-01 6.988948598139476331e+00 -9.272247430431949766e+00 -9.754244587574806502e+00
7.019999999999999574e-01 6.679126746505218648e+00 -9.276896910637637106e+00 -9.765129053494780109e+00
7.035000300000000539e-01 6.062526300951123659e+00 -9.282930299048874900e+00 -9.786387341906017667e+00
7.049999999999999600e-01 6.157015809843498388e+00 -9.281625290156499730e+00 -9.772183318727927670e+00
7.064999699999999772e-01 7.155515292194273513e+00 -9.277186379234299451e+00 -9.757449036377156659e+00
7.079999999999999627e-01 7.263893338665422306e+00 -9.274614918477430692e+00 -9.749381775620287627e+00
7.095000299999999482e-01 5.484865640471937809e+00 -9.287359102385202902e+00 -9.787987373813773928e+00
7.109999999999999654e-01 6.403912174316559458e+00 -9.282201511397726534e+00 -9.767130482826296145e+00
7.124999699999999825e-01 6.088552959424259114e+00 -9.279884697718598474e+00 -9.783079526290027417e+00
7.139999999999999680e-01 6.238505158097423120e+00 -9.269383056188287284e+00 -9.758142427616858683e+00
7.155000299999999536e-01 6.199223032744688666e+00 -9.266060038683882283e+00 -9.760499438683881479e+00
7.169999999999999707e-01 6.390287988406605280e+00 -9.260524611593393018e+00 -9.752959811593393979e+00
7.184999699999999878e-01 6.411401473091494552e+00 -9.260304026908503516e+00 -9.762449155479933083e+00
7.199999999999999734e-01 6.467317792169550827e+00 -9.258748964973303686e+00 -9.765313893544732338e+00
7.215000299999999589e-01 6.618312636387313930e+00 -9.257561420755543224e+00 -9.751935163612685642e+00
7.229999999999999760e-01 6.712590267695956570e+00 -9.255560718018326583e+00 -9.760891489446898106e+00
7.244999699999999931e-01 5.998079277171715518e+00 -9.255585337114000666e+00 -9.763518765685429202e+00
7.259999999999999787e-01 5.930512541822857031e+00 -9.260664372462855454e+00 -9.773784901034282768e+00
7.275000299999999642e-01 5.938682895020930275e+00 -9.258996276407641446e+00 -9.777084062121925712e+00
7.289999999999999813e-01 6.301877455629147917e+00 -9.254652858656562842e+00 -9.751721344370849920e+00
7.304999699999999985e-01 6.874414814933336615e+00 -9.249124999352375198e+00 -9.729118356495233044e+00
7.319999999999999840e-01 5.803449278721544147e+00 -9.252004535564168464e+00 -9.761149349849882029e+00
7.335000299999999696e-01 5.622636537277434954e+00 -9.253519734151137044e+00 -9.759987048436851609e+00
7.349999999999999867e-01 6.466200852091960272e+00 -9.248250433622326128e+00 -9.740568762193754893e+00
7.364999700000000038e-01 6.316340814659366032e+00 -9.249603613912059430e+00 -9.747327299626345365e+00
7.379999999999999893e-01 5.447780730974880470e+00 -9.254570311882259759e+00 -9.769494440453689421e+00
7.395000299999999749e-01 6.396317719664263990e+00 -9.248712608907162291e+00 -9.746441366050019539e+00
7.409999999999999920e-01 5.834071756276195231e+00 -9.252192772295229517e+00 -9.757447043723800562e+00
7.424999700000000091e-01 6.626765718226469204e+00 -9.247690053202100913e+00 -9.730828996059244673e+00
7.439999999999999947e-01 6.480296768859140855e+00 -9.252581745426573079e+00 -9.751129759712288347e+00
7.455000299999999802e-01 6.772054883714933027e+00 -9.249548059142208345e+00 -9.748606859142206815e+00
7.469999999999999973e-01 6.054924323830242372e+00 -9.248073619026898839e+00 -9.749642090455470367e+00
7.484999700000000145e-01 5.531083681112649586e+00 -9.251136018887349266e+00 -9.767209447458778726e+00
7.500000000000000000e-01 6.259725833396727168e+00 -9.247697909460416810e+00 -9.753010780888988762e+00
7.515000299999999855e-01 6.455267898853859876e+00 -9.245886744003280810e+00 -9.742001944003281011e+00
7.530000000000000027e-01 5.953974138295308194e+00 -9.247845190276120064e+00 -9.747344518847549821e+00
7.544999700000000198e-01 5.530896000976399662e+00 -9.248564356166456335e+00 -9.759828070452169158e+00
7.560000000000000053e-01 6.584712079221025860e+00 -9.241958877921828019e+00 -9.738320549350399702e+00
7.575000299999999909e-01 5.944009490975535215e+00 -9.244798223310176866e+00 -9.747854923310177000e+00
7.590000000000000080e-01 6.454371068256051558e+00 -9.241449431743948395e+00 -9.742278874601090877e+00
7.604999700000000251e-01 5.685602546235884347e+00 -9.246722796621256180e+00 -9.756334682335541686e+00
7.620000000000000107e-01 5.965288231727058132e+00 -9.242757911130082604e+00 -9.755785496844367799e+00
7.635000299999999962e-01 5.513272385309447188e+00 -9.242222614690552618e+00 -9.753718571833410067e+00
7.650000000000000133e-01 5.518020695919778618e+00 -9.240870275508793696e+00 -9.753349289794506660e+00
7.664999700000000304e-01 6.306423184648153324e+00 -9.227075286780415553e+00 -9.727571886780413735e+00
7.680000000000000160e-01 6.218031301364941754e+00 -9.223114927206488289e+00 -9.728806298635060301e+00
7.695000300000000015e-01 6.606937877856422503e+00 -9.213919807857863020e+00 -9.707496779286433508e+00
7.710000000000000187e-01 6.510615745695671919e+00 -9.207891954304328053e+00 -9.709617268590042372e+00
7.724999700000000358e-01 6.247906354745515145e+00 -9.204942616683055689e+00 -9.712914859540196844e+00
7.740000000000000213e-01 5.925106869362021911e+00 -9.202914244923691811e+00 -9.721317002066548696e+00
7.755000300000000069e-01 6.533604406825054056e+00 -9.196674636032085459e+00 -9.716377250317799863e+00
7.770000000000000240e-01 6.043053227059781207e+00 -9.198701487225934059e+00 -9.725023772940218691e+00
7.784999700000000411e-01 6.290860494414818760e+00 -9.195733919870892947e+00 -9.721808991299463187e+00
7.800000000000000266e-01 6.819920516302159896e+00 -9.186421940840695299e+00 -9.692474940840694941e+00
7.815000300000000122e-01 7.118314695496707145e+00 -9.181967890217578088e+00 -9.690102547360433860e+00
7.830000000000000293e-01 6.694334434562893676e+00 -9.181524679722819826e+00 -9.696488422579962574e+00
7.844999700000000464e-01 5.099218326619634922e+00 -9.188515801951790962e+00 -9.725672744808933956e+00
7.860000000000000320e-01 5.356796393562190062e+00 -9.180709635009234759e+00 -9.709372892152092760e+00
7.875000300000000175e-01 7.540974323661966849e+00 -9.170513776338031775e+00 -9.678958947766602705e+00
7.890000000000000346e-01 7.176964947838431641e+00 -9.170599480732995801e+00 -9.681009923590137234e+00
7.904999700000000518e-01 6.714851145122427312e+00 -9.169595597734712555e+00 -9.686179854877568829e+00
7.920000000000000373e-01 7.139552937605539995e+00 -9.168397233823030845e+00 -9.690374490965888654e+00
7.935000300000000228e-01 6.598848870485722884e+00 -9.163430415228560832e+00 -9.681725715228559181e+00
7.950000000000000400e-01 6.766557488753241145e+00 -9.150254554103899096e+00 -9.664453354103898164e+00
7.964999699999999461e-01 6.383944528778219052e+00 -9.142332785507491622e+00 -9.679482685507492690e+00
7.980000000000000426e-01 5.756437155704469788e+00 -9.134815901438388508e+00 -9.674612372866960186e+00
7.995000300000000282e-01 7.697656771657973351e+00 -9.121553171199169086e+00 -9.639550556913453860e+00
8.010000000000000453e-01 7.121949064272710572e+00 -9.118350407155856985e+00 -9.649142164298714519e+00
8.024999699999999514e-01 6.394225484399708392e+00 -9.115070144171721012e+00 -9.673957815600290999e+00
8.040000000000000480e-01 6.882166054519469611e+00 -9.107469259766244107e+00 -9.648016788337672622e+00
8.055000300000000335e-01 6.314569319401805103e+00 -9.103377509169622073e+00 -9.645350737741051006e+00
8.070000000000000506e-01 6.228219537897309976e+00 -9.100363890674115552e+00 -9.638808819245545223e+00
8.084999699999999567e-01 6.535258161050959913e+00 -9.094337796091897630e+00 -9.627342381806183624e+00
8.100000000000000533e-01 5.412622354393004542e+00 -9.096264117035564922e+00 -9.670986831321279453e+00
8.115000300000000388e-01 6.116847805338553101e+00 -9.086960923232874521e+00 -9.645314266090016631e+00
8.129999999999999449e-01 6.402243058242047979e+00 -9.078460227472234578e+00 -9.626134527472233415e+00
8.144999699999999621e-01 5.862688135769737130e+00 -9.072874549944547340e+00 -9.622134435658832530e+00
8.159999999999999476e-01 6.190071632214655395e+00 -9.073503267785344661e+00 -9.638832167785345462e+00
8.175000300000000442e-01 6.470539234781556459e+00 -9.065987479504155289e+00 -9.610765136647012596e+00
8.189999999999999503e-01 6.520413773330247409e+00 -9.060136212384037435e+00 -9.598598726669752779e+00
8.204999699999999674e-01 6.550605270718413919e+00 -9.056220429281584217e+00 -9.604329857853013408e+00
8.219999999999999529e-01 6.139393750000619931e+00 -9.051540635713665850e+00 -9.614746578570807500e+00
8.235000300000000495e-01 5.062129183887073225e+00 -9.060593530398639572e+00 -9.658229230398639231e+00
8.249999999999999556e-01 5.453447259173014317e+00 -9.048255012255557617e+00 -9.626837469398415337e+00
8.264999699999999727e-01 5.933943713192027403e+00 -9.041248058236540430e+00 -9.607632215379398488e+00
8.279999999999999583e-01 6.672001426330380625e+00 -9.035747102241044715e+00 -9.589686802241043750e+00
8.295000300000000548e-01 7.541563228233806981e+00 -9.024596100337619831e+00 -9.573835057480476252e+00
8.309999999999999609e-01 6.728226234063077627e+00 -9.026664508794064901e+00 -9.593791623079779285e+00
8.324999699999999780e-01 6.147063324197846512e+00 -9.026512247230721542e+00 -9.617667047230721522e+00
8.339999999999999636e-01 6.159773093497665997e+00 -9.016398849359475776e+00 -9.594027277930903708e+00
8.355000299999999491e-01 5.094901228545319682e+00 -9.018426757168965580e+00 -9.621069457168966110e+00
8.369999999999999662e-01 6.204584844297196256e+00 -8.990326027131375852e+00 -9.574611341417091026e+00
8.384999699999999834e-01 6.240581107034907760e+00 -8.982156621536518060e+00 -9.591414164393661679e+00
8.399999999999999689e-01 5.850348611804294663e+00 -8.973420216767131308e+00 -9.595497431052846693e+00
8.415000299999999545e-01 5.505198759269578801e+00 -8.960351383587562779e+00 -9.589920526444705828e+00
8.429999999999999716e-01 5.081095807041444701e+00 -8.955477907244269176e+00 -9.591820935815697169e+00
8.444999699999999887e-01 7.318655493016464675e+00 -8.930139221269248750e+00 -9.523452978412105807e+00
8.459999999999999742e-01 7.755727840996931022e+00 -8.918159159003067771e+00 -9.505811544717353456e+00
8.475000299999999598e-01 7.014975680015730575e+00 -8.919301891412839467e+00 -9.528242705698552584e+00
8.489999999999999769e-01 6.770726124625108255e+00 -8.909665018232033162e+00 -9.525074446803461825e+00
8.504999699999999940e-01 6.712676341478173825e+00 -8.898988801378965974e+00 -9.512644058521823709e+00
8.519999999999999796e-01 6.009836354560951222e+00 -8.891689074010475480e+00 -9.511041959724760630e+00
8.535000299999999651e-01 6.823557564133698961e+00 -8.877074721580584082e+00 -9.498984835866298937e+00
8.549999999999999822e-01 6.695378513120303410e+00 -8.875390486879695118e+00 -9.503712672593980670e+00
8.564999699999999994e-01 6.686757796929150288e+00 -8.860069631642277344e+00 -9.476468360213704756e+00
8.579999999999999849e-01 5.956636868300128285e+00 -8.858962988842725039e+00 -9.494228274557009684e+00
8.595000299999999704e-01 5.955491413008120460e+00 -8.848071301277592227e+00 -9.493678172706163210e+00
8.609999999999999876e-01 5.436329973778786240e+00 -8.842805740506927137e+00 -9.525378997649784907e+00
8.624999700000000047e-01 7.233621146203052632e+00 -8.822132139511230875e+00 -9.451582925225515908e+00
8.639999999999999902e-01 6.112849240344836232e+00 -8.821393331083735134e+00 -9.477350116798019641e+00
8.655000299999999758e-01 6.406342798923731152e+00 -8.811891486790553785e+00 -9.479029443933411514e+00
8.669999999999999929e-01 7.592540364468746361e+00 -8.799729778388394763e+00 -9.445970878388393999e+00
8.684999700000000100e-01 6.840390532752053332e+00 -8.792501610105087906e+00 -9.457227752962229061e+00
8.699999999999999956e-01 6.385399042588858265e+00 -8.786255100268279605e+00 -9.468800400268280626e+00
8.715000299999999811e-01 6.737625865073622933e+00 -8.777277563497804636e+00 -9.453436649212090259e+00
8.729999999999999982e-01 4.993208113968801598e+00 -8.776999314602624835e+00 -9.490582900316910653e+00
8.744999700000000153e-01 5.056077242369394042e+00 -8.766027900487747715e+00 -9.478301086202034043e+00
8.760000000000000009e-01 5.466690417840579741e+00 -8.751637725016561120e+00 -9.458085139302275124e+00
8.775000299999999864e-01 5.267467611281812623e+00 -8.746733960146755749e+00 -9.466381660146756971e+00
8.790000000000000036e-01 6.497537364833432250e+00 -8.732030492309419856e+00 -9.415528320880849122e+00
8.804999700000000207e-01 5.038725417483380653e+00 -8.732237296802333404e+00 -9.447383239659476573e+00
8.820000000000000062e-01 5.777457508402656927e+00 -8.723901777311624528e+00 -9.439602863025911006e+00
8.835000299999999918e-01 6.671339322582978681e+00 -8.706876391702735418e+00 -9.397484405988450362e+00
8.850000000000000089e-01 6.458499401972714438e+00 -8.701020740884425564e+00 -9.419051398027281863e+00
8.864999700000000260e-01 5.739073485737145930e+00 -8.703774514262851980e+00 -9.444037842834280383e+00
8.880000000000000115e-01 6.279000170366080269e+00 -8.690117686776774875e+00 -9.400473215348203126e+00
8.895000299999999971e-01 6.420376569230775488e+00 -8.677453002197793808e+00 -9.375862402197792989e+00
8.910000000000000142e-01 5.279831224089209130e+00 -8.677810347339361741e+00 -9.425683875910788601e+00
8.924999700000000313e-01 5.205398445711260536e+00 -8.666162840003023504e+00 -9.398697354288737316e+00
8.940000000000000169e-01 5.658909687904223773e+00 -8.655463740667205030e+00 -9.364761426381491560e+00
8.955000300000000024e-01 5.243640635277625250e+00 -8.647942936150945670e+00 -9.400373279008087835e+00
8.970000000000000195e-01 3.956335543686325451e+00 -8.649240456313673775e+00 -9.463058113456531473e+00
8.984999700000000367e-01 5.335603009789222639e+00 -8.638166418782205369e+00 -9.418107433067920198e+00
9.000000000000000222e-01 6.750368773281193668e+00 -8.611902369575949123e+00 -9.343392669575948162e+00
9.015000300000000077e-01 5.732129947154472660e+00 -8.611370052845527923e+00 -9.387581838559814429e+00
9.030000000000000249e-01 4.247752215648107565e+00 -8.613181641494747964e+00 -9.428345555780461851e+00
9.044999700000000420e-01 5.331705604165835055e+00 -8.587593395834165477e+00 -9.346913895834164876e+00
9.060000000000000275e-01 5.976434424003068457e+00 -8.579592718854071265e+00 -9.327543890282642636e+00
9.075000300000000131e-01 5.463905787964916883e+00 -8.571906354892224300e+00 -9.351711269177936714e+00
9.090000000000000302e-01 6.441016808676204519e+00 -8.555118334180935591e+00 -9.330332162752364766e+00
9.104999700000000473e-01 6.525558940284167164e+00 -8.548958631144403242e+00 -9.324200059715831657e+00
9.120000000000000329e-01 4.583307922826305614e+00 -8.555936220030835315e+00 -9.368875691459406241e+00
9.135000300000000184e-01 6.235728011779313462e+00 -8.532465702506398131e+00 -9.277669788220684666e+00
9.150000000000000355e-01 5.748372033869681985e+00 -8.529535394701746043e+00 -9.311365723273173245e+00
9.164999700000000527e-01 6.960262871986818922e+00 -8.507208413727465057e+00 -9.268748128013179155e+00
9.180000000000000382e-01 6.265667694908978902e+00 -8.517773162233876150e+00 -9.318940819376733131e+00
9.195000300000000237e-01 5.251602186500322844e+00 -8.504163242071104634e+00 -9.305330356356817489e+00
9.210000000000000409e-01 4.226530601876312687e+00 -8.508256826695113517e+00 -9.366928812409399896e+00
9.224999699999999470e-01 4.624518681238635409e+00 -8.496153318761363593e+00 -9.352684633047077867e+00
9.240000000000000435e-01 5.634507879247806272e+00 -8.471565835037905501e+00 -9.280399420752191375e+00
9.255000300000000291e-01 4.779449593871348156e+00 -8.467164406128651066e+00 -9.304400420414365769e+00
9.270000000000000462e-01 4.259889508615300358e+00 -8.450295348527557593e+00 -9.285324891384700408e+00
9.284999699999999523e-01 6.724677649563703952e+00 -8.434730779007724166e+00 -9.222143964722009812e+00
9.300000000000000488e-01 7.673229757258015482e+00 -8.421673957027699942e+00 -9.187768642741986014e+00
9.315000300000000344e-01 7.340264372342124588e+00 -8.402901484800729293e+00 -9.150222784800728704e+00
9.330000000000000515e-01 5.773678606714279127e+00 -8.411235679000006016e+00 -9.228006350428577420e+00
9.344999699999999576e-01 5.689071058053825070e+00 -8.398496513374745120e+00 -9.262514584803316353e+00
9.360000000000000542e-01 5.516151752781782491e+00 -8.387344675789645265e+00 -9.258020575789645434e+00
9.375000300000000397e-01 6.759990659934345558e+00 -8.372786054351369245e+00 -9.206449954351368703e+00
9.389999999999999458e-01 5.063113462660684405e+00 -8.368280680196459542e+00 -9.254485180196457605e+00
9.404999699999999629e-01 6.532310187376969779e+00 -8.344448384051599277e+00 -9.198281869765883911e+00
9.419999999999999485e-01 6.295940860668171268e+00 -8.336496567903253663e+00 -9.195350053617540098e+00
9.435000300000000450e-01 4.164166879964380286e+00 -8.339369691464188605e+00 -9.263732477178475477e+00
9.449999999999999512e-01 6.860968213953034578e+00 -8.302453214618392252e+00 -9.138199186046964684e+00
9.464999699999999683e-01 6.024996317785783262e+00 -8.304704682214214984e+00 -9.175428882214214710e+00
9.479999999999999538e-01 5.620506932495890950e+00 -8.291885496075536821e+00 -9.178302581789822057e+00
9.495000300000000504e-01 5.229954312480391110e+00 -8.288910116091036784e+00 -9.162853973233893612e+00
9.509999999999999565e-01 5.357441283395194986e+00 -8.283285288033374272e+00 -9.210939630890518259e+00
9.524999699999999736e-01 6.087109300554633506e+00 -8.260868556588224720e+00 -9.142878285159651952e+00
9.539999999999999591e-01 5.827992676581779108e+00 -8.242941180561077275e+00 -9.111178680561076604e+00
9.555000299999999447e-01 5.750607094270797859e+00 -8.236580905729198321e+00 -9.141444248586340748e+00
9.569999999999999618e-01 5.408872521961979984e+00 -8.237196192323732902e+00 -9.143704092323734045e+00
9.584999699999999789e-01 4.296923272273849292e+00 -8.227927870583291892e+00 -9.202135327726148617e+00
9.599999999999999645e-01 4.544237943703626215e+00 -8.213814342010657299e+00 -9.186621456296371946e+00
9.615000299999999500e-01 4.568342218872819771e+00 -8.212485923984321090e+00 -9.187577652555750873e+00
9.629999999999999671e-01 6.291071780236286770e+00 -8.173673362620853311e+00 -9.077376791192282468e+00
9.644999699999999843e-01 6.124966654858241100e+00 -8.168905059427471471e+00 -9.093247716570328265e+00
9.659999999999999698e-01 6.646476869965841416e+00 -8.143950272891299136e+00 -9.060780044319871607e+00
9.675000299999999553e-01 7.769343822295269320e+00 -8.117116606276155721e+00 -9.013365234847585228e+00
9.689999999999999725e-01 6.181988908417595852e+00 -8.115089805868116457e+00 -8.991289420153830036e+00
9.704999699999999896e-01 6.981115012698499100e+00 -8.099609415872929929e+00 -9.021833087301500242e+00
9.719999999999999751e-01 9.174839305379414611e+00 -8.062391408906300683e+00 -8.919445094620584769e+00
9.735000299999999607e-01 8.531684611598549850e+00 -8.066795674115734727e+00 -8.959021916972877975e+00
9.749999999999999778e-01 1.120198947061625461e+01 -8.018901243669459333e+00 -8.869193672240887949e+00
9.764999699999999949e-01 1.029488390981258483e+01 -8.012405661615986219e+00 -8.834396804473128029e+00
9.779999999999999805e-01 9.095843671013314591e+00 -7.991773328986683467e+00 -8.863936614700968164e+00
9.795000299999999660e-01 5.597167293474605287e+00 -8.012463135096819400e+00 -9.024201435096820489e+00
9.809999999999999831e-01 5.066380459147721282e+00 -8.006897397995135890e+00 -9.022684826566564453e+00
9.824999700000000002e-01 4.924218909854298332e+00 -7.986398804431415144e+00 -9.024346661574272233e+00
9.839999999999999858e-01 6.116999816145931135e+00 -7.953039183854066607e+00 -8.957839955282638655e+00
9.855000299999999713e-01 4.075311717112658272e+00 -7.958025140030198230e+00 -9.041561068601627227e+00
9.869999999999999885e-01 5.075654580255440251e+00 -7.926497134030272562e+00 -9.001304876887415318e+00
9.884999700000000056e-01 3.542512718978985120e+00 -7.932574709592442375e+00 -9.060492352449584175e+00
9.899999999999999911e-01 4.727273303987900022e+00 -7.894062124583525630e+00 -8.980000281726383093e+00
9.915000299999999767e-01 5.378719159922029647e+00 -7.857285840077969929e+00 -8.852757697220827282e+00
9.929999999999999938e-01 3.918093968405116811e+00 -7.869951031594881741e+00 -8.993989831594880968e+00
9.944999700000000109e-01 6.075299471566404819e+00 -7.813567814147880597e+00 -8.874037385576452053e+00
9.959999999999999964e-01 5.576549697404999506e+00 -7.821489731166429316e+00 -8.924919802595001173e+00
9.975000299999999820e-01 7.344532327540754579e+00 -7.774221101030672543e+00 -8.851838101030672590e+00
9.989999999999999991e-01 5.738063043436149258e+00 -7.765217242278136922e+00 -8.887600385135279168e+00
1.000499999999999945e+00 5.160933316901601842e+00 -7.757003397384109711e+00 -8.881720111669823225e+00
1.002000000000000002e+00 3.558082130355261441e+00 -7.747312012501879508e+00 -8.927145669644737325e+00
1.003500000000000059e+00 5.611523909990340897e+00 -7.706262518581084464e+00 -8.829223518581084562e+00
1.004999999999999893e+00 6.440939939141667736e+00 -7.667469203715471693e+00 -8.751182489429757183e+00
1.006499999999999950e+00 4.503172643999977964e+00 -7.652783641714306029e+00 -8.820332927428591319e+00
1.008000000000000007e+00 6.082939165040480489e+00 -7.629874692102374567e+00 -8.778791692102373645e+00
1.009500000000000064e+00 6.042230928451459704e+00 -7.612063928691395809e+00 -8.794979071548539196e+00
1.010999999999999899e+00 3.028479646134266901e+00 -7.602168782437159322e+00 -8.888562925294301920e+00
1.012499999999999956e+00 3.435360172846197102e+00 -7.584989541439515648e+00 -8.883849112868087872e+00
1.014000000000000012e+00 3.852506363343344731e+00 -7.534671065228081943e+00 -8.761995922370939383e+00
1.015500000000000069e+00 6.477211786666334348e+00 -7.500533499047950414e+00 -8.666737641905093881e+00
1.016999999999999904e+00 3.968985011854600842e+00 -7.495739416716824977e+00 -8.764360845288253543e+00
1.018499999999999961e+00 2.398627465089287369e+00 -7.453425677767855362e+00 -8.843151963482140943e+00
1.020000000000000018e+00 2.664500286836062770e+00 -7.451811998878220322e+00 -8.855249284592506598e+00
1.021500000000000075e+00 4.595540617559461083e+00 -7.409018525297680569e+00 -8.713511525297679583e+00
1.022999999999999909e+00 5.449899454865724024e+00 -7.364279687991417411e+00 -8.654499545134274996e+00
1.024499999999999966e+00 1.648268224931378256e+00 -7.375082917925762871e+00 -8.828805203640047949e+00
1.026000000000000023e+00 3.503130496788971371e+00 -7.299730503211027788e+00 -8.727412360353884679e+00
1.027500000000000080e+00 3.315816410898497324e+00 -7.299941303387216252e+00 -8.745276303387216288e+00
1.028999999999999915e+00 3.743186964861699551e+00 -7.271749749424014198e+00 -8.774273463709729270e+00
1.030499999999999972e+00 1.571205013422071417e+00 -7.225530986577927806e+00 -8.803999986577927928e+00
1.032000000000000028e+00 2.185578982750584487e+00 -7.205634731535129234e+00 -8.772582017249414221e+00
1.033500000000000085e+00 6.060625870445701224e+00 -7.120355843840012966e+00 -8.572785700982869628e+00
1.034999999999999920e+00 3.703346959819075579e+00 -7.114400183038066316e+00 -8.685695611609494549e+00
1.036499999999999977e+00 3.640462391324168934e+00 -7.074978894390115514e+00 -8.599028894390114530e+00
1.038000000000000034e+00 3.344716019699079723e+00 -7.002600837443775816e+00 -8.549950980300918602e+00
1.039500000000000091e+00 5.718187699680866487e+00 -6.956160443176277575e+00 -8.338140871747706129e+00
1.040999999999999925e+00 4.525301857434099517e+00 -6.962335713994471931e+00 -8.464131713994472506e+00
1.042499999999999982e+00 3.177756490550896373e+00 -6.889719366591959826e+00 -8.554922223734816811e+00
1.044000000000000039e+00 1.999937596622348934e+00 -6.875497117663365465e+00 -8.619536831949080380e+00
1.045500000000000096e+00 3.641519601809948270e+00 -6.793243255332908959e+00 -8.458741255332908437e+00
1.046999999999999931e+00 7.359756075131322461e+00 -6.711526067725820610e+00 -8.222754782011534758e+00
1.048499999999999988e+00 5.027061871317386021e+00 -6.716133128682614029e+00 -8.236873128682614009e+00
1.050000000000000044e+00 5.121482845098055847e+00 -6.614189726330514496e+00 -8.083396012044801182e+00
1.051500000000000101e+00 4.153337565487976946e+00 -6.620662577369165191e+00 -8.230370005940592648e+00
1.052999999999999936e+00 1.496243458643681024e+00 -6.619010112784890154e+00 -8.452522684213461091e+00
1.054499999999999993e+00 3.885797950720727201e+00 -6.527749192136413470e+00 -8.231581477850699713e+00
1.056000000000000050e+00 2.994395467873708583e+00 -6.529278674983432396e+00 -8.361248532126289490e+00
1.057500000000000107e+00 3.063935436256276290e+00 -6.418844563743721920e+00 -8.273389420886578804e+00
1.058999999999999941e+00 2.231896282021134326e+00 -6.434492146550293334e+00 -8.347370146550293413e+00
1.060499999999999998e+00 4.245191574177191285e+00 -6.342181568679950310e+00 -8.081105568679950224e+00
1.062000000000000055e+00 4.261393881732436384e+00 -6.240341689696134786e+00 -7.961577118267562980e+00
1.063499999999999890e+00 2.363778345122508284e+00 -6.268589512020349197e+00 -8.294429797734634846e+00
1.064999999999999947e+00 1.024419533353562173e+00 -6.194217466646437131e+00 -8.376660323789295148e+00
1.066500000000000004e+00 3.265857158288000051e+00 -6.114384413140570906e+00 -8.160400413140569853e+00
1.068000000000000060e+00 4.948253217501616064e+00 -6.041884496784095226e+00 -7.958608211069808647e+00
1.069499999999999895e+00 2.922107708569324558e+00 -5.941695862859247335e+00 -8.015468148573532403e+00
1.070999999999999952e+00 5.927551629065149541e+00 -5.867361942363423566e+00 -7.745460370934852179e+00
1.072500000000000009e+00 3.438296405133685951e+00 -5.847456737723455866e+00 -7.860980166294885052e+00
1.074000000000000066e+00 2.784702462918678734e+00 -5.754765537081319771e+00 -7.907202108509890692e+00
1.075499999999999901e+00 3.791808228563006367e+00 -5.683142342865564522e+00 -7.876699200008421720e+00
1.076999899999999899e+00 2.166155502882419981e+00 -5.584294925689007982e+00 -8.060057354260436568e+00
1.078500000000000014e+00 3.549344016568440452e+00 -5.494911412002988271e+00 -7.687564983431559362e+00
1.080000000000000071e+00 8.062514462639713386e+00 -5.324751394503143942e+00 -7.172234680217429492e+00
1.081499999999999906e+00 7.747172178276388266e+00 -5.215032678866468707e+00 -7.390827393152183511e+00
1.083000100000000021e+00 8.585446500882069287e+00 -5.143157641975073524e+00 -7.328635499117931218e+00
1.084500000000000020e+00 8.151464408514458526e+00 -4.995156591485537589e+00 -7.126220734342680885e+00
1.086000000000000076e+00 2.046670775390996511e+00 -4.942214081751859389e+00 -7.437034367466145213e+00
1.087499999999999911e+00 1.346170116383202497e+00 -4.922924597902509802e+00 -7.691594312188223981e+00
1.088999899999999910e+00 4.838238946140190677e+00 -4.587869625288380604e+00 -7.039415053859809035e+00
1.090500000000000025e+00 5.615068853827759554e+00 -4.437561003315096286e+00 -6.719610431886524182e+00
1.092000000000000082e+00 1.124393816834755810e+00 -4.448531754593815002e+00 -7.359494326022386623e+00
1.093499999999999917e+00 1.464670029923883732e+00 -4.167469255790401839e+00 -7.377266112933257958e+00
1.095000100000000032e+00 9.463564830933323790e+00 -3.819686311923817357e+00 -6.181575169066674036e+00
1.096500000000000030e+00 8.255182196592478761e+00 -3.616459517693233039e+00 -6.249164803407517788e+00
1.098000000000000087e+00 8.907683288149240042e+00 -3.472667426136472280e+00 -6.203393426136471156e+00
1.099499999999999922e+00 6.303759477171309911e+00 -3.351912379971544453e+00 -6.532184665685829117e+00
1.100999899999999920e+00 4.570910706437789628e+00 -2.988856007847926044e+00 -6.599239293562210840e+00
1.102500000000000036e+00 4.354035709272407573e+00 -3.008333719299020714e+00 -6.590007147870448279e+00
1.104000000000000092e+00 9.461097176037354117e+00 -2.530852395391214316e+00 -4.847083966819785594e+00
1.105499999999999927e+00 8.792029444782333059e+00 -2.585526269503382935e+00 -5.522030126646239268e+00
1.107000100000000042e+00 3.778222853770222045e+00 -2.671548431944063218e+00 -6.466662860515491218e+00
1.108500000000000041e+00 1.009180209271959860e+01 -2.004526621566114386e+00 -4.875740621566113653e+00
1.110000000000000098e+00 8.654602467020996670e+00 -2.211658247264713495e+00 -5.410386390121857403e+00
1.111499999999999932e+00 2.746994347806371195e+00 -2.266555366479342304e+00 -6.370251652193626768e+00
1.112999899999999931e+00 -3.878686179718505045e+00 -2.147518894004219803e+00 -7.379868179718505061e+00
1.114500000000000046e+00 -5.145901809531269855e+00 -2.080585809531269703e+00 -7.633374809531268568e+00
1.116000000000000103e+00 5.864756147449702084e+00 -1.526254423978867791e+00 -5.713607138264581664e+00
1.117499999999999938e+00 4.038110458265503411e+00 -1.465888827448781129e+00 -5.440616398877351045e+00
1.119000100000000053e+00 8.838667033022405306e+00 -1.179225681263305958e+00 -4.726375252691877193e+00
1.120500000000000052e+00 1.726097570303141993e+01 -4.130534398257186268e-01 -3.300959582682860827e+00
1.122000000000000108e+00 9.151152346366396628e+00 -7.366545107764590483e-01 -4.418815367919315840e+00
1.123499999999999943e+00 1.940521762305928988e+00 -7.723793805512126909e-01 -5.722342666265499034e+00
1.124999899999999942e+00 -1.741481107220828051e+00 -4.356821072208294510e-01 -6.267121964363685294e+00
1.126500000000000057e+00 -4.905853526380829166e+00 -3.428618120951156811e-01 -6.939223669237971848e+00
1.127999999999999892e+00 -2.078497950198265443e+00 2.111906212303047425e-01 -6.065455378769693873e+00
1.129499999999999948e+00 4.658755316351470555e-01 4.338461030637166260e-01 -5.415704611221996423e+00
1.131000100000000064e+00 2.975581153448523253e-01 7.813306867734226557e-01 -5.325602598940862187e+00
1.132500000000000062e+00 -4.468890940419490754e+00 1.317258059580508345e+00 -6.251298083276632944e+00
1.133999999999999897e+00 8.613983864970027327e-01 1.778578815068431851e+00 -4.745979899217282139e+00
1.135499999999999954e+00 5.746592323530583357e+00 2.492363323530584651e+00 -2.313664533612272756e+00
1.136999899999999952e+00 9.964906526487641969e+00 3.472164526487640401e+00 -7.424679020837867682e-01
1.138500000000000068e+00 4.562531589552479616e+00 3.631161018123910011e+00 -2.318461267590375741e+00
1.139999999999999902e+00 1.163505199341297924e+00 4.335584485055582249e+00 -2.249341800658702262e+00
1.141499999999999959e+00 5.211333837991071860e+00 5.965916695133929082e+00 3.915112665625013477e-01
1.143000100000000074e+00 3.569292559265075937e+00 6.371429702122219041e+00 -2.003645440734922900e+00
1.144500000000000073e+00 -9.117604965102163561e+00 7.617693334897834845e+00 -7.427740665102162687e+00
1.145999999999999908e+00 -1.024591509747701679e+01 9.041343473951553023e+00 -1.012761552747701721e+01
1.147499999999999964e+00 -1.024506993939743893e+01 1.142497720345970436e+01 -1.024506993939743893e+01
1.148999899999999963e+00 -1.024422410688307217e+01 1.743815446454549800e+01 -1.024422410688307217e+01
