# HDF: fcm_201408_515  
# /messung/kmc/daten/2014/3Q/pilatus_201408_5934.tif
# /messung/kmc/daten/2014/3Q/pilatus_201408_5947.tif
# /messung/kmc/daten/2014/3Q/pilatus_201408_5960.tif
# /messung/kmc/daten/2014/3Q/pilatus_201408_5973.tif
# /messung/kmc/daten/2014/3Q/pilatus_201408_5986.tif
# /messung/kmc/daten/2014/3Q/pilatus_201408_5999.tif
# Energy (eV)=8000	Distance (mm)=4576	Normalization (s A)=9.6855326e-12	Center=(494.571,553.835)	Binsize (nm-1)=0.0015238632
# Normalized by solid angle (1/distance^2), time (PilatusAcqTime_GRAL) and intensity (K4norm_mean)
# q(nm-1)	I_norm	err_pois	err_stdv
0	4.6516661e+11	1.4076861e+11	2.4893391e+11
0.0015238632	2.9568011e+11	5.798549e+10	1.0217357e+11
0.0030477265	3.311787e+11	5.0842751e+10	7.3843774e+10
0.0045715895	3.3151133e+11	4.3516161e+10	4.4739389e+10
0.006095453	2.6461774e+11	3.3171139e+10	3.4650386e+10
0.007619316	3.7453352e+11	3.7591625e+10	3.4459987e+10
0.009143179	3.6806555e+11	3.2699812e+10	3.8716356e+10
0.010667043	3.2029833e+11	2.9029014e+10	4.4111664e+10
0.012190906	2.8955369e+11	2.4596187e+10	2.8647479e+10
0.013714769	3.3032214e+11	2.4035048e+10	2.8587908e+10
0.015238632	3.2565082e+11	2.1232319e+10	2.9012659e+10
0.016762496	3.5230049e+11	2.0531836e+10	2.50899e+10
0.018286358	3.6234062e+11	1.9623339e+10	2.033042e+10
0.019810222	3.8731303e+11	1.9149415e+10	1.07855e+12
0.021334086	2.9257949e+13	1.2110487e+11	2.1462675e+13
0.022857948	3.6690153e+14	5.8277462e+11	6.9047648e+13
0.024381812	1.0820535e+15	1.3546664e+12	1.3213958e+14
0.025905674	2.2714012e+15	2.2612796e+12	5.472616e+13
0.027429538	2.1719869e+15	1.6472244e+12	1.6624743e+13
0.028953402	1.9745534e+15	1.3742793e+12	1.4113763e+13
0.030477264	1.799756e+15	1.190946e+12	1.2327e+13
0.032001128	1.6317543e+15	1.0414897e+12	8.8134141e+12
0.033524992	1.4848034e+15	9.3533922e+11	6.192322e+12
0.035048856	1.3512158e+15	8.4508208e+11	4.3839832e+12
0.036572716	1.233789e+15	7.8021054e+11	3.5166444e+12
0.03809658	1.1324954e+15	7.2629068e+11	2.6824833e+12
0.039620444	1.0380763e+15	6.7808684e+11	2.1071046e+12
0.041144308	9.503178e+14	6.3624441e+11	2.0600117e+12
0.042668172	8.7125759e+14	5.9606778e+11	1.8435826e+12
0.044192032	7.9320161e+14	5.5687776e+11	1.8051143e+12
0.045715896	7.2026326e+14	5.1886291e+11	1.6450184e+12
0.04723976	6.509634e+14	4.8429064e+11	1.5490615e+12
0.048763624	5.831582e+14	4.5111061e+11	1.4234892e+12
0.050287488	5.1943422e+14	4.1561328e+11	1.2907922e+12
0.051811348	4.5920465e+14	3.8519739e+11	1.256398e+12
0.053335212	4.0141935e+14	3.540749e+11	1.1928606e+12
0.054859076	3.4631554e+14	3.2367332e+11	1.1297763e+12
0.05638294	2.9453053e+14	2.9428734e+11	9.6379663e+11
0.057906804	2.4731817e+14	2.6453934e+11	8.8143797e+11
0.059430664	2.0467965e+14	2.3765951e+11	7.7954507e+11
0.060954528	1.6569996e+14	2.1082465e+11	6.7421249e+11
0.062478392	1.3180504e+14	1.8611506e+11	5.7540604e+11
0.064002256	1.0208302e+14	1.6109944e+11	4.6923814e+11
0.06552612	7.726515e+13	1.3806112e+11	3.8081533e+11
0.067049984	5.725926e+13	1.1767608e+11	3.1287204e+11
0.068573848	4.1827686e+13	9.9233624e+10	2.4136955e+11
0.070097712	3.0392576e+13	8.363955e+10	1.7413715e+11
0.071621568	2.2738045e+13	7.1418352e+10	1.2576831e+11
0.073145432	1.8251163e+13	6.3430846e+10	8.7135494e+10
0.074669296	1.6504974e+13	5.9990244e+10	7.6985378e+10
0.07619316	1.6879151e+13	5.9788375e+10	7.7972952e+10
0.077717024	1.8911152e+13	6.2491557e+10	8.8623695e+10
0.079240888	2.2010199e+13	6.6630765e+10	9.2885405e+10
0.080764752	2.6060202e+13	7.2142873e+10	1.0552963e+11
0.082288616	3.0300102e+13	7.6978363e+10	1.1693686e+11
0.08381248	3.4763984e+13	8.1491309e+10	1.2315966e+11
0.085336344	3.9441815e+13	8.6032989e+10	1.2482937e+11
0.0868602	4.3990578e+13	9.0070337e+10	1.2704963e+11
0.088384064	4.7958086e+13	9.3457215e+10	1.2363149e+11
0.089907928	5.1503384e+13	9.5905086e+10	1.2270729e+11
0.091431792	5.443637e+13	9.7852971e+10	1.2544659e+11
0.092955656	5.7085604e+13	9.9572573e+10	1.2412119e+11
0.09447952	5.8996212e+13	1.0039025e+11	1.1858661e+11
0.096003384	6.0401449e+13	1.009312e+11	1.2178223e+11
0.097527248	6.1279097e+13	1.0051829e+11	1.1957221e+11
0.099051112	6.1272052e+13	1.0076186e+11	1.1810844e+11
0.10057498	6.0744015e+13	1.0124982e+11	1.2328353e+11
0.10209884	5.9784016e+13	1.0062411e+11	1.1676928e+11
0.1036227	5.82083e+13	9.9438946e+10	1.1215529e+11
0.10514656	5.6047522e+13	9.7368277e+10	1.2007143e+11
0.10667042	5.3548678e+13	9.513897e+10	1.2218908e+11
0.10819429	5.0705765e+13	9.2220128e+10	1.1292899e+11
0.10971815	4.771324e+13	8.9358899e+10	1.1254156e+11
0.11124202	4.4295415e+13	8.5945775e+10	1.1590069e+11
0.11276588	4.046973e+13	8.1924932e+10	1.1297702e+11
0.11428974	3.6797408e+13	7.8280411e+10	1.0357255e+11
0.11581361	3.3162349e+13	7.3845485e+10	1.0202784e+11
0.11733747	2.9430659e+13	6.9222437e+10	9.3625471e+10
0.11886133	2.591717e+13	6.4963693e+10	8.5003181e+10
0.12038519	2.2512978e+13	6.036957e+10	8.0134072e+10
0.12190906	1.9450113e+13	5.5899381e+10	7.0587225e+10
0.12343292	1.6790549e+13	5.1671425e+10	6.2920736e+10
0.12495678	1.4224168e+13	4.6974401e+10	5.9907817e+10
0.12648065	1.2215479e+13	4.276015e+10	5.2553827e+10
0.12800451	1.0433637e+13	3.8855538e+10	4.7517389e+10
0.12952838	9.2241082e+12	3.6230591e+10	4.3045821e+10
0.13105224	8.2906683e+12	3.3838773e+10	3.8278989e+10
0.1325761	7.6260502e+12	3.2198422e+10	3.7967849e+10
0.13409997	7.323627e+12	3.1295321e+10	3.6232139e+10
0.13562382	7.2349064e+12	3.0778349e+10	3.6014728e+10
0.1371477	7.4805625e+12	3.1047595e+10	3.6212458e+10
0.13867155	7.8907461e+12	3.1677102e+10	3.7519682e+10
0.14019542	8.4064136e+12	3.2502619e+10	3.9185188e+10
0.14171928	9.0893971e+12	3.3399225e+10	4.0264324e+10
0.14324314	9.8578716e+12	3.4535241e+10	4.1198074e+10
0.14476701	1.0759905e+13	3.5955865e+10	4.5102087e+10
0.14629086	1.1572705e+13	3.7078734e+10	4.6065848e+10
0.14781474	1.2280077e+13	3.7895482e+10	4.646074e+10
0.14933859	1.3099742e+13	3.8867916e+10	4.6202663e+10
0.15086246	1.3792212e+13	3.9602961e+10	4.7851485e+10
0.15238632	1.4399957e+13	4.024976e+10	4.8614644e+10
0.15391019	1.4981618e+13	4.0918643e+10	4.8731924e+10
0.15543405	1.5395038e+13	4.117748e+10	4.6076411e+10
0.15695792	1.5659158e+13	4.1276852e+10	4.7047101e+10
0.15848178	1.5838773e+13	4.1306314e+10	5.0619032e+10
0.16000563	1.5874021e+13	4.1060711e+10	4.9616861e+10
0.1615295	1.5692098e+13	4.0655603e+10	4.6771113e+10
0.16305336	1.5413242e+13	4.006743e+10	4.6282148e+10
0.16457723	1.5118243e+13	3.946361e+10	4.6564917e+10
0.16610109	1.4695893e+13	3.8711839e+10	4.6308721e+10
0.16762496	1.4144255e+13	3.7744235e+10	4.5249918e+10
0.16914882	1.3448901e+13	3.6558134e+10	4.4323546e+10
0.17067269	1.2727312e+13	3.5385519e+10	4.2604171e+10
0.17219654	1.2045929e+13	3.4347154e+10	4.1381011e+10
0.1737204	1.1205461e+13	3.2861342e+10	3.9506436e+10
0.17524427	1.0427192e+13	3.1562887e+10	3.8693208e+10
0.17676813	9.6162675e+12	3.0202628e+10	3.6308322e+10
0.178292	8.8105792e+12	2.873325e+10	3.4475677e+10
0.17981586	8.0274604e+12	2.7278927e+10	3.208621e+10
0.18133973	7.3620247e+12	2.6023e+10	2.9857119e+10
0.18286358	6.6779321e+12	2.4647159e+10	2.7818386e+10
0.18438746	6.1587731e+12	2.3643493e+10	2.6793178e+10
0.18591131	5.6457696e+12	2.2469468e+10	2.6335438e+10
0.18743518	5.1836798e+12	2.1414122e+10	2.5195656e+10
0.18895904	4.8768634e+12	2.067613e+10	2.3766478e+10
0.1904829	4.6401848e+12	2.0098281e+10	2.3474091e+10
0.19200677	4.4449937e+12	1.9614476e+10	2.2300209e+10
0.19353062	4.3534193e+12	1.9269496e+10	2.2567079e+10
0.1950545	4.3277108e+12	1.9145999e+10	2.2343182e+10
0.19657835	4.3717406e+12	1.9193423e+10	2.2049267e+10
0.19810222	4.4261419e+12	1.9258511e+10	2.2327041e+10
0.19962608	4.5298333e+12	1.9574237e+10	2.3562233e+10
0.20114995	4.7084836e+12	2.0077878e+10	2.2199466e+10
0.20267381	4.879945e+12	2.0569567e+10	2.351878e+10
0.20419768	5.0900541e+12	2.1033023e+10	2.4252398e+10
0.20572154	5.3164732e+12	2.1496999e+10	2.4137734e+10
0.20724539	5.5179549e+12	2.1908521e+10	2.5254227e+10
0.20876926	5.691226e+12	2.2251758e+10	2.5497036e+10
0.21029312	5.9037621e+12	2.2725687e+10	2.6054619e+10
0.21181699	6.1108763e+12	2.3100547e+10	2.6998321e+10
0.21334085	6.2061342e+12	2.3258098e+10	2.6525692e+10
0.21486472	6.3079268e+12	2.3444232e+10	2.7585614e+10
0.21638858	6.3677593e+12	2.3538915e+10	2.7650533e+10
0.21791245	6.4663326e+12	2.3774825e+10	2.6959166e+10
0.2194363	6.4354843e+12	2.3599103e+10	2.7019915e+10
0.22096018	6.3741677e+12	2.3486453e+10	2.7003146e+10
0.22248403	6.2932569e+12	2.3344805e+10	2.6582459e+10
0.22400789	6.2114981e+12	2.3175118e+10	2.6290932e+10
0.22553176	6.0208753e+12	2.2468925e+10	2.6423545e+10
0.22705562	5.8929011e+12	2.1966113e+10	2.5011197e+10
0.22857949	5.6714698e+12	2.1373344e+10	2.525733e+10
0.23010334	5.517823e+12	2.0919728e+10	2.4707904e+10
0.23162722	5.2429026e+12	2.0186506e+10	2.3324683e+10
0.23315107	5.0153098e+12	1.9678402e+10	2.3502224e+10
0.23467494	4.7808128e+12	1.9108297e+10	2.2984321e+10
0.2361988	4.5331287e+12	1.8513511e+10	2.1030998e+10
0.23772266	4.2590937e+12	1.7793847e+10	2.0179117e+10
0.23924653	4.0746962e+12	1.7372203e+10	1.9511769e+10
0.24077038	3.8856311e+12	1.6898251e+10	1.9320165e+10
0.24229426	3.6823286e+12	1.639395e+10	1.9355813e+10
0.24381811	3.4852171e+12	1.5846136e+10	1.8022629e+10
0.24534198	3.3326175e+12	1.5386553e+10	1.7921571e+10
0.24686584	3.2242132e+12	1.5115134e+10	1.7855074e+10
0.24838971	3.1000257e+12	1.4751614e+10	1.7563831e+10
0.24991357	3.0409988e+12	1.4597259e+10	1.7270881e+10
0.25143744	2.9447274e+12	1.4227796e+10	1.6788916e+10
0.2529613	2.9159014e+12	1.4121029e+10	1.6337279e+10
0.25448515	2.8895694e+12	1.4028979e+10	1.6278643e+10
0.25600902	2.9003209e+12	1.401816e+10	1.5923413e+10
0.25753288	2.9147326e+12	1.3971693e+10	1.597678e+10
0.25905675	2.9676693e+12	1.4040921e+10	1.6674027e+10
0.26058061	2.996465e+12	1.4063763e+10	1.6840682e+10
0.26210448	3.0418569e+12	1.4132913e+10	1.6344653e+10
0.26362834	3.0876654e+12	1.4152789e+10	1.6255814e+10
0.26515221	3.1565372e+12	1.4289842e+10	1.6986997e+10
0.26667606	3.2055232e+12	1.4328487e+10	1.6854719e+10
0.26819994	3.2746099e+12	1.4475467e+10	1.6924913e+10
0.26972378	3.3118802e+12	1.4499928e+10	1.6415217e+10
0.27124765	3.3307632e+12	1.4450895e+10	1.6853854e+10
0.27277152	3.3671007e+12	1.4475623e+10	1.6606959e+10
0.27429539	3.4183499e+12	1.4584815e+10	1.6527665e+10
0.27581923	3.4234149e+12	1.4553468e+10	1.6637659e+10
0.2773431	3.39386e+12	1.4372147e+10	1.6188642e+10
0.27886698	3.4113204e+12	1.4423277e+10	1.6333021e+10
0.28039085	3.3871444e+12	1.4354668e+10	1.6819697e+10
0.28191469	3.3378546e+12	1.4151794e+10	1.6515316e+10
0.28343856	3.3230031e+12	1.410833e+10	1.6110143e+10
0.28496243	3.2614386e+12	1.3909007e+10	1.567761e+10
0.28648627	3.181205e+12	1.3686629e+10	1.5830111e+10
0.28801014	3.0953408e+12	1.3473034e+10	1.5688232e+10
0.28953402	3.0515207e+12	1.3344309e+10	1.4785688e+10
0.29105789	2.958764e+12	1.3077729e+10	1.4514201e+10
0.29258173	2.8697833e+12	1.2845253e+10	1.4567197e+10
0.2941056	2.7959335e+12	1.2652055e+10	1.4572467e+10
0.29562947	2.723008e+12	1.2448748e+10	1.4595795e+10
0.29715334	2.6230482e+12	1.2147532e+10	1.4025485e+10
0.29867718	2.5407913e+12	1.1952473e+10	1.3516473e+10
0.30020106	2.4776693e+12	1.1771915e+10	1.3502354e+10
0.30172493	2.3915982e+12	1.1515245e+10	1.3453913e+10
0.30324877	2.3369817e+12	1.1348933e+10	1.3148725e+10
0.30477264	2.2749751e+12	1.1148088e+10	1.2761667e+10
0.30629651	2.2288901e+12	1.1041216e+10	1.2832739e+10
0.30782038	2.2204532e+12	1.0980986e+10	1.2237355e+10
0.30934422	2.1879392e+12	1.0863211e+10	1.2681796e+10
0.3108681	2.1520423e+12	1.0731844e+10	1.2680229e+10
0.31239197	2.1279659e+12	1.0634977e+10	1.2210554e+10
0.31391584	2.1213415e+12	1.063633e+10	1.2298363e+10
0.31543968	2.1155652e+12	1.0563774e+10	1.2306403e+10
0.31696355	2.129449e+12	1.0581053e+10	1.2288303e+10
0.31848742	2.1432853e+12	1.0593483e+10	1.206515e+10
0.32001126	2.1402745e+12	1.0535087e+10	1.2348323e+10
0.32153514	2.1516335e+12	1.0550189e+10	1.2425664e+10
0.32305901	2.1627297e+12	1.054308e+10	1.2164131e+10
0.32458288	2.1664621e+12	1.0527123e+10	1.1986647e+10
0.32610672	2.1782019e+12	1.0534611e+10	1.1863093e+10
0.32763059	2.2127027e+12	1.0593027e+10	1.2222677e+10
0.32915446	2.2391471e+12	1.0604293e+10	1.2076209e+10
0.33067834	2.2345703e+12	1.0577439e+10	1.2241355e+10
0.33220218	2.2159295e+12	1.051134e+10	1.2034905e+10
0.33372605	2.2207783e+12	1.0509003e+10	1.1931115e+10
0.33524992	2.2202712e+12	1.0473428e+10	1.1965095e+10
0.33677376	2.2332471e+12	1.0477633e+10	1.1939316e+10
0.33829763	2.2149557e+12	1.0399675e+10	1.1902433e+10
0.3398215	2.2105759e+12	1.037569e+10	1.2153288e+10
0.34134538	2.1959737e+12	1.0300995e+10	1.1807836e+10
0.34286922	2.172892e+12	1.0220854e+10	1.1798741e+10
0.34439309	2.1452284e+12	1.0143448e+10	1.1678086e+10
0.34591696	2.1129285e+12	1.0054431e+10	1.1855474e+10
0.3474408	2.076442e+12	9.926697e+09	1.1597255e+10
0.34896467	2.0345167e+12	9.7963655e+09	1.1477826e+10
0.35048854	2.0091603e+12	9.7161383e+09	1.1201005e+10
0.35201242	1.9920414e+12	9.6609455e+09	1.1100479e+10
0.35353626	1.950776e+12	9.5379196e+09	1.1109126e+10
0.35506013	1.9178587e+12	9.4253839e+09	1.109069e+10
0.356584	1.8807019e+12	9.3049112e+09	1.0877508e+10
0.35810787	1.8626828e+12	9.2463752e+09	1.0776688e+10
0.35963171	1.8380964e+12	9.1609478e+09	1.0585532e+10
0.36115558	1.8086204e+12	9.0793575e+09	1.0495532e+10
0.36267946	1.7704478e+12	8.9518369e+09	1.021187e+10
0.3642033	1.7468949e+12	8.8822345e+09	1.0304396e+10
0.36572717	1.7288831e+12	8.804822e+09	1.0534139e+10
0.36725104	1.7347464e+12	8.809319e+09	1.0247074e+10
0.36877491	1.7246822e+12	8.749963e+09	1.0052061e+10
0.37029875	1.7328437e+12	8.7569955e+09	1.0119882e+10
0.37182262	1.7225729e+12	8.7258279e+09	9.9880861e+09
0.3733465	1.7006074e+12	8.6274856e+09	9.9716957e+09
0.37487037	1.7110887e+12	8.6391566e+09	9.9242107e+09
0.37639421	1.722518e+12	8.6649034e+09	9.9452574e+09
0.37791808	1.7127939e+12	8.6238663e+09	9.6391804e+09
0.37944195	1.6946401e+12	8.5536793e+09	9.7365464e+09
0.38096579	1.6922041e+12	8.519447e+09	9.6848368e+09
0.38248966	1.6979261e+12	8.5287926e+09	9.5572569e+09
0.38401354	1.7123439e+12	8.5509631e+09	9.697104e+09
0.38553741	1.701825e+12	8.4882901e+09	9.8598323e+09
0.38706125	1.70352e+12	8.4763106e+09	9.5824675e+09
0.38858512	1.7067624e+12	8.452847e+09	9.6991925e+09
0.39010899	1.6999469e+12	8.4451722e+09	9.6886053e+09
0.39163286	1.6952114e+12	8.4103768e+09	9.5715611e+09
0.3931567	1.7149514e+12	8.4371989e+09	9.7581008e+09
0.39468058	1.7173412e+12	8.4171208e+09	9.674815e+09
0.39620445	1.6951472e+12	8.3332035e+09	9.7204984e+09
0.39772829	1.6762258e+12	8.3065406e+09	9.6758997e+09
0.39925216	1.6589047e+12	8.2216025e+09	9.5991933e+09
0.40077603	1.6608942e+12	8.2213724e+09	9.376909e+09
0.4022999	1.6483819e+12	8.1676597e+09	9.366361e+09
0.40382374	1.6358814e+12	8.1222225e+09	9.4446159e+09
0.40534762	1.6198027e+12	8.0652327e+09	9.3518376e+09
0.40687149	1.6276538e+12	8.0720883e+09	9.2686034e+09
0.40839536	1.600193e+12	7.9814954e+09	9.1054773e+09
0.4099192	1.5833533e+12	7.9297427e+09	9.0359588e+09
0.41144307	1.5667919e+12	7.8752945e+09	8.8858723e+09
0.41296694	1.5402345e+12	7.780977e+09	8.9262517e+09
0.41449078	1.5208327e+12	7.7019282e+09	9.0154553e+09
0.41601466	1.5295823e+12	7.7443669e+09	9.0711596e+09
0.41753853	1.5112487e+12	7.6703821e+09	8.981426e+09
0.4190624	1.4996496e+12	7.6217248e+09	8.6800499e+09
0.42058624	1.4913141e+12	7.5842824e+09	8.5399898e+09
0.42211011	1.4820964e+12	7.5967904e+09	8.8418282e+09
0.42363398	1.4693596e+12	7.6216387e+09	8.9066012e+09
0.42515786	1.467869e+12	7.6345674e+09	8.734645e+09
0.4266817	1.4722362e+12	7.673693e+09	8.890307e+09
0.42820557	1.4550977e+12	7.6339921e+09	8.8355935e+09
0.42972944	1.4570672e+12	7.6616704e+09	9.001778e+09
0.43125328	1.456576e+12	7.6666943e+09	8.9291202e+09
0.43277715	1.4426525e+12	7.6154278e+09	8.9539623e+09
0.43430102	1.4473069e+12	7.6514271e+09	8.8737336e+09
0.4358249	1.4373986e+12	7.6288919e+09	8.8047874e+09
0.43734874	1.4398026e+12	7.6395622e+09	8.8868493e+09
0.43887261	1.4460512e+12	7.6680298e+09	8.9098998e+09
0.44039648	1.4216715e+12	7.5828155e+09	8.7333473e+09
0.44192035	1.4218926e+12	7.6090215e+09	8.6053159e+09
0.44344419	1.4321851e+12	7.6407599e+09	8.4940741e+09
0.44496806	1.4349715e+12	7.6308666e+09	8.7689873e+09
0.44649194	1.4307373e+12	7.6269888e+09	8.8636864e+09
0.44801578	1.4177591e+12	7.5391553e+09	8.6216016e+09
0.44953965	1.4296389e+12	7.5080353e+09	8.4749829e+09
0.45106352	1.4287184e+12	7.4476116e+09	8.2913825e+09
0.45258739	1.4222431e+12	7.4007752e+09	8.3905833e+09
0.45411123	1.4154586e+12	7.3579349e+09	8.4203101e+09
0.4556351	1.4075527e+12	7.3204841e+09	8.4960472e+09
0.45715898	1.4020085e+12	7.2852456e+09	8.452127e+09
0.45868282	1.3917873e+12	7.2261542e+09	8.3931941e+09
0.46020669	1.3911703e+12	7.2064038e+09	8.337982e+09
0.46173056	1.384693e+12	7.1573434e+09	8.4143746e+09
0.46325443	1.3771436e+12	7.1410254e+09	8.1983681e+09
0.46477827	1.3779017e+12	7.116734e+09	8.2271534e+09
0.46630214	1.3789682e+12	7.0956697e+09	8.0429514e+09
0.46782602	1.3573857e+12	7.0237896e+09	8.0348759e+09
0.46934989	1.3517583e+12	6.9849672e+09	7.894438e+09
0.47087373	1.3471906e+12	6.9670875e+09	8.1417506e+09
0.4723976	1.3405529e+12	6.9278743e+09	8.1439968e+09
0.47392147	1.3408747e+12	6.9253743e+09	8.1819139e+09
0.47544531	1.3294983e+12	6.8812709e+09	7.8527409e+09
0.47696918	1.3270444e+12	6.8530411e+09	8.0432553e+09
0.47849306	1.3205478e+12	6.8205257e+09	7.9317373e+09
0.48001693	1.3179743e+12	6.7898081e+09	7.9607049e+09
0.48154077	1.3194321e+12	6.7892365e+09	7.91233e+09
0.48306464	1.3071026e+12	6.747044e+09	7.9206256e+09
0.48458851	1.3048725e+12	6.7296536e+09	7.8389791e+09
0.48611238	1.2926468e+12	6.6758685e+09	7.6903941e+09
0.48763622	1.288766e+12	6.6548911e+09	7.767569e+09
0.4891601	1.3045174e+12	6.6939736e+09	7.7682497e+09
0.49068397	1.292884e+12	6.6289459e+09	7.8287381e+09
0.49220781	1.2927557e+12	6.6220042e+09	7.6781238e+09
0.49373168	1.2951579e+12	6.6247727e+09	7.6292843e+09
0.49525555	1.2914045e+12	6.5997737e+09	7.5619342e+09
0.49677942	1.2836141e+12	6.5633313e+09	7.5367391e+09
0.49830326	1.2869333e+12	6.5689853e+09	7.527655e+09
0.49982714	1.2843618e+12	6.546504e+09	7.6471916e+09
0.50135101	1.2983953e+12	6.5897573e+09	7.5589973e+09
0.50287488	1.2832465e+12	6.5171834e+09	7.5638197e+09
0.50439872	1.2803898e+12	6.4928136e+09	7.6838209e+09
0.50592259	1.2739612e+12	6.4640291e+09	7.5801785e+09
0.50744646	1.2761381e+12	6.4726923e+09	7.3753907e+09
0.5089703	1.2798158e+12	6.4646129e+09	7.4114723e+09
0.51049418	1.2807064e+12	6.4484952e+09	7.4210295e+09
0.51201805	1.2784925e+12	6.4411993e+09	7.202526e+09
0.51354192	1.2711049e+12	6.4041423e+09	7.2428154e+09
0.51506576	1.2644664e+12	6.3746982e+09	7.30861e+09
0.51658963	1.2602063e+12	6.3569924e+09	7.439423e+09
0.5181135	1.2504853e+12	6.3202673e+09	7.2839063e+09
0.51963738	1.2535572e+12	6.3263155e+09	7.1421515e+09
0.52116122	1.2500055e+12	6.3049896e+09	7.2231057e+09
0.52268509	1.2442246e+12	6.3182069e+09	7.2570542e+09
0.52420896	1.2473159e+12	6.3638664e+09	7.3425277e+09
0.5257328	1.2364565e+12	6.3521923e+09	7.3508363e+09
0.52725667	1.2362734e+12	6.3682038e+09	7.367979e+09
0.52878054	1.2385477e+12	6.3930601e+09	7.4767246e+09
0.53030442	1.2317242e+12	6.378119e+09	7.4039552e+09
0.53182826	1.2276587e+12	6.3691226e+09	7.5384583e+09
0.53335213	1.2222147e+12	6.3686973e+09	7.3170055e+09
0.534876	1.2219982e+12	6.369068e+09	7.3933296e+09
0.53639987	1.2141928e+12	6.3509011e+09	7.3686644e+09
0.53792371	1.2105483e+12	6.3518415e+09	7.4033514e+09
0.53944755	1.2048246e+12	6.3308652e+09	7.3700498e+09
0.54097146	1.2023601e+12	6.3345403e+09	7.2911926e+09
0.5424953	1.2137205e+12	6.3602567e+09	7.206463e+09
0.5440192	1.2061291e+12	6.3365011e+09	7.3233749e+09
0.54554304	1.1914406e+12	6.3056893e+09	7.1153832e+09
0.54706688	1.1861331e+12	6.2780229e+09	7.2347852e+09
0.54859078	1.1949865e+12	6.2731024e+09	7.1936519e+09
0.55011462	1.1966265e+12	6.2282406e+09	7.1174687e+09
0.55163846	1.202497e+12	6.2164857e+09	7.1349791e+09
0.55316237	1.1945347e+12	6.1632387e+09	7.1861272e+09
0.55468621	1.2004904e+12	6.1643656e+09	7.1894695e+09
0.55621005	1.1979366e+12	6.135033e+09	7.111627e+09
0.55773395	1.1859188e+12	6.0817776e+09	6.9666706e+09
0.55925779	1.1942532e+12	6.1034254e+09	6.8977575e+09
0.5607817	1.1916868e+12	6.0615875e+09	7.0306697e+09
0.56230554	1.2040633e+12	6.0856238e+09	7.04068e+09
0.56382938	1.191777e+12	6.0344496e+09	6.9544265e+09
0.56535328	1.1824626e+12	6.0045062e+09	7.0086569e+09
0.56687712	1.1775946e+12	5.9780902e+09	7.0011298e+09
0.56840096	1.1839217e+12	5.9824811e+09	6.7631728e+09
0.56992486	1.1803557e+12	5.966738e+09	6.7916597e+09
0.5714487	1.1689518e+12	5.9228443e+09	6.8115616e+09
0.57297254	1.1677443e+12	5.9014235e+09	6.8479971e+09
0.57449645	1.1786907e+12	5.9231686e+09	6.8811848e+09
0.57602029	1.1760434e+12	5.8940464e+09	6.8570142e+09
0.57754419	1.1803611e+12	5.9070286e+09	6.8065638e+09
0.57906803	1.1652518e+12	5.8416144e+09	6.8594489e+09
0.58059187	1.170193e+12	5.8653876e+09	6.9138663e+09
0.58211578	1.1598767e+12	5.8185173e+09	6.7116147e+09
0.58363962	1.1608682e+12	5.8050724e+09	6.7155979e+09
0.58516346	1.169024e+12	5.8268294e+09	6.6648721e+09
0.58668736	1.1557386e+12	5.7721559e+09	6.7135402e+09
0.5882112	1.154235e+12	5.7607264e+09	6.762072e+09
0.58973504	1.1616808e+12	5.7769206e+09	6.6883927e+09
0.59125894	1.1589511e+12	5.7480957e+09	6.7863418e+09
0.59278278	1.1553631e+12	5.7368839e+09	6.8251727e+09
0.59430669	1.1479437e+12	5.7023204e+09	6.6114571e+09
0.59583053	1.1543509e+12	5.7163169e+09	6.4314564e+09
0.59735437	1.1507523e+12	5.7042324e+09	6.2678896e+09
0.59887827	1.1468286e+12	5.678528e+09	6.3935305e+09
0.60040211	1.1440816e+12	5.6577286e+09	6.6343645e+09
0.60192595	1.1397745e+12	5.6428118e+09	6.5050008e+09
0.60344986	1.1274621e+12	5.6025885e+09	6.4768617e+09
0.6049737	1.1372695e+12	5.624726e+09	6.5085178e+09
0.60649754	1.1317439e+12	5.594568e+09	6.4418574e+09
0.60802144	1.1339475e+12	5.5995135e+09	6.57156e+09
0.60954528	1.1386468e+12	5.6005966e+09	6.503373e+09
0.61106918	1.1363538e+12	5.5807742e+09	6.4617682e+09
0.61259302	1.1293691e+12	5.5570259e+09	6.4647752e+09
0.61411686	1.128228e+12	5.5461199e+09	6.6013507e+09
0.61564077	1.1274312e+12	5.5360928e+09	6.5466348e+09
0.61716461	1.124328e+12	5.5295619e+09	6.3989137e+09
0.61868845	1.1238774e+12	5.5065125e+09	6.4380954e+09
0.62021235	1.1273947e+12	5.5134869e+09	6.4281559e+09
0.62173619	1.1181032e+12	5.4756795e+09	6.4499849e+09
0.62326003	1.1293164e+12	5.4986654e+09	6.4661814e+09
0.62478394	1.1245035e+12	5.4824742e+09	6.3716623e+09
0.62630778	1.1232189e+12	5.4719494e+09	6.2812302e+09
0.62783168	1.1153192e+12	5.4344216e+09	6.2436478e+09
0.62935552	1.1181773e+12	5.4448122e+09	6.4766186e+09
0.63087936	1.1188483e+12	5.4351278e+09	6.3881215e+09
0.63240326	1.1044903e+12	5.3883563e+09	6.2949209e+09
0.6339271	1.1103918e+12	5.4017266e+09	6.3459479e+09
0.63545094	1.1181524e+12	5.4106314e+09	6.3491464e+09
0.63697485	1.1176793e+12	5.4014635e+09	6.20362e+09
0.63849869	1.1202286e+12	5.3948603e+09	6.2791806e+09
0.64002253	1.1212827e+12	5.3983e+09	6.2734116e+09
0.64154643	1.110144e+12	5.3624126e+09	6.2569543e+09
0.64307027	1.1051984e+12	5.3458699e+09	6.1429017e+09
0.64459418	1.1026553e+12	5.3358459e+09	6.0695862e+09
0.64611802	1.0976776e+12	5.3097933e+09	5.996901e+09
0.64764186	1.0921721e+12	5.2880278e+09	6.0726543e+09
0.64916576	1.0996044e+12	5.3024339e+09	6.16923e+09
0.6506896	1.1004558e+12	5.2929503e+09	6.1557343e+09
0.65221344	1.0991178e+12	5.2897548e+09	6.0426129e+09
0.65373734	1.0903411e+12	5.2570894e+09	6.1400635e+09
0.65526118	1.0993872e+12	5.2813262e+09	6.1112267e+09
0.65678502	1.1000317e+12	5.2636811e+09	6.0295014e+09
0.65830893	1.1045834e+12	5.2667112e+09	6.1138056e+09
0.65983277	1.1111534e+12	5.2781895e+09	6.2067982e+09
0.66135667	1.0950678e+12	5.2370621e+09	6.1028038e+09
0.66288051	1.0874863e+12	5.2136685e+09	5.9348031e+09
0.66440435	1.0984744e+12	5.2262276e+09	5.9700731e+09
0.66592826	1.0916476e+12	5.2077975e+09	5.9982815e+09
0.6674521	1.0788769e+12	5.1694101e+09	5.9602629e+09
0.66897594	1.070793e+12	5.1471492e+09	5.8978453e+09
0.67049984	1.0747066e+12	5.1536852e+09	5.9212962e+09
0.67202368	1.0846129e+12	5.1624284e+09	5.9791522e+09
0.67354752	1.0859802e+12	5.1671032e+09	5.9141268e+09
0.67507142	1.0805561e+12	5.1338258e+09	5.8951933e+09
0.67659526	1.0911158e+12	5.162648e+09	6.0075386e+09
0.67811917	1.0819441e+12	5.129035e+09	5.8593344e+09
0.67964301	1.0743438e+12	5.1052917e+09	5.9262956e+09
0.68116685	1.0743181e+12	5.1034178e+09	5.9324319e+09
0.68269075	1.0832913e+12	5.1170562e+09	5.9343184e+09
0.68421459	1.0761477e+12	5.0867052e+09	5.9112656e+09
0.68573843	1.0707358e+12	5.070669e+09	5.7105125e+09
0.68726234	1.0753895e+12	5.0832851e+09	5.7962984e+09
0.68878618	1.0804469e+12	5.0925307e+09	5.8363274e+09
0.69031002	1.0677327e+12	5.0425118e+09	5.8686385e+09
0.69183392	1.061036e+12	5.0315447e+09	5.8084702e+09
0.69335776	1.0604069e+12	5.0162228e+09	5.7071448e+09
0.6948816	1.0696788e+12	5.0350478e+09	5.8988811e+09
0.6964055	1.0752739e+12	5.0438022e+09	5.8331157e+09
0.69792934	1.0725099e+12	5.0280273e+09	5.8918629e+09
0.69945325	1.0710204e+12	5.0241095e+09	5.8238432e+09
0.70097709	1.0641315e+12	5.0006224e+09	5.7419825e+09
0.70250093	1.0612251e+12	4.9820539e+09	5.782188e+09
0.70402483	1.0659678e+12	4.9831662e+09	5.7563147e+09
0.70554867	1.0596254e+12	4.9680855e+09	5.7939352e+09
0.70707251	1.0629239e+12	4.971661e+09	5.8958595e+09
0.70859642	1.0560099e+12	4.944323e+09	5.8037085e+09
0.71012026	1.0502276e+12	4.9277219e+09	5.7461334e+09
0.7116441	1.0539937e+12	4.924016e+09	5.7334981e+09
0.713168	1.0558757e+12	4.9297008e+09	5.6895005e+09
0.71469184	1.0604254e+12	4.9369536e+09	5.7645184e+09
0.71621574	1.0515844e+12	4.8969623e+09	5.6940533e+09
0.71773958	1.0623679e+12	4.9338366e+09	5.705322e+09
0.71926342	1.0532432e+12	4.8960077e+09	5.7786756e+09
0.72078733	1.0532384e+12	4.8938507e+09	5.6896667e+09
0.72231117	1.0610058e+12	4.9064314e+09	5.6574021e+09
0.72383501	1.0539551e+12	4.8865086e+09	5.7027074e+09
0.72535891	1.0499518e+12	4.8761426e+09	5.6266579e+09
0.72688275	1.0546866e+12	4.8740557e+09	5.5762379e+09
0.72840659	1.0562427e+12	4.875753e+09	5.5378878e+09
0.7299305	1.0500511e+12	4.8488401e+09	5.5820334e+09
0.73145434	1.0445312e+12	4.8327916e+09	5.6005458e+09
0.73297824	1.0356131e+12	4.8100277e+09	5.541271e+09
0.73450208	1.0465484e+12	4.835299e+09	5.6045401e+09
0.73602592	1.0367496e+12	4.7961562e+09	5.6325738e+09
0.73754982	1.0410583e+12	4.8113354e+09	5.5584856e+09
0.73907366	1.0295246e+12	4.7744095e+09	5.5480042e+09
0.7405975	1.0223113e+12	4.7644431e+09	5.4620868e+09
0.74212141	1.0377068e+12	4.8331247e+09	5.486502e+09
0.74364525	1.0409754e+12	4.8610577e+09	5.6790737e+09
0.74516909	1.0389195e+12	4.8974762e+09	5.6827373e+09
0.74669299	1.0374611e+12	4.9374298e+09	5.6851062e+09
0.74821683	1.0421774e+12	4.9718791e+09	5.76705e+09
0.74974074	1.0355037e+12	4.9665578e+09	5.8302449e+09
0.75126458	1.0289472e+12	4.9795881e+09	5.8248802e+09
0.75278842	1.0256582e+12	4.9806985e+09	5.8647261e+09
0.75431232	1.0351427e+12	5.050302e+09	5.8453337e+09
0.75583616	1.0384788e+12	5.1115403e+09	5.833365e+09
0.75736	1.038751e+12	5.1567441e+09	5.9304345e+09
0.7588839	1.0307014e+12	5.1669489e+09	6.0288137e+09
0.76040774	1.03109e+12	5.2013343e+09	6.0386312e+09
0.76193158	1.0302944e+12	5.2303138e+09	6.0806341e+09
0.76345549	1.0323344e+12	5.2554225e+09	6.1334619e+09
0.76497933	1.0291378e+12	5.2689651e+09	6.0577317e+09
0.76650323	1.0185941e+12	5.2562198e+09	5.9963741e+09
0.76802707	1.008956e+12	5.243101e+09	6.0057032e+09
0.76955091	1.0328013e+12	5.3477869e+09	6.1769113e+09
0.77107482	1.028034e+12	5.3380909e+09	6.1977229e+09
0.77259866	1.0277286e+12	5.3576083e+09	6.1545597e+09
0.7741225	1.0286943e+12	5.3802138e+09	6.2111744e+09
0.7756464	1.0089679e+12	5.3329135e+09	6.2183473e+09
0.77717024	1.0241477e+12	5.4128873e+09	6.2224085e+09
0.77869408	1.0277545e+12	5.4359012e+09	6.4343176e+09
0.78021798	1.025822e+12	5.4478319e+09	6.3491999e+09
0.78174182	1.0273433e+12	5.4634973e+09	6.2035742e+09
0.78326573	1.0195987e+12	5.461738e+09	6.292344e+09
0.78478957	1.0167629e+12	5.4723105e+09	6.1368366e+09
0.78631341	1.0144147e+12	5.473499e+09	6.3236639e+09
0.78783731	1.0187376e+12	5.5008262e+09	6.2869381e+09
0.78936115	1.0084664e+12	5.4761618e+09	6.2114848e+09
0.79088499	1.0093346e+12	5.5111341e+09	6.4132683e+09
0.7924089	1.0116407e+12	5.5292999e+09	6.402688e+09
0.79393274	1.0070025e+12	5.5326231e+09	6.4389919e+09
0.79545658	1.0133881e+12	5.5713682e+09	6.4359965e+09
0.79698048	1.0162585e+12	5.5841616e+09	6.547431e+09
0.79850432	1.0204212e+12	5.6182166e+09	6.5037292e+09
0.80002822	1.0146168e+12	5.6107564e+09	6.5097616e+09
0.80155206	1.0120423e+12	5.6322734e+09	6.4100205e+09
0.8030759	1.0091228e+12	5.6362601e+09	6.4299314e+09
0.80459981	1.0089695e+12	5.6581125e+09	6.4868604e+09
0.80612365	1.0023017e+12	5.6397709e+09	6.4646037e+09
0.80764749	1.0153841e+12	5.6915025e+09	6.4892496e+09
0.80917139	1.0205086e+12	5.7379239e+09	6.7002291e+09
0.81069523	1.0039015e+12	5.6975015e+09	6.6908866e+09
0.81221907	9.9642852e+11	5.6845662e+09	6.5482348e+09
0.81374298	1.0073386e+12	5.7403728e+09	6.6505203e+09
0.81526682	1.0090937e+12	5.7504142e+09	6.6970998e+09
0.81679072	1.0100816e+12	5.7746506e+09	6.5421839e+09
0.81831456	1.000515e+12	5.7490203e+09	6.5877157e+09
0.8198384	1.0026143e+12	5.7752798e+09	6.6922104e+09
0.8213623	1.0126626e+12	5.8319261e+09	6.6334583e+09
0.82288614	1.0190991e+12	5.8647307e+09	6.5957244e+09
0.82440998	1.0151811e+12	5.860701e+09	6.6735139e+09
0.82593389	1.0024708e+12	5.8288095e+09	6.8152317e+09
0.82745773	9.9937978e+11	5.8414975e+09	6.7812225e+09
0.82898157	1.0017035e+12	5.8639191e+09	6.7327414e+09
0.83050547	1.0059821e+12	5.896598e+09	6.8920258e+09
0.83202931	9.9829736e+11	5.8684658e+09	6.8250327e+09
0.83355322	1.0059828e+12	5.9113275e+09	6.8702499e+09
0.83507706	1.0066115e+12	5.9380212e+09	6.8185195e+09
0.8366009	1.0015835e+12	5.9307776e+09	6.7861657e+09
0.8381248	1.0105952e+12	5.9824699e+09	6.932269e+09
0.83964864	9.968141e+11	5.9329557e+09	6.8082685e+09
0.84117248	1.0045108e+12	5.989959e+09	6.9037145e+09
0.84269638	9.9880012e+11	5.9793252e+09	6.9013599e+09
0.84422022	9.9943117e+11	6.0041766e+09	7.0084962e+09
0.84574406	9.9781115e+11	6.0745974e+09	7.1880911e+09
0.84726797	9.9440982e+11	6.1297098e+09	7.233649e+09
0.84879181	9.9469831e+11	6.2041308e+09	7.2392291e+09
0.85031571	9.8828044e+11	6.2471333e+09	7.1817317e+09
0.85183955	9.7921203e+11	6.2289202e+09	7.172553e+09
0.85336339	9.813352e+11	6.2818391e+09	7.2428708e+09
0.8548873	9.8686197e+11	6.3519157e+09	7.4412715e+09
0.85641114	9.8034771e+11	6.3600413e+09	7.3435846e+09
0.85793498	9.8292126e+11	6.4121809e+09	7.1962482e+09
0.85945888	9.7866427e+11	6.4176168e+09	7.3710514e+09
0.86098272	9.8093495e+11	6.4798525e+09	7.5016959e+09
0.86250656	9.7871557e+11	6.4868288e+09	7.4008267e+09
0.86403046	9.8310194e+11	6.54037e+09	7.422888e+09
0.8655543	9.8374087e+11	6.5710115e+09	7.6287642e+09
0.86707821	9.8343061e+11	6.6181918e+09	7.4845032e+09
0.86860205	9.7705646e+11	6.6211327e+09	7.6916472e+09
0.87012589	9.8077297e+11	6.6532219e+09	7.7146524e+09
0.87164979	9.7718072e+11	6.67058e+09	7.6444954e+09
0.87317363	9.8663216e+11	6.7380023e+09	7.7650543e+09
0.87469747	9.8410903e+11	6.7689491e+09	7.8115861e+09
0.87622138	9.7880281e+11	6.781964e+09	7.6508832e+09
0.87774522	9.6935619e+11	6.7599966e+09	7.9015043e+09
0.87926906	9.7821439e+11	6.8725761e+09	7.8968796e+09
0.88079296	9.6208966e+11	6.8134925e+09	7.9329897e+09
0.8823168	9.6613111e+11	6.8791717e+09	7.9172462e+09
0.8838407	9.6271481e+11	6.9083823e+09	8.0983689e+09
0.88536454	9.6150499e+11	6.9107532e+09	7.9348228e+09
0.88688838	9.7993583e+11	7.0402807e+09	8.1301488e+09
0.88841229	9.6240357e+11	6.9992721e+09	8.0662843e+09
0.88993613	9.5673107e+11	7.0255242e+09	7.9266226e+09
0.89145997	9.6283336e+11	7.0876626e+09	7.9799777e+09
0.89298387	9.5835838e+11	7.0950128e+09	8.0657566e+09
0.89450771	9.6738062e+11	7.1850133e+09	8.3567632e+09
0.89603155	9.6855086e+11	7.2200526e+09	8.4653196e+09
0.89755546	9.593312e+11	7.2191264e+09	8.2374528e+09
0.8990793	9.5468154e+11	7.2327898e+09	8.4175793e+09
0.90060314	9.5332077e+11	7.2830486e+09	8.4794745e+09
0.90212704	9.533897e+11	7.3309543e+09	8.2848262e+09
0.90365088	9.5864343e+11	7.3578949e+09	8.3950895e+09
0.90517478	9.7232931e+11	7.4770469e+09	8.8465899e+09
0.90669862	9.5323216e+11	7.4249442e+09	8.6838431e+09
0.90822246	9.6171412e+11	7.5178078e+09	8.6410067e+09
0.90974637	9.5254261e+11	7.4771715e+09	8.6676911e+09
0.91127021	9.5393115e+11	7.5342205e+09	8.5700628e+09
0.91279405	9.5486252e+11	7.5789223e+09	8.8462514e+09
0.91431795	9.4614188e+11	7.5456516e+09	8.5502838e+09
0.91584179	9.6015495e+11	7.658618e+09	8.7058905e+09
0.91736563	9.5141156e+11	7.6321282e+09	8.660091e+09
0.91888954	9.4839729e+11	7.6713691e+09	8.5339096e+09
0.92041338	9.5908563e+11	7.7433746e+09	8.8827522e+09
0.92193728	9.5829733e+11	7.7626504e+09	8.9686957e+09
0.92346112	9.494603e+11	7.7740745e+09	9.3013318e+09
0.92498496	9.445383e+11	7.7874094e+09	9.0394674e+09
0.92650886	9.3375198e+11	7.7692898e+09	8.9873769e+09
0.9280327	9.4469377e+11	7.8414253e+09	9.0283517e+09
0.92955654	9.4962425e+11	7.9067491e+09	8.8322072e+09
0.93108045	9.3870185e+11	7.9036144e+09	9.1001526e+09
0.93260429	9.4144299e+11	7.9450692e+09	8.973912e+09
0.93412813	9.484992e+11	8.0321089e+09	9.2609971e+09
0.93565203	9.5244474e+11	8.0663389e+09	9.4611855e+09
0.93717587	9.4852923e+11	8.1154239e+09	9.3388065e+09
0.93869978	9.4964305e+11	8.1885855e+09	9.3677741e+09
0.94022362	9.5252174e+11	8.2211694e+09	9.6492529e+09
0.94174746	9.4186097e+11	8.2225909e+09	9.518086e+09
0.94327136	9.500628e+11	8.2997819e+09	9.5925062e+09
0.9447952	9.4598827e+11	8.3621141e+09	9.8145675e+09
0.94631904	9.3141593e+11	8.3368859e+09	9.7774651e+09
0.94784294	9.2892095e+11	8.353027e+09	9.5307456e+09
0.94936678	9.2802424e+11	8.4211124e+09	9.6185999e+09
0.95089062	9.2723387e+11	8.4442876e+09	9.6959524e+09
0.95241453	9.2172935e+11	8.4994565e+09	9.6766797e+09
0.95393837	9.2322659e+11	8.5537101e+09	9.7961063e+09
0.95546227	9.2293032e+11	8.6027135e+09	1.0040529e+10
0.95698611	9.2178252e+11	8.6721466e+09	1.0033528e+10
0.95850995	9.2231216e+11	8.6867993e+09	9.9293424e+09
0.96003386	9.3534325e+11	8.8477045e+09	9.9023487e+09
0.9615577	9.1774984e+11	8.7800553e+09	1.0049838e+10
0.96308154	9.3380495e+11	8.947736e+09	1.0185729e+10
0.96460544	9.4900757e+11	9.0761967e+09	1.0390868e+10
0.96612928	9.3466198e+11	9.0539185e+09	1.0002443e+10
0.96765312	9.3037329e+11	9.1262771e+09	1.0328361e+10
0.96917702	9.2056088e+11	9.081666e+09	1.0722769e+10
0.97070086	9.1292571e+11	9.1470145e+09	1.061829e+10
0.97222477	9.0598883e+11	9.1517392e+09	1.0601846e+10
0.97374861	9.2410519e+11	9.3326187e+09	1.0805207e+10
0.97527245	9.2875238e+11	9.4447913e+09	1.0605409e+10
0.97679635	9.0495733e+11	9.3333587e+09	1.0987801e+10
0.97832019	9.1205735e+11	9.492997e+09	1.1142839e+10
0.97984403	9.1086781e+11	9.5150121e+09	1.1233425e+10
0.98136794	9.1922247e+11	9.6710857e+09	1.1191775e+10
0.98289178	9.2089231e+11	9.7378557e+09	1.1331672e+10
0.98441562	9.1280716e+11	9.7520545e+09	1.1486159e+10
0.98593952	9.0685335e+11	9.8238207e+09	1.108539e+10
0.98746336	9.0621077e+11	9.8649117e+09	1.1134065e+10
0.98898726	9.0742296e+11	9.9744173e+09	1.12926e+10
0.9905111	9.0391843e+11	1.0002169e+10	1.1566713e+10
0.99203494	9.0635689e+11	1.0156781e+10	1.2002863e+10
0.99355885	9.1279692e+11	1.027606e+10	1.2186713e+10
0.99508269	9.1534211e+11	1.0326109e+10	1.1950527e+10
0.99660653	9.1081307e+11	1.0403973e+10	1.2510545e+10
0.99813043	9.2946408e+11	1.0610182e+10	1.2700639e+10
0.99965427	9.1870553e+11	1.0657545e+10	1.2203565e+10
1.0011781	9.1300231e+11	1.0681631e+10	1.2532354e+10
1.002702	9.0867601e+11	1.0741475e+10	1.2450813e+10
1.0042259	8.9498629e+11	1.0829683e+10	1.2124485e+10
1.0057498	8.8052422e+11	1.0740347e+10	1.2042261e+10
1.0072736	9.0078502e+11	1.1035937e+10	1.2535138e+10
1.0087974	8.8784225e+11	1.098939e+10	1.2527482e+10
1.0103213	9.0629752e+11	1.1320037e+10	1.2954191e+10
1.0118452	9.1202742e+11	1.1474713e+10	1.3621171e+10
1.013369	9.1205893e+11	1.1453027e+10	1.3505444e+10
1.0148929	9.1703923e+11	1.1723576e+10	1.3888286e+10
1.0164168	9.0745397e+11	1.1718962e+10	1.4006917e+10
1.0179406	9.0962579e+11	1.1908354e+10	1.3732733e+10
1.0194645	8.9492199e+11	1.1971228e+10	1.3710564e+10
1.0209884	8.8049656e+11	1.1936088e+10	1.4412194e+10
1.0225123	8.949345e+11	1.2237545e+10	1.4130027e+10
1.0240361	8.952292e+11	1.2303831e+10	1.4031922e+10
1.0255599	9.1411594e+11	1.267299e+10	1.4567933e+10
1.0270838	9.0439687e+11	1.2678224e+10	1.5393896e+10
1.0286077	8.8604017e+11	1.2759287e+10	1.4710619e+10
1.0301315	8.9855373e+11	1.3060863e+10	1.4649045e+10
1.0316554	9.1322553e+11	1.3206223e+10	1.5239827e+10
1.0331793	8.9788447e+11	1.3345172e+10	1.6106689e+10
1.0347031	8.9026879e+11	1.3389969e+10	1.6101169e+10
1.036227	8.8989512e+11	1.3669921e+10	1.5788705e+10
1.0377508	8.8298976e+11	1.3817962e+10	1.567104e+10
1.0392748	8.9383939e+11	1.4066446e+10	1.6612147e+10
1.0407986	8.7802502e+11	1.4148088e+10	1.6606376e+10
1.0423224	8.6711533e+11	1.4200957e+10	1.5905297e+10
1.0438463	8.7119941e+11	1.469944e+10	1.7100626e+10
1.0453702	8.7205053e+11	1.4778916e+10	1.6915594e+10
1.046894	9.1200359e+11	1.5388271e+10	1.7636182e+10
1.0484179	9.1193418e+11	1.5724992e+10	1.7960497e+10
1.0499418	8.9096769e+11	1.5775465e+10	1.8032289e+10
1.0514656	8.6691997e+11	1.5791764e+10	1.802982e+10
1.0529895	8.820513e+11	1.6195025e+10	1.8381262e+10
1.0545133	8.7276085e+11	1.6382905e+10	1.9131842e+10
1.0560372	9.1143043e+11	1.6995576e+10	1.8704257e+10
1.0575611	9.0579319e+11	1.7141958e+10	1.8934253e+10
1.0590849	8.8564198e+11	1.7248356e+10	2.0514432e+10
1.0606088	8.8979449e+11	1.747785e+10	2.1509521e+10
1.0621327	8.9348787e+11	1.7881419e+10	2.1311877e+10
1.0636565	9.0494689e+11	1.8107957e+10	2.2539125e+10
1.0651804	8.7177995e+11	1.800537e+10	2.1521892e+10
1.0667043	8.743152e+11	1.8392002e+10	2.1176164e+10
1.0682281	8.9952478e+11	1.8710962e+10	2.2092539e+10
1.069752	8.8179293e+11	1.8865942e+10	2.32809e+10
1.0712758	8.4574386e+11	1.8671602e+10	2.1906949e+10
1.0727997	8.6039694e+11	1.918974e+10	2.3155417e+10
1.0743236	8.7609887e+11	1.9628303e+10	2.375944e+10
1.0758474	8.545606e+11	1.9607818e+10	2.2497938e+10
1.0773713	8.8451181e+11	2.0458226e+10	2.2894494e+10
1.0788951	8.7725651e+11	2.0457385e+10	2.3416331e+10
1.0804191	8.8485919e+11	2.1078319e+10	2.5187698e+10
1.0819429	8.7031156e+11	2.115753e+10	2.4257427e+10
1.0834668	8.9224782e+11	2.1680404e+10	2.560836e+10
1.0849906	8.8215183e+11	2.1944328e+10	2.4762045e+10
1.0865144	8.679183e+11	2.2291781e+10	2.6953335e+10
1.0880384	8.8341896e+11	2.2809009e+10	2.4772962e+10
1.0895622	8.8466266e+11	2.3332169e+10	2.3043802e+10
1.0910861	8.6840756e+11	2.3697054e+10	2.7865876e+10
1.0926099	8.7250425e+11	2.4197204e+10	2.8384645e+10
1.0941338	8.8372774e+11	2.4871049e+10	2.9812192e+10
1.0956576	8.9120755e+11	2.5648548e+10	3.0260393e+10
1.0971816	9.1093053e+11	2.6779177e+10	2.6455785e+10
1.0987054	8.8049734e+11	2.6726345e+10	2.8984179e+10
1.1002292	8.582716e+11	2.7256124e+10	3.053142e+10
1.1017531	7.9023627e+11	2.6827459e+10	3.0634534e+10
1.1032769	8.4924996e+11	2.885233e+10	3.1555564e+10
1.1048009	9.353789e+11	3.1457165e+10	3.4728415e+10
1.1063247	9.3036522e+11	3.2065068e+10	3.3759842e+10
1.1078486	9.1016695e+11	3.3038724e+10	3.6052882e+10
1.1093724	8.566501e+11	3.3435927e+10	3.5327669e+10
1.1108963	8.987863e+11	3.5704582e+10	4.1993351e+10
1.1124201	8.2203973e+11	3.5631544e+10	4.4429001e+10
1.1139441	8.392226e+11	3.8524453e+10	4.0026521e+10
1.1154679	8.5250389e+11	4.0805179e+10	3.847727e+10
1.1169917	8.5701688e+11	4.3916103e+10	4.4694124e+10
1.1185156	8.9327322e+11	4.8590167e+10	6.9397734e+10
1.1200394	8.5758354e+11	5.0960304e+10	7.9735663e+10
1.1215634	8.0113109e+11	5.6812306e+10	6.5676184e+10
1.1230872	8.9149477e+11	6.7574849e+10	7.6877844e+10
1.1246111	1.0372113e+12	8.0586003e+10	1.0803353e+11
1.1261349	8.5951727e+11	8.3489718e+10	5.1853226e+10
1.1276588	8.603935e+11	9.5096348e+10	5.9254972e+10
1.1291826	9.2995177e+11	1.1918202e+11	4.4519209e+10
