# HDF: fcm_201403_060  
# /messung/kmc/daten/2014/1Q/pilatus_201403_0954.tif
# Energy (eV)=8800	Distance (mm)=4532.6	Normalization (s A)=3.9240184e-16	Center=(499.5,536.2)	Binsize (nm-1)=0.0016922998
# Normalized by solid angle (1/distance^2), time (PilatusAcqTime_GRAL) and intensity (K4norm_mean)
# q(nm-1)	I_norm	err_pois	err_stdv
0	0	2.4738627e+22	0
0.0016922998	0	1.3106007e+22	0
0.0033845995	0	9.6060385e+21	1.2962785e+20
0.0050768995	1.3233614e+21	7.9069843e+21	1.7485849e+21
0.006769199	2.8536927e+21	6.8697003e+21	2.2207147e+21
0.008461499	5.406602e+21	6.144913e+21	2.5953401e+21
0.010153799	4.8293953e+21	5.7879927e+21	2.3094464e+21
0.011846098	1.9436759e+21	5.7475543e+21	1.5148477e+21
0.013538398	2.1167609e+21	5.5528501e+21	1.5299159e+21
0.015230698	2.2185084e+21	5.331093e+21	1.5071123e+21
0.016922998	2.8179421e+21	5.2022125e+21	1.628963e+21
0.018615298	2.164297e+21	5.0041134e+21	1.3828336e+21
0.020307598	4.4173166e+21	4.947874e+21	1.884841e+21
0.021999898	2.5416256e+21	4.5478401e+21	3.5128619e+21
0.023692196	4.8995508e+22	6.2513296e+21	2.2006365e+22
0.025384496	4.0973364e+23	1.5791099e+22	7.1522534e+22
0.027076796	1.1654562e+24	2.6190734e+22	9.8063127e+22
0.028769096	1.7060971e+24	2.971954e+22	5.8535336e+22
0.030461396	1.5450989e+24	2.4060337e+22	3.9792231e+22
0.032153696	1.2966761e+24	2.0275378e+22	3.197122e+22
0.033845996	1.1216035e+24	1.835454e+22	2.7755231e+22
0.035538296	1.0272266e+24	1.6916137e+22	2.4087433e+22
0.037230596	8.9972034e+23	1.532705e+22	2.2780557e+22
0.038922896	8.1927111e+23	1.4381334e+22	2.1253142e+22
0.040615196	7.0428916e+23	1.2944684e+22	1.8338365e+22
0.042307496	6.0320634e+23	1.1648115e+22	1.4776135e+22
0.043999796	5.2871848e+23	1.0646382e+22	1.4526958e+22
0.045692092	4.4992693e+23	9.6648244e+21	1.3362179e+22
0.047384392	3.8039397e+23	8.7360427e+21	1.1641766e+22
0.049076692	3.0928844e+23	7.6915383e+21	1.0915392e+22
0.050768992	2.5262543e+23	6.8022078e+21	9.812412e+21
0.052461292	2.1395274e+23	6.1757937e+21	8.3087341e+21
0.054153592	1.7712663e+23	5.580105e+21	6.9949558e+21
0.055845892	1.2871245e+23	4.6163733e+21	5.9005566e+21
0.057538192	1.1484823e+23	4.4096796e+21	5.3444661e+21
0.059230492	8.6250819e+22	3.7770452e+21	4.4063569e+21
0.060922792	7.256833e+22	3.5194039e+21	3.7549168e+21
0.062615092	6.4473698e+22	3.3422888e+21	3.6257604e+21
0.064307392	5.1691224e+22	3.0694178e+21	3.3613259e+21
0.065999692	4.703933e+22	2.9691529e+21	3.1710518e+21
0.067691992	4.3930354e+22	2.8452486e+21	2.7234147e+21
0.069384288	4.7975333e+22	2.8829674e+21	3.0221945e+21
0.071076592	5.4747951e+22	2.9356922e+21	3.2610772e+21
0.072768888	6.286992e+22	3.0676509e+21	3.3032702e+21
0.074461192	6.4782579e+22	3.0119116e+21	3.2330008e+21
0.076153488	7.0333252e+22	3.0954236e+21	3.3348816e+21
0.077845792	7.6296223e+22	3.1219994e+21	3.3463445e+21
0.079538088	8.4965795e+22	3.2468215e+21	3.6203212e+21
0.081230392	9.0923961e+22	3.3264987e+21	3.751614e+21
0.082922688	9.5755762e+22	3.3394748e+21	3.7084395e+21
0.084614992	9.8001806e+22	3.309641e+21	3.767537e+21
0.086307288	1.0790818e+23	3.4411359e+21	4.0907731e+21
0.087999592	1.1437154e+23	3.4638382e+21	3.9980717e+21
0.089691888	1.134245e+23	3.441208e+21	4.0053802e+21
0.091384184	1.1582242e+23	3.4725225e+21	3.9829931e+21
0.093076488	1.1485929e+23	3.3825349e+21	3.6254308e+21
0.094768784	1.1168559e+23	3.3205894e+21	3.8000818e+21
0.096461088	1.1056175e+23	3.3041889e+21	4.0596532e+21
0.098153384	1.0469147e+23	3.1619266e+21	3.6573916e+21
0.099845688	1.0093654e+23	3.114624e+21	3.4986189e+21
0.10153798	9.4268371e+22	2.974496e+21	3.4999767e+21
0.10323029	8.9883951e+22	2.9197902e+21	3.2725233e+21
0.10492258	7.9808099e+22	2.72795e+21	2.8849847e+21
0.10661489	7.3081394e+22	2.6364477e+21	2.8652629e+21
0.10830718	6.7483076e+22	2.5349966e+21	2.8334665e+21
0.10999949	6.6542378e+22	2.4955227e+21	2.7676063e+21
0.11169178	5.8861019e+22	2.3948709e+21	2.5880754e+21
0.11338409	5.1554237e+22	2.2680152e+21	2.4288443e+21
0.11507638	4.5515518e+22	2.170296e+21	2.2302888e+21
0.11676869	4.0836288e+22	2.1005838e+21	2.1109307e+21
0.11846098	3.866215e+22	2.0676373e+21	2.0185492e+21
0.12015328	3.2858768e+22	1.9743129e+21	1.8001546e+21
0.12184558	2.9247041e+22	1.9322469e+21	1.7231507e+21
0.12353788	2.4934901e+22	1.8550561e+21	1.5702965e+21
0.12523018	2.4476513e+22	1.8251705e+21	1.4761245e+21
0.12692248	2.3849623e+22	1.8127792e+21	1.4819198e+21
0.12861478	2.4043591e+22	1.8050369e+21	1.5328591e+21
0.13030708	2.0505719e+22	1.7491817e+21	1.3881921e+21
0.13199938	2.0350431e+22	1.7522052e+21	1.3752352e+21
0.13369168	2.2185146e+22	1.7486699e+21	1.4596551e+21
0.13538398	2.594242e+22	1.7843794e+21	1.5808167e+21
0.13707629	2.4950659e+22	1.7441434e+21	1.479465e+21
0.13876858	2.5902011e+22	1.7526306e+21	1.5029349e+21
0.14046088	2.9121469e+22	1.807241e+21	1.616566e+21
0.14215318	2.9342604e+22	1.823426e+21	1.6466306e+21
0.14384549	3.0847168e+22	1.8437268e+21	1.646199e+21
0.14553778	3.059024e+22	1.8218491e+21	1.6227213e+21
0.14723008	3.3087736e+22	1.8657014e+21	1.6927804e+21
0.14892238	3.5663944e+22	1.9132428e+21	1.8548035e+21
0.15061467	3.455489e+22	1.8836825e+21	1.7709121e+21
0.15230698	3.4568483e+22	1.8901742e+21	1.8113166e+21
0.15399928	3.5739217e+22	1.8988802e+21	1.8614571e+21
0.15569158	3.7731578e+22	1.9274224e+21	1.9021678e+21
0.15738387	3.3444525e+22	1.8613512e+21	1.744914e+21
0.15907618	3.252925e+22	1.8436761e+21	1.7015539e+21
0.16076848	3.389327e+22	1.8547483e+21	1.7077097e+21
0.16246078	3.3887559e+22	1.8461468e+21	1.6517473e+21
0.16415307	3.1695093e+22	1.8235905e+21	1.6624479e+21
0.16584538	3.0325912e+22	1.8147783e+21	1.6506131e+21
0.16753768	3.2074198e+22	1.8115391e+21	1.6130847e+21
0.16922998	3.007662e+22	1.7658664e+21	1.5581295e+21
0.17092227	2.6549106e+22	1.7113349e+21	1.4351999e+21
0.17261458	2.3527056e+22	1.6538358e+21	1.3355006e+21
0.17430688	2.304627e+22	1.6380159e+21	1.3228751e+21
0.17599918	2.1857524e+22	1.6144623e+21	1.2841514e+21
0.17769147	2.0655238e+22	1.5833221e+21	1.2267141e+21
0.17938378	1.9629396e+22	1.5648354e+21	1.2037865e+21
0.18107608	1.9644734e+22	1.5618314e+21	1.224589e+21
0.18276837	1.8795192e+22	1.5416097e+21	1.1885737e+21
0.18446067	1.923274e+22	1.5368757e+21	1.2103292e+21
0.18615298	1.7409754e+22	1.496618e+21	1.0971495e+21
0.18784528	1.7726954e+22	1.496428e+21	1.0964483e+21
0.18953757	1.7796749e+22	1.4901104e+21	1.1085615e+21
0.19122987	1.8045549e+22	1.5086234e+21	1.133609e+21
0.19292218	1.6281865e+22	1.4943969e+21	1.0629488e+21
0.19461448	1.5341753e+22	1.4837794e+21	1.0419349e+21
0.19630677	1.6432196e+22	1.5188696e+21	1.1538199e+21
0.19799907	1.6292311e+22	1.5086544e+21	1.1198417e+21
0.19969138	1.6825142e+22	1.5138116e+21	1.1101933e+21
0.20138368	1.5614006e+22	1.5001345e+21	1.0637667e+21
0.20307597	1.7526996e+22	1.5123184e+21	1.1492626e+21
0.20476827	1.9180765e+22	1.5336329e+21	1.1784721e+21
0.20646058	1.8739521e+22	1.5237147e+21	1.1429698e+21
0.20815286	1.8818402e+22	1.5230051e+21	1.184941e+21
0.20984517	1.9659246e+22	1.5340331e+21	1.2248343e+21
0.21153747	1.9089895e+22	1.5326687e+21	1.2259754e+21
0.21322978	1.8231888e+22	1.5142939e+21	1.1627193e+21
0.21492206	2.030386e+22	1.529826e+21	1.2031881e+21
0.21661437	2.096224e+22	1.521356e+21	1.1913783e+21
0.21830667	2.0116877e+22	1.5275203e+21	1.2298603e+21
0.21999898	1.7460625e+22	1.4784949e+21	1.1131255e+21
0.22169126	1.9129875e+22	1.477738e+21	1.1326855e+21
0.22338357	1.9500465e+22	1.4531483e+21	1.0979187e+21
0.22507587	1.8531535e+22	1.4379775e+21	1.0854119e+21
0.22676818	1.7686676e+22	1.4169258e+21	1.0269408e+21
0.22846046	1.6421734e+22	1.4014696e+21	1.0165184e+21
0.23015277	1.5892641e+22	1.3833501e+21	9.8124783e+20
0.23184507	1.7432633e+22	1.3902478e+21	1.0568248e+21
0.23353738	1.6327631e+22	1.3739251e+21	1.0062978e+21
0.23522966	1.5683663e+22	1.3603504e+21	9.8949598e+20
0.23692197	1.6314611e+22	1.356178e+21	9.7115909e+20
0.23861427	1.4308197e+22	1.3318715e+21	9.0537763e+20
0.24030656	1.5230171e+22	1.3345693e+21	9.3064975e+20
0.24199886	1.456379e+22	1.32039e+21	9.1679196e+20
0.24369117	1.5999929e+22	1.327291e+21	9.387523e+20
0.24538347	1.440513e+22	1.3023537e+21	8.8216523e+20
0.24707576	1.2609303e+22	1.2850186e+21	8.2863813e+20
0.24876806	1.3153509e+22	1.2866458e+21	8.3123675e+20
0.25046037	1.3146967e+22	1.2766925e+21	8.2628663e+20
0.25215267	1.3176999e+22	1.2745029e+21	8.5520522e+20
0.25384496	1.2862353e+22	1.2684006e+21	8.3985996e+20
0.25553726	1.2600734e+22	1.260315e+21	8.1363736e+20
0.25722957	1.2611093e+22	1.255724e+21	8.0355213e+20
0.25892187	1.200514e+22	1.2407172e+21	7.6530735e+20
0.26061416	1.2879637e+22	1.2425137e+21	7.8797086e+20
0.26230646	1.3317974e+22	1.2450423e+21	8.2401324e+20
0.26399877	1.3039218e+22	1.2355297e+21	8.0928026e+20
0.26569107	1.3184082e+22	1.2298867e+21	8.0145978e+20
0.26738336	1.3794392e+22	1.2315503e+21	8.1775007e+20
0.26907565	1.3783105e+22	1.22904e+21	8.3068888e+20
0.27076797	1.5260743e+22	1.2324586e+21	8.551077e+20
0.27246026	1.3675725e+22	1.2150825e+21	8.1910399e+20
0.27415258	1.3045063e+22	1.2052592e+21	7.8298944e+20
0.27584486	1.4367402e+22	1.2161664e+21	8.4884077e+20
0.27753715	1.5773335e+22	1.2204716e+21	8.8318577e+20
0.27922947	1.4307888e+22	1.1962912e+21	8.0519958e+20
0.28092176	1.3720575e+22	1.1985963e+21	8.265592e+20
0.28261405	1.4387896e+22	1.2022258e+21	8.5917761e+20
0.28430637	1.3837565e+22	1.1882761e+21	7.9919771e+20
0.28599866	1.3574208e+22	1.1792015e+21	7.694717e+20
0.28769098	1.4406352e+22	1.1830254e+21	8.0200629e+20
0.28938326	1.4578705e+22	1.1832973e+21	8.1399608e+20
0.29107555	1.4873456e+22	1.17981e+21	8.1504608e+20
0.29276787	1.3467125e+22	1.163107e+21	7.8493808e+20
0.29446016	1.3143371e+22	1.1590637e+21	7.8194568e+20
0.29615245	1.2354656e+22	1.1518073e+21	7.4606489e+20
0.29784477	1.3344694e+22	1.1551883e+21	7.6895011e+20
0.29953706	1.330184e+22	1.1437008e+21	7.5047982e+20
0.30122934	1.3797273e+22	1.1443053e+21	7.5643005e+20
0.30292166	1.2451668e+22	1.1325957e+21	7.1532925e+20
0.30461395	1.2266069e+22	1.1291525e+21	7.0150233e+20
0.30630627	1.2170235e+22	1.1297307e+21	7.19069e+20
0.30799856	1.1582834e+22	1.1141215e+21	6.6957212e+20
0.30969085	1.1950342e+22	1.1166776e+21	6.8463638e+20
0.31138317	1.2040139e+22	1.1170535e+21	7.0853728e+20
0.31307546	1.1261245e+22	1.1097442e+21	6.9099981e+20
0.31476774	1.2374351e+22	1.1113928e+21	7.1063064e+20
0.31646006	1.2777091e+22	1.1060592e+21	7.1466095e+20
0.31815235	1.2131703e+22	1.1028419e+21	6.9367985e+20
0.31984467	1.1500326e+22	1.0944744e+21	6.7873944e+20
0.32153696	1.2457983e+22	1.0984273e+21	7.1624819e+20
0.32322925	1.0862838e+22	1.0822604e+21	6.5355777e+20
0.32492157	1.169308e+22	1.0857647e+21	6.8246471e+20
0.32661386	1.2353748e+22	1.0870155e+21	6.9591599e+20
0.32830614	1.2003427e+22	1.0847813e+21	6.9041479e+20
0.32999846	1.1581181e+22	1.0744608e+21	6.6642617e+20
0.33169075	1.2440902e+22	1.0772508e+21	6.8905745e+20
0.33338304	1.1939129e+22	1.0716892e+21	6.6892317e+20
0.33507536	1.0748877e+22	1.0585402e+21	6.2205723e+20
0.33676765	1.2325938e+22	1.0708889e+21	6.9476155e+20
0.33845997	1.1935252e+22	1.0618767e+21	6.5976711e+20
0.34015226	1.0671143e+22	1.0520548e+21	6.1792487e+20
0.34184454	1.1040972e+22	1.0531858e+21	6.419601e+20
0.34353686	1.1622499e+22	1.0495935e+21	6.4028724e+20
0.34522915	1.0863043e+22	1.0471483e+21	6.397618e+20
0.34692144	1.1064834e+22	1.0434381e+21	6.4051924e+20
0.34861376	1.232868e+22	1.0484875e+21	6.7226362e+20
0.35030605	1.2166242e+22	1.0483953e+21	6.7774552e+20
0.35199837	1.1593726e+22	1.0391644e+21	6.6196897e+20
0.35369066	1.2561252e+22	1.0400606e+21	6.6096368e+20
0.35538294	1.1520085e+22	1.0309368e+21	6.3059194e+20
0.35707526	1.1138142e+22	1.0263448e+21	6.2031382e+20
0.35876755	1.1892016e+22	1.0285377e+21	6.3310294e+20
0.36045984	1.0477512e+22	1.0184792e+21	6.0735448e+20
0.36215216	1.0118378e+22	1.0136066e+21	5.9246409e+20
0.36384445	1.0966225e+22	1.0168081e+21	6.1798197e+20
0.36553674	1.1780476e+22	1.019228e+21	6.3362882e+20
0.36722906	1.1240919e+22	1.0111588e+21	6.1290981e+20
0.36892134	1.0598662e+22	1.0057498e+21	5.9657812e+20
0.37061366	1.1231732e+22	1.0070438e+21	6.1901749e+20
0.37230595	1.2381301e+22	1.0111353e+21	6.4621266e+20
0.37399824	1.2426763e+22	1.008821e+21	6.5759646e+20
0.37569056	1.1960257e+22	1.006433e+21	6.490129e+20
0.37738285	1.1642041e+22	1.0030366e+21	6.3368045e+20
0.37907514	1.0688338e+22	9.9104635e+20	5.9754635e+20
0.38076746	1.2432739e+22	1.0001089e+21	6.3200677e+20
0.38245974	1.1493433e+22	9.935337e+20	6.3032425e+20
0.38415206	1.1568082e+22	9.9088691e+20	6.15012e+20
0.38584435	1.1416519e+22	9.8733454e+20	6.1466863e+20
0.38753664	1.1301962e+22	9.8400716e+20	6.0082107e+20
0.38922896	1.0824791e+22	9.771398e+20	5.8503419e+20
0.39092125	9.8596125e+21	9.7035114e+20	5.636126e+20
0.39261354	1.0464906e+22	9.744145e+20	5.7898795e+20
0.39430586	1.0410533e+22	9.6921669e+20	5.8105805e+20
0.39599814	1.1208234e+22	9.7174821e+20	5.9829984e+20
0.39769043	1.1485872e+22	9.7290967e+20	6.0823109e+20
0.39938275	1.1252521e+22	9.6726736e+20	5.8160402e+20
0.40107504	1.0792626e+22	9.6434166e+20	5.9426158e+20
0.40276736	1.1118409e+22	9.6349499e+20	6.1040422e+20
0.40445965	1.0012825e+22	9.5506272e+20	5.667347e+20
0.40615194	1.0702284e+22	9.5616431e+20	5.6963075e+20
0.40784426	1.0673978e+22	9.5490679e+20	5.8369831e+20
0.40953654	1.1095319e+22	9.5670564e+20	5.94778e+20
0.41122883	1.0759577e+22	9.4961691e+20	5.7407845e+20
0.41292115	1.0944604e+22	9.4756363e+20	5.6610384e+20
0.41461344	1.1429011e+22	9.4947024e+20	5.8895601e+20
0.41630573	1.0892798e+22	9.4409543e+20	5.7655663e+20
0.41799805	1.0578696e+22	9.3968401e+20	5.5676922e+20
0.41969034	1.0555662e+22	9.3941846e+20	5.5601608e+20
0.42138266	1.1389902e+22	9.4130752e+20	5.8251715e+20
0.42307494	1.1306338e+22	9.3784897e+20	5.8169608e+20
0.42476723	1.065629e+22	9.3135492e+20	5.5283429e+20
0.42645955	1.1170269e+22	9.3717921e+20	5.799612e+20
0.42815184	1.0880012e+22	9.3119089e+20	5.5836309e+20
0.42984413	1.0199959e+22	9.234595e+20	5.3498208e+20
0.43153645	1.0766169e+22	9.2376601e+20	5.4328132e+20
0.43322874	1.0738198e+22	9.2374563e+20	5.561114e+20
0.43492106	1.0744764e+22	9.2212572e+20	5.5842414e+20
0.43661334	1.123157e+22	9.2081837e+20	5.5250838e+20
0.43830563	1.1380183e+22	9.1919768e+20	5.5851083e+20
0.43999795	1.0442126e+22	9.1410996e+20	5.4966679e+20
0.44169024	1.0898591e+22	9.1850158e+20	5.6141761e+20
0.44338253	1.0815177e+22	9.1412362e+20	5.5605908e+20
0.44507485	9.5129459e+21	9.037469e+20	5.1847939e+20
0.44676714	1.0112014e+22	9.072978e+20	5.3808463e+20
0.44845942	1.0415003e+22	9.0588795e+20	5.5522002e+20
0.45015174	1.1041612e+22	9.0769149e+20	5.5111964e+20
0.45184403	1.0271283e+22	8.9993474e+20	5.2565238e+20
0.45353635	9.3077083e+21	8.9230653e+20	4.9162657e+20
0.45522864	9.7496972e+21	8.9355176e+20	4.9851431e+20
0.45692093	9.8735212e+21	8.9314432e+20	5.1833453e+20
0.45861325	1.1314455e+22	9.0029908e+20	5.5611599e+20
0.46030554	1.1434425e+22	8.9768534e+20	5.5648954e+20
0.46199782	1.0670407e+22	8.9374241e+20	5.4181711e+20
0.46369014	1.0571269e+22	8.9020488e+20	5.3018658e+20
0.46538243	1.0790941e+22	8.8960425e+20	5.3442114e+20
0.46707475	1.0022973e+22	8.8260992e+20	5.1002972e+20
0.46876704	9.7601686e+21	8.8445305e+20	5.2492006e+20
0.47045933	9.8658662e+21	8.808056e+20	5.2341327e+20
0.47215165	1.0511312e+22	8.8045853e+20	5.2241472e+20
0.47384394	9.9142011e+21	8.7464253e+20	4.9923303e+20
0.47553622	9.8230869e+21	8.7783836e+20	5.2263536e+20
0.47722854	1.0015933e+22	8.7598704e+20	5.1530239e+20
0.47892083	1.0617137e+22	8.7548754e+20	5.2306498e+20
0.48061312	1.0111957e+22	8.6942326e+20	5.0431436e+20
0.48230544	9.9710319e+21	8.6775693e+20	5.06112e+20
0.48399773	1.0285397e+22	8.7071228e+20	5.2424497e+20
0.48569005	1.1611976e+22	8.7520054e+20	5.4197017e+20
0.48738234	1.096911e+22	8.6561929e+20	5.1660867e+20
0.48907462	1.0567556e+22	8.633974e+20	5.0510686e+20
0.49076694	1.0803005e+22	8.6408179e+20	5.1647092e+20
0.49245923	1.1178258e+22	8.6423422e+20	5.2428735e+20
0.49415152	1.0540401e+22	8.5992471e+20	5.0684413e+20
0.49584384	1.0793172e+22	8.6089025e+20	5.17498e+20
0.49753613	1.0244941e+22	8.573177e+20	5.0510272e+20
0.49922845	1.0322894e+22	8.6357361e+20	5.0786234e+20
0.50092074	1.064666e+22	8.6659947e+20	5.1385109e+20
0.50261302	1.0612128e+22	8.6956388e+20	5.1973487e+20
0.50430534	1.0297022e+22	8.7046145e+20	5.1654889e+20
0.50599763	1.010806e+22	8.7263761e+20	5.0649915e+20
0.50768992	9.9499769e+21	8.7347346e+20	4.9867917e+20
0.50938224	9.6797005e+21	8.6904312e+20	4.9690084e+20
0.51107453	1.0589633e+22	8.7670986e+20	5.2845633e+20
0.51276682	1.0924662e+22	8.8003636e+20	5.3493444e+20
0.51445914	1.0929438e+22	8.8081594e+20	5.3353839e+20
0.51615142	1.0492785e+22	8.7915244e+20	5.2555516e+20
0.51784374	9.9959455e+21	8.7497322e+20	5.050423e+20
0.51953603	9.9308739e+21	8.7716615e+20	5.0759947e+20
0.52122832	1.00887e+22	8.7714246e+20	5.135597e+20
0.52292064	1.0575094e+22	8.7960328e+20	5.3175119e+20
0.52461293	9.6217408e+21	8.751471e+20	5.0675144e+20
0.52630522	1.0091875e+22	8.7684921e+20	5.134183e+20
0.52799754	1.0471814e+22	8.7353295e+20	5.2089716e+20
0.52968982	1.1195964e+22	8.6853592e+20	5.3036996e+20
0.53138214	1.0979213e+22	8.6314657e+20	5.2568959e+20
0.53307443	1.0635033e+22	8.5702436e+20	5.1398933e+20
0.53476672	1.0479738e+22	8.5513384e+20	5.090336e+20
0.53645904	9.6511716e+21	8.4701461e+20	4.858074e+20
0.5381513	1.0452592e+22	8.482067e+20	5.0552581e+20
0.53984365	9.6613534e+21	8.418167e+20	4.8096738e+20
0.54153594	9.4894607e+21	8.3957071e+20	4.6976204e+20
0.54322822	1.0107093e+22	8.4000994e+20	4.9019697e+20
0.54492051	1.0537184e+22	8.3874101e+20	5.052587e+20
0.5466128	1.0174902e+22	8.3615946e+20	4.8795421e+20
0.54830515	9.897004e+21	8.3277279e+20	4.7097958e+20
0.54999744	1.0865302e+22	8.3967623e+20	4.9319391e+20
0.55168973	1.0621249e+22	8.4100709e+20	4.8984497e+20
0.55338202	1.0506455e+22	8.4469598e+20	5.0007668e+20
0.5550743	1.0005639e+22	8.4782754e+20	5.0062967e+20
0.55676666	1.0991861e+22	8.5351647e+20	5.1885436e+20
0.55845894	1.1163028e+22	8.5134421e+20	5.0995385e+20
0.56015123	1.0691292e+22	8.5256097e+20	5.1734899e+20
0.56184352	1.070593e+22	8.5271417e+20	5.1821604e+20
0.56353581	9.5400806e+21	8.4741191e+20	4.8147078e+20
0.5652281	9.9825369e+21	8.5051305e+20	4.9697857e+20
0.56692045	1.0135949e+22	8.5144807e+20	5.019478e+20
0.56861274	9.50028e+21	8.4783681e+20	4.7551689e+20
0.57030502	9.5459716e+21	8.480612e+20	4.7581101e+20
0.57199731	9.336962e+21	8.4648245e+20	4.760177e+20
0.5736896	9.8228989e+21	8.477937e+20	4.8729385e+20
0.57538195	1.0335868e+22	8.5338023e+20	5.0713747e+20
0.57707424	9.5010406e+21	8.5028739e+20	4.8491875e+20
0.57876653	9.4322679e+21	8.422451e+20	4.7794392e+20
0.58045882	1.0221642e+22	8.3861355e+20	4.9337042e+20
0.5821511	1.0226587e+22	8.3485377e+20	4.9222671e+20
0.58384339	1.0360997e+22	8.3204412e+20	4.9273098e+20
0.58553574	1.0278628e+22	8.2875369e+20	4.9663798e+20
0.58722803	1.0431575e+22	8.2314931e+20	4.8162701e+20
0.58892032	1.0269918e+22	8.2237032e+20	4.8291301e+20
0.59061261	9.8622003e+21	8.1948685e+20	4.7505533e+20
0.5923049	1.0132102e+22	8.1696396e+20	4.7771431e+20
0.59399725	9.9919885e+21	8.1355417e+20	4.7558262e+20
0.59568954	9.6583483e+21	8.0983139e+20	4.670835e+20
0.59738182	9.9415535e+21	8.0894615e+20	4.7027441e+20
0.59907411	1.0300555e+22	8.1070795e+20	4.8164432e+20
0.6007664	1.0302771e+22	8.090979e+20	4.8626809e+20
0.60245869	1.0443295e+22	8.0532992e+20	4.8030381e+20
0.60415104	9.5632631e+21	8.0222873e+20	4.6540933e+20
0.60584333	1.0052328e+22	8.0296471e+20	4.7498151e+20
0.60753562	1.0160314e+22	7.9855252e+20	4.641185e+20
0.6092279	9.113982e+21	7.9258019e+20	4.4019718e+20
0.61092019	1.0472351e+22	7.9845904e+20	4.7633918e+20
0.61261254	1.0418995e+22	7.9688268e+20	4.7824643e+20
0.61430483	9.5029715e+21	7.9152844e+20	4.5375734e+20
0.61599712	9.4226478e+21	7.8720821e+20	4.4132802e+20
0.61768941	1.0134812e+22	7.8853828e+20	4.5215426e+20
0.6193817	1.0557978e+22	7.9077412e+20	4.6981577e+20
0.62107405	9.4018183e+21	7.8446862e+20	4.4796465e+20
0.62276634	9.331039e+21	7.8193793e+20	4.3883419e+20
0.62445862	9.4162271e+21	7.8169306e+20	4.4392727e+20
0.62615091	9.6889516e+21	7.8115957e+20	4.4933417e+20
0.6278432	1.0257794e+22	7.8173558e+20	4.5967417e+20
0.62953549	9.0571825e+21	7.7685792e+20	4.4042772e+20
0.63122784	9.6028258e+21	7.764671e+20	4.461638e+20
0.63292013	1.0084247e+22	7.7912009e+20	4.6428166e+20
0.63461242	9.7315398e+21	7.7502039e+20	4.4992588e+20
0.6363047	1.0406757e+22	7.7640216e+20	4.5946246e+20
0.63799699	1.0469784e+22	7.7366004e+20	4.557783e+20
0.63968934	1.0514077e+22	7.7382426e+20	4.6174072e+20
0.64138163	1.0364463e+22	7.7234103e+20	4.6175281e+20
0.64307392	1.0001382e+22	7.6936194e+20	4.4943316e+20
0.64476621	1.0065285e+22	7.6879876e+20	4.4725134e+20
0.6464585	1.0613717e+22	7.6800802e+20	4.5215577e+20
0.64815078	1.0551215e+22	7.6755519e+20	4.5622377e+20
0.64984314	9.9746073e+21	7.6273121e+20	4.4378562e+20
0.65153542	9.4283133e+21	7.5999724e+20	4.248385e+20
0.65322771	9.170028e+21	7.5894695e+20	4.2615815e+20
0.65492	1.045695e+22	7.6274443e+20	4.5469402e+20
0.65661229	1.0508181e+22	7.6107074e+20	4.4583832e+20
0.65830464	1.0744842e+22	7.5986354e+20	4.5144656e+20
0.65999693	1.0342861e+22	7.5893866e+20	4.5516753e+20
0.66168922	9.9700137e+21	7.5575546e+20	4.4066474e+20
0.6633815	1.0021074e+22	7.5654327e+20	4.4953643e+20
0.66507379	9.4847361e+21	7.5329361e+20	4.389735e+20
0.66676608	9.2364118e+21	7.5094201e+20	4.3388895e+20
0.66845843	9.3646624e+21	7.4802109e+20	4.2611373e+20
0.67015072	9.5836276e+21	7.4794283e+20	4.2531747e+20
0.67184301	1.0314393e+22	7.4988353e+20	4.3982382e+20
0.6735353	1.0193489e+22	7.4838328e+20	4.377152e+20
0.67522758	9.349457e+21	7.4358271e+20	4.2092829e+20
0.67691994	9.4751323e+21	7.4431265e+20	4.3291487e+20
0.67861222	9.9119605e+21	7.460212e+20	4.4150585e+20
0.68030451	9.5798493e+21	7.4038605e+20	4.2162697e+20
0.6819968	9.6315045e+21	7.3995726e+20	4.2372765e+20
0.68368909	1.0026765e+22	7.4194047e+20	4.3547321e+20
0.68538138	1.0065917e+22	7.4230627e+20	4.4235725e+20
0.68707373	1.0026504e+22	7.3960438e+20	4.2558024e+20
0.68876602	9.1125816e+21	7.3115422e+20	4.0283789e+20
0.6904583	1.000617e+22	7.3769933e+20	4.2793589e+20
0.69215059	9.4128505e+21	7.323287e+20	4.090276e+20
0.69384288	9.2250496e+21	7.3213756e+20	4.1225535e+20
0.69553523	9.7539164e+21	7.3170219e+20	4.176306e+20
0.69722752	1.0200596e+22	7.3157346e+20	4.2273943e+20
0.69891981	9.5729441e+21	7.3035851e+20	4.1338453e+20
0.7006121	9.4591804e+21	7.2769792e+20	4.0817811e+20
0.70230438	9.8652374e+21	7.2878463e+20	4.2148898e+20
0.70399674	9.0619594e+21	7.2566696e+20	4.0858157e+20
0.70568902	9.2759901e+21	7.2612677e+20	4.1036336e+20
0.70738131	1.0050714e+22	7.2691834e+20	4.2721165e+20
0.7090736	1.0456789e+22	7.2689459e+20	4.3072169e+20
0.71076589	9.9968442e+21	7.2542897e+20	4.2874428e+20
0.71245818	9.6266316e+21	7.2268602e+20	4.1942136e+20
0.71415053	9.618351e+21	7.2053556e+20	4.0990389e+20
0.71584282	9.9485398e+21	7.2179951e+20	4.1794432e+20
0.7175351	9.9693732e+21	7.2040288e+20	4.2385394e+20
0.71922739	1.0202176e+22	7.2042609e+20	4.2542002e+20
0.72091968	9.7031068e+21	7.1741316e+20	4.1549199e+20
0.72261203	9.8270299e+21	7.1830357e+20	4.1660333e+20
0.72430432	9.4823636e+21	7.1402634e+20	4.0056577e+20
0.72599661	9.8476253e+21	7.1478719e+20	4.0603447e+20
0.7276889	9.6443912e+21	7.1394808e+20	4.0439128e+20
0.72938118	9.3130087e+21	7.1176295e+20	4.1109364e+20
0.73107347	1.0239959e+22	7.1433387e+20	4.2371122e+20
0.73276582	9.795488e+21	7.1158697e+20	4.1193753e+20
0.73445811	9.7242578e+21	7.1274951e+20	4.1860507e+20
0.7361504	1.0300071e+22	7.1260576e+20	4.2032191e+20
0.73784269	9.6466295e+21	7.0637857e+20	4.0313922e+20
0.73953498	9.6929437e+21	7.0591506e+20	3.9725608e+20
0.74122733	9.8099022e+21	7.0631323e+20	4.0340984e+20
0.74291962	1.0189142e+22	7.0894506e+20	4.2109851e+20
0.7446119	9.9765562e+21	7.0629875e+20	4.1088582e+20
0.74630419	9.788958e+21	7.0369731e+20	4.0339638e+20
0.74799648	9.6499241e+21	7.0360949e+20	4.0253626e+20
0.74968877	1.0020712e+22	7.0417413e+20	4.1508972e+20
0.75138112	1.0053465e+22	7.0139062e+20	4.1020928e+20
0.75307341	9.5733342e+21	7.0186286e+20	4.0645052e+20
0.7547657	9.3324402e+21	6.9989017e+20	4.0267325e+20
0.75645798	9.4424054e+21	6.9797629e+20	4.0145529e+20
0.75815027	9.6075052e+21	6.9859511e+20	4.0621432e+20
0.75984262	9.4109251e+21	6.9435815e+20	3.9305363e+20
0.76153491	9.2813444e+21	6.9357482e+20	3.8958625e+20
0.7632272	9.1278088e+21	6.9374446e+20	3.8683141e+20
0.76491949	9.337512e+21	6.9318801e+20	3.8977108e+20
0.76661178	9.590454e+21	6.9342664e+20	3.9874285e+20
0.76830413	9.2911627e+21	6.9038548e+20	3.8757771e+20
0.76999642	9.73655e+21	6.926574e+20	3.9821778e+20
0.7716887	9.7796655e+21	6.9129212e+20	3.9831725e+20
0.77338099	9.8266585e+21	6.8948576e+20	3.9503852e+20
0.77507328	9.8589088e+21	6.8904122e+20	3.9221215e+20
0.77676557	9.4831102e+21	6.8775332e+20	3.9555987e+20
0.77845792	9.7724748e+21	6.8881073e+20	3.9932278e+20
0.78015021	9.1846778e+21	6.8398217e+20	3.8056562e+20
0.7818425	9.6285937e+21	6.8541347e+20	3.9597952e+20
0.78353478	9.7108679e+21	6.8567541e+20	3.9528025e+20
0.78522707	8.977223e+21	6.8158825e+20	3.7875346e+20
0.78691942	9.4219722e+21	6.8331533e+20	3.9050414e+20
0.78861171	9.2105316e+21	6.7999311e+20	3.8483256e+20
0.790304	9.670802e+21	6.818124e+20	3.9030961e+20
0.79199629	9.1362892e+21	6.7961698e+20	3.8068228e+20
0.79368858	9.1172158e+21	6.8015831e+20	3.9055663e+20
0.79538086	8.7575377e+21	6.7608387e+20	3.7599174e+20
0.79707322	9.4713001e+21	6.7799112e+20	3.8590109e+20
0.7987655	9.5115416e+21	6.7684755e+20	3.8215644e+20
0.80045779	9.243154e+21	6.7618749e+20	3.813285e+20
0.80215008	9.2628156e+21	6.7434602e+20	3.7842855e+20
0.80384237	9.6219374e+21	6.7559037e+20	3.8966707e+20
0.80553472	1.0123581e+22	6.7629242e+20	3.9373176e+20
0.80722701	9.8908173e+21	6.7404731e+20	3.8941518e+20
0.8089193	1.0239446e+22	6.7572802e+20	3.9899672e+20
0.81061158	9.7048053e+21	6.718261e+20	3.8354381e+20
0.81230387	9.5539948e+21	6.7063962e+20	3.8054473e+20
0.81399616	9.928936e+21	6.7513369e+20	3.9212355e+20
0.81568851	9.5274202e+21	6.786311e+20	3.8741263e+20
0.8173808	9.2136397e+21	6.7685638e+20	3.748784e+20
0.81907309	9.9868418e+21	6.8392897e+20	3.99261e+20
0.82076538	9.8712228e+21	6.8554771e+20	3.9647709e+20
0.82245766	9.254833e+21	6.8279906e+20	3.8452806e+20
0.82415002	9.6265895e+21	6.8497253e+20	3.9384666e+20
0.8258423	9.1334673e+21	6.8498731e+20	3.8996149e+20
0.82753459	8.9900114e+21	6.8470689e+20	3.8177261e+20
0.82922688	9.1915206e+21	6.8411392e+20	3.8033472e+20
0.83091917	9.3042405e+21	6.8358672e+20	3.8234831e+20
0.83261146	9.2897654e+21	6.8468202e+20	3.8298568e+20
0.83430381	9.7062314e+21	6.8813272e+20	3.9332793e+20
0.8359961	9.2699181e+21	6.8445022e+20	3.8158342e+20
0.83768838	9.230421e+21	6.855321e+20	3.8760472e+20
0.83938067	9.6335306e+21	6.8598372e+20	3.9528452e+20
0.84107296	9.922722e+21	6.8832683e+20	4.04432e+20
0.84276531	9.6133619e+21	6.8641208e+20	3.9732986e+20
0.8444576	9.4961514e+21	6.847871e+20	3.8922143e+20
0.84614989	9.5055812e+21	6.8814267e+20	3.8946233e+20
0.84784218	9.3822378e+21	6.9262937e+20	3.904229e+20
0.84953446	9.9957029e+21	7.0169176e+20	4.1249851e+20
0.85122682	9.7872315e+21	7.0051971e+20	4.0110157e+20
0.8529191	9.606665e+21	7.0270475e+20	3.9627069e+20
0.85461139	9.2097257e+21	7.0382657e+20	3.8930013e+20
0.85630368	9.6338302e+21	7.1025465e+20	4.0743881e+20
0.85799597	9.5388496e+21	7.1401488e+20	4.0444719e+20
0.85968826	1.0244501e+22	7.2315387e+20	4.2374155e+20
0.86138061	9.1203848e+21	7.2378283e+20	4.0871049e+20
0.8630729	9.2812227e+21	7.2759069e+20	4.1150327e+20
0.86476518	9.5362321e+21	7.3255978e+20	4.19695e+20
0.86645747	9.6493741e+21	7.3710919e+20	4.2346571e+20
0.86814976	9.2865855e+21	7.3573045e+20	4.0890561e+20
0.86984211	9.7820528e+21	7.4325475e+20	4.2817769e+20
0.8715344	9.8161349e+21	7.4566325e+20	4.3642491e+20
0.87322669	9.7674568e+21	7.4666576e+20	4.2955053e+20
0.87491898	9.6249067e+21	7.4990932e+20	4.3454643e+20
0.87661126	1.0033229e+22	7.5367413e+20	4.4266697e+20
0.87830355	1.0096312e+22	7.5588911e+20	4.3475795e+20
0.8799959	9.6775792e+21	7.5714141e+20	4.3015018e+20
0.88168819	9.3316944e+21	7.5983204e+20	4.317477e+20
0.88338048	8.6282745e+21	7.5846091e+20	4.1476561e+20
0.88507277	8.792673e+21	7.6230729e+20	4.12743e+20
0.88676506	9.0406852e+21	7.6478298e+20	4.2785324e+20
0.88845741	9.8673719e+21	7.6872679e+20	4.3876963e+20
0.8901497	9.8406226e+21	7.7324246e+20	4.4064631e+20
0.89184198	9.8805918e+21	7.7642658e+20	4.517458e+20
0.89353427	9.9936534e+21	7.7837469e+20	4.4847366e+20
0.89522656	9.7018328e+21	7.7873878e+20	4.3957071e+20
0.89691885	9.4876242e+21	7.7861279e+20	4.3744599e+20
0.8986112	9.960644e+21	7.862763e+20	4.5792764e+20
0.90030349	9.2638321e+21	7.8283736e+20	4.3456281e+20
0.90199578	9.2698019e+21	7.8707207e+20	4.3868396e+20
0.90368806	8.9498605e+21	7.8616445e+20	4.3122899e+20
0.90538035	1.0122309e+22	7.9689809e+20	4.6746447e+20
0.9070727	9.7019717e+21	7.9617522e+20	4.6387183e+20
0.90876499	8.7148739e+21	7.9719104e+20	4.388258e+20
0.91045728	8.2038329e+21	8.0796861e+20	4.3174507e+20
0.91214957	8.1613415e+21	8.147033e+20	4.3447139e+20
0.91384186	9.3197298e+21	8.2593595e+20	4.5324473e+20
0.91553421	9.7356949e+21	8.3482315e+20	4.719813e+20
0.9172265	8.9909937e+21	8.3277357e+20	4.5945558e+20
0.91891878	9.6123118e+21	8.4472328e+20	4.7866923e+20
0.92061107	9.7778766e+21	8.492564e+20	4.7596768e+20
0.92230336	8.8427546e+21	8.5158031e+20	4.6411387e+20
0.92399565	8.6778428e+21	8.5634699e+20	4.6869507e+20
0.925688	9.2460398e+21	8.6228869e+20	4.876161e+20
0.92738029	9.6554484e+21	8.7291711e+20	5.0492674e+20
0.92907258	9.4774728e+21	8.7484284e+20	4.9765389e+20
0.93076486	9.5817498e+21	8.8140564e+20	5.077811e+20
0.93245715	8.9726404e+21	8.8099167e+20	4.9231667e+20
0.9341495	9.9522854e+21	8.9421763e+20	5.2367078e+20
0.93584179	9.3247673e+21	8.950879e+20	5.0737854e+20
0.93753408	8.8268074e+21	8.939004e+20	4.9546491e+20
0.93922637	8.1949025e+21	8.9698535e+20	4.8724036e+20
0.94091866	8.7713809e+21	9.0538943e+20	4.9763229e+20
0.94261094	9.4550408e+21	9.1413961e+20	5.0800199e+20
0.9443033	9.4963215e+21	9.219417e+20	5.3151894e+20
0.94599558	9.133795e+21	9.1964696e+20	5.2586181e+20
0.94768787	9.1625837e+21	9.2320419e+20	5.1211304e+20
0.94938016	9.561638e+21	9.3517966e+20	5.3830449e+20
0.95107245	9.2139471e+21	9.3756812e+20	5.3335549e+20
0.9527648	9.6612333e+21	9.4099556e+20	5.2875196e+20
0.95445709	9.572948e+21	9.4508584e+20	5.3018399e+20
0.95614938	9.8941112e+21	9.5317064e+20	5.3921684e+20
0.95784166	9.6627414e+21	9.5607011e+20	5.4150154e+20
0.95953395	8.9391036e+21	9.5489938e+20	5.2884514e+20
0.96122624	9.4184661e+21	9.6533763e+20	5.6048415e+20
0.96291859	9.2131186e+21	9.6832682e+20	5.5626778e+20
0.96461088	9.3966037e+21	9.7241622e+20	5.5337684e+20
0.96630317	9.7421375e+21	9.7490366e+20	5.582253e+20
0.96799546	9.3805878e+21	9.7719441e+20	5.4866565e+20
0.96968774	9.6704431e+21	9.8404753e+20	5.5702434e+20
0.9713801	9.6913935e+21	9.8881412e+20	5.6151382e+20
0.97307238	9.9711972e+21	9.9496637e+20	5.6694237e+20
0.97476467	9.0200858e+21	9.9680189e+20	5.5946365e+20
0.97645696	8.7035085e+21	9.9940792e+20	5.4633409e+20
0.97814925	9.2800368e+21	1.006303e+21	5.6180555e+20
0.97984154	9.025451e+21	1.0084607e+21	5.5681311e+20
0.98153389	8.7040585e+21	1.0161822e+21	5.6860426e+20
0.98322618	9.0807527e+21	1.0250856e+21	5.9076803e+20
0.98491846	9.6491814e+21	1.0302054e+21	5.9888959e+20
0.98661075	9.4972935e+21	1.0288921e+21	5.8095239e+20
0.98830304	9.0448458e+21	1.0261175e+21	5.5909664e+20
0.98999539	9.8670201e+21	1.0377743e+21	5.9686444e+20
0.99168768	9.6244878e+21	1.0431472e+21	6.0303522e+20
0.99337997	9.6292054e+21	1.0467698e+21	6.1553046e+20
0.99507226	9.0307803e+21	1.0421358e+21	5.9056518e+20
0.99676454	9.6132355e+21	1.0508641e+21	6.0028545e+20
0.9984569	9.6632118e+21	1.054594e+21	6.1045796e+20
1.0001492	9.4121983e+21	1.0621486e+21	6.1014165e+20
1.0018415	8.6485813e+21	1.0588588e+21	5.672559e+20
1.0035338	9.9438604e+21	1.0715244e+21	6.0721556e+20
1.005226	9.722447e+21	1.079216e+21	6.2564656e+20
1.0069183	9.0515115e+21	1.078707e+21	5.9659075e+20
1.0086107	9.5377729e+21	1.0848578e+21	6.1633583e+20
1.010303	1.0383468e+22	1.0968272e+21	6.6075085e+20
1.0119953	9.8283093e+21	1.0999809e+21	6.3331412e+20
1.0136876	9.9767629e+21	1.1038265e+21	6.2698385e+20
1.0153798	9.6090835e+21	1.1039726e+21	6.2657929e+20
1.0170722	9.0492084e+21	1.1070746e+21	6.1784164e+20
1.0187645	9.139487e+21	1.1107434e+21	6.1393947e+20
1.0204568	8.46059e+21	1.1141522e+21	5.9568552e+20
1.0221491	9.2489451e+21	1.1238129e+21	6.3065748e+20
1.0238413	9.5928195e+21	1.1295225e+21	6.4243936e+20
1.0255336	8.8586114e+21	1.1309374e+21	6.1284847e+20
1.027226	9.3126031e+21	1.1391293e+21	6.4116863e+20
1.0289183	9.3899489e+21	1.1439131e+21	6.3299084e+20
1.0306106	9.0297544e+21	1.1491864e+21	6.3334757e+20
1.0323028	8.542215e+21	1.155907e+21	6.3460299e+20
1.0339951	8.5250257e+21	1.163876e+21	6.4919506e+20
1.0356875	9.1912405e+21	1.173224e+21	6.7415337e+20
1.0373798	8.5761949e+21	1.1704117e+21	6.3754459e+20
1.0390721	8.9252698e+21	1.1817037e+21	6.5402299e+20
1.0407644	9.2944503e+21	1.1943374e+21	6.8092813e+20
1.0424566	9.3522922e+21	1.2072708e+21	7.1769841e+20
1.0441489	8.273946e+21	1.2014336e+21	6.6161049e+20
1.0458413	7.5585803e+21	1.2059093e+21	6.3254751e+20
1.0475336	8.5273709e+21	1.2103826e+21	6.3700813e+20
1.0492259	9.3964484e+21	1.2249696e+21	6.7378659e+20
1.0509181	9.0608586e+21	1.2329935e+21	6.8391317e+20
1.0526104	1.0455021e+22	1.2531537e+21	7.4318795e+20
1.0543028	1.0418072e+22	1.2617769e+21	7.4493293e+20
1.0559951	9.1045164e+21	1.25405e+21	7.119458e+20
1.0576874	8.5485335e+21	1.2619155e+21	6.8989764e+20
1.0593796	7.9124844e+21	1.2586263e+21	6.3832441e+20
1.0610719	8.9695057e+21	1.2762998e+21	6.9188236e+20
1.0627643	8.4855769e+21	1.286362e+21	6.942402e+20
1.0644566	8.7179797e+21	1.2929855e+21	7.0902385e+20
1.0661489	8.5885932e+21	1.3010029e+21	7.0548734e+20
1.0678412	9.147738e+21	1.3140085e+21	7.4022407e+20
1.0695334	8.934042e+21	1.319465e+21	7.4089935e+20
1.0712257	9.4375996e+21	1.3362276e+21	7.7716954e+20
1.0729181	8.9810833e+21	1.3414187e+21	7.3787291e+20
1.0746103	8.1672442e+21	1.3424443e+21	7.0728512e+20
1.0763026	9.0277361e+21	1.3552961e+21	7.5266768e+20
1.077995	8.1626561e+21	1.3632861e+21	7.2855907e+20
1.0796873	7.8483006e+21	1.3616816e+21	6.9947576e+20
1.0813796	8.8573803e+21	1.3891363e+21	7.8374473e+20
1.0830719	9.4516479e+21	1.3984055e+21	7.7333286e+20
1.0847642	8.6101248e+21	1.3991946e+21	7.6780849e+20
1.0864564	9.3821169e+21	1.4177634e+21	7.8825874e+20
1.0881487	9.0266673e+21	1.4261462e+21	7.9620784e+20
1.089841	8.2348279e+21	1.4315996e+21	7.5348178e+20
1.0915333	8.472755e+21	1.4452335e+21	7.9402598e+20
1.0932256	9.1318383e+21	1.4619598e+21	8.3280448e+20
1.094918	9.1389206e+21	1.4802104e+21	8.6127897e+20
1.0966103	8.7564884e+21	1.4749592e+21	8.0348191e+20
1.0983026	8.1362835e+21	1.4838416e+21	7.7044139e+20
1.0999949	9.0064861e+21	1.5123689e+21	8.6179787e+20
1.1016872	9.2554165e+21	1.5290728e+21	8.8728834e+20
1.1033795	8.6983789e+21	1.5312841e+21	8.2955619e+20
1.1050717	7.9503955e+21	1.5261237e+21	7.9066017e+20
1.106764	9.0074839e+21	1.5615464e+21	8.7853855e+20
1.1084563	9.7412863e+21	1.5815978e+21	9.3300827e+20
1.1101486	8.8026934e+21	1.5865441e+21	8.8954505e+20
1.1118409	8.9020593e+21	1.5956963e+21	8.5402221e+20
1.1135333	9.4997807e+21	1.6165009e+21	8.9676632e+20
1.1152256	9.417526e+21	1.6337264e+21	9.0053722e+20
1.1169179	9.2036108e+21	1.6388873e+21	9.1607226e+20
1.1186102	8.898217e+21	1.6550251e+21	9.0923328e+20
1.1203025	8.1068309e+21	1.6710086e+21	8.8615623e+20
1.1219948	8.0175533e+21	1.6827881e+21	8.5432628e+20
1.123687	9.8163222e+21	1.7247736e+21	9.7876243e+20
1.1253793	8.729725e+21	1.7147821e+21	9.4835305e+20
1.1270716	1.0178558e+22	1.7542443e+21	9.9626494e+20
1.1287639	8.2250283e+21	1.755782e+21	9.3976875e+20
1.1304562	8.3544686e+21	1.7795713e+21	9.4142104e+20
1.1321486	7.7082642e+21	1.798574e+21	9.4643308e+20
1.1338409	7.2300774e+21	1.8032704e+21	9.0128998e+20
1.1355332	8.1036042e+21	1.8443731e+21	9.7780459e+20
1.1372255	8.0616082e+21	1.850536e+21	9.6709397e+20
1.1389178	8.4936212e+21	1.8771916e+21	1.0014252e+21
1.14061	7.4148428e+21	1.8960186e+21	9.5988021e+20
1.1423023	6.8462994e+21	1.9134236e+21	8.9603014e+20
1.1439946	8.093122e+21	1.9576708e+21	1.0066111e+21
1.1456869	8.3338693e+21	1.9677929e+21	1.0435534e+21
1.1473792	8.7263336e+21	2.0041818e+21	1.0754688e+21
1.1490715	7.4829578e+21	2.0106288e+21	9.927275e+20
1.1507639	9.4585968e+21	2.0767895e+21	1.1447763e+21
1.1524562	9.0131026e+21	2.1129701e+21	1.1942406e+21
1.1541485	8.7789391e+21	2.1346513e+21	1.1794788e+21
1.1558408	6.3099645e+21	2.1397177e+21	1.0200151e+21
1.1575331	7.2575226e+21	2.1724624e+21	1.1026002e+21
1.1592253	8.6222782e+21	2.2180144e+21	1.1666128e+21
1.1609176	6.7327899e+21	2.2395076e+21	1.0583105e+21
1.1626099	8.3975296e+21	2.3156733e+21	1.3108475e+21
1.1643022	8.7118484e+21	2.3808108e+21	1.4258476e+21
1.1659945	9.1746965e+21	2.3958535e+21	1.3433544e+21
1.1676868	7.8005899e+21	2.4307904e+21	1.2611579e+21
1.1693792	7.503139e+21	2.4684265e+21	1.2083858e+21
1.1710715	7.2799039e+21	2.5190814e+21	1.1995005e+21
1.1727638	1.029424e+22	2.6395209e+21	1.555384e+21
1.1744561	8.5344805e+21	2.65668e+21	1.5004821e+21
1.1761484	7.2545081e+21	2.7280149e+21	1.419536e+21
1.1778406	7.8046491e+21	2.7564689e+21	1.4094362e+21
1.1795329	1.1238867e+22	2.8861111e+21	1.6457032e+21
1.1812252	1.060115e+22	2.9727828e+21	1.7577677e+21
1.1829175	1.0375828e+22	3.0660463e+21	1.7874907e+21
1.1846098	9.738374e+21	3.1067083e+21	1.7093996e+21
1.1863021	7.7345181e+21	3.1344389e+21	1.6769751e+21
1.1879945	8.2462799e+21	3.2265756e+21	1.7160703e+21
1.1896868	9.0716146e+21	3.3308165e+21	1.8537922e+21
1.1913791	9.9237643e+21	3.462304e+21	1.8989385e+21
1.1930714	6.9588351e+21	3.4898616e+21	1.6079996e+21
1.1947636	6.0141585e+21	3.586172e+21	1.6855149e+21
1.1964559	5.4223651e+21	3.6847511e+21	1.5933254e+21
1.1981482	7.2491203e+21	3.8828603e+21	1.9449317e+21
1.1998405	3.7512328e+21	3.9008906e+21	1.3839435e+21
1.2015328	9.4145583e+21	4.2487302e+21	2.5110763e+21
1.2032251	9.3747397e+21	4.4744551e+21	2.9829848e+21
1.2049174	9.3895253e+21	4.6362803e+21	2.9552056e+21
1.2066098	1.0933772e+22	4.8259513e+21	3.3185934e+21
1.2083021	6.6876616e+21	4.8452907e+21	2.3694821e+21
1.2099944	4.0452753e+21	5.0352484e+21	1.8628704e+21
1.2116867	7.1034402e+21	5.3596293e+21	2.8091007e+21
1.2133789	9.7253055e+21	5.7438805e+21	3.8123124e+21
1.2150712	9.5881533e+21	6.0694137e+21	4.0732764e+21
1.2167635	8.9828106e+21	6.2255609e+21	3.4346726e+21
1.2184558	1.0687416e+22	6.7813151e+21	3.6653715e+21
1.2201481	1.9446927e+22	7.4364275e+21	4.9173787e+21
1.2218404	7.7471294e+21	7.4760986e+21	4.2029094e+21
1.2235327	4.843689e+21	7.681958e+21	3.1283907e+21
1.2252251	5.5693778e+21	7.9967979e+21	3.4516813e+21
1.2269174	6.1931952e+21	8.6173226e+21	3.8476205e+21
1.2286097	1.0344728e+22	9.3230026e+21	5.1002202e+21
1.230302	9.1039273e+21	9.8505259e+21	5.0289003e+21
1.2319942	0	1.0532582e+22	8.7320781e+20
1.2336865	1.7380853e+21	1.1528489e+22	2.7901139e+21
1.2353788	1.3299378e+22	1.4075153e+22	8.3883619e+21
1.2370711	1.3969573e+22	1.661267e+22	1.0612948e+22
