2.000000000000000042e-02 1.029565651982113422e+03 3.064898198211346170e+01 1.455002948392563269e+02
2.999999999999999889e-02 8.488614258283827212e+02 5.298360828382820742e+00 1.550770154266853318e+01
4.000000000000000083e-02 4.643442141377537951e+02 1.078070918238260845e-02 4.066212566325238420e+00
5.000000000000000278e-02 1.657256883359826816e+02 -2.153440092588737365e+00 -6.956380925887377664e-01
5.999999999999999778e-02 5.998514984237561265e+01 -3.063102014767240089e+00 -2.856222871910097272e+00
7.000000000000000666e-02 3.334466006979342012e+01 -3.331069958778007489e+00 -3.386600487349436417e+00
8.000000000000000167e-02 2.051495756751448951e+01 -3.479436546771224048e+00 -3.640295332485509405e+00
8.999999999999999667e-02 1.474557944981312829e+01 -3.564489193044011017e+00 -3.762954150186867963e+00
1.000000000000000056e-01 1.391773568168175856e+01 -3.616911861175383436e+00 -3.811226975461097233e+00
1.100000000000000006e-01 1.426644050741139580e+01 -3.653927078302886322e+00 -3.846422778302886147e+00
1.199999999999999956e-01 1.396563959345888861e+01 -3.670826663683965485e+00 -3.862322563683965537e+00
1.300000000000000044e-01 1.402144288560094409e+01 -3.675011142970481259e+00 -3.854342871541909687e+00
1.400000000000000133e-01 1.397601175180353827e+01 -3.701002048196461836e+00 -3.888182562482176419e+00
1.499999999999999944e-01 1.288646469652089976e+01 -3.748839903479099345e+00 -3.940579689193385082e+00
1.600000000000000033e-01 1.184870021785278560e+01 -3.788122582147211759e+00 -3.976569896432926132e+00
1.700000000000000122e-01 1.054511823613130517e+01 -3.820514249582979360e+00 -4.017485778154407328e+00
1.799999999999999933e-01 8.369071379651682463e+00 -3.847064663205457258e+00 -4.058927748919742839e+00
1.900000000000000022e-01 6.598995270404123481e+00 -3.856642372453018108e+00 -4.090440786738732015e+00
2.000000000000000111e-01 4.729486238378064478e+00 -3.866185904479076729e+00 -4.130976747336220001e+00
2.099999999999999922e-01 3.901335035867551149e+00 -3.886239292703876025e+00 -4.151634949846733313e+00
2.200000000000000011e-01 3.648684694634737546e+00 -3.914927905365261029e+00 -4.171769376793832862e+00
2.300000000000000100e-01 2.964888097360164565e+00 -3.938147459782692650e+00 -4.191996602639835423e+00
2.399999999999999911e-01 2.391951549094051721e+00 -3.958027079477376198e+00 -4.214128093763090277e+00
2.500000000000000000e-01 2.065314491565775512e+00 -3.974848808434223724e+00 -4.228741908434224150e+00
2.600000000000000089e-01 1.908529646065771246e+00 -3.990167925362799295e+00 -4.242472025362799215e+00
2.700000000000000178e-01 1.606616013471291460e+00 -4.005000586528708162e+00 -4.257283672242993866e+00
2.800000000000000266e-01 1.532858017130377171e+00 -4.017316640012479567e+00 -4.261841397155336608e+00
2.899999999999999800e-01 1.186174645746732814e+00 -4.030201354253266643e+00 -4.273696611396123224e+00
2.999999999999999889e-01 1.103535024837112744e+00 -4.042158789448600409e+00 -4.283250518020029318e+00
3.099999999999999978e-01 1.429773559618207734e+00 -4.052366611810363395e+00 -4.284887126096077914e+00
3.200000000000000067e-01 1.447155363608811030e+00 -4.063065464962617668e+00 -4.293156536391188993e+00
3.300000000000000155e-01 1.455921972947257892e+00 -4.072914255624169755e+00 -4.297864798481312754e+00
3.400000000000000244e-01 1.670679060709810315e+00 -4.082051996433046170e+00 -4.299734439290189059e+00
3.499999999999999778e-01 1.625108294087133309e+00 -4.091315934484294203e+00 -4.306425620198580440e+00
3.599999999999999867e-01 1.475047905847471696e+00 -4.100290051295385041e+00 -4.313980522723956490e+00
3.699999999999999956e-01 1.418395408657871393e+00 -4.109109619913556166e+00 -4.320330877056413499e+00
3.800000000000000044e-01 1.804479309406354481e+00 -4.116544962022215870e+00 -4.320972504879359022e+00
3.900000000000000133e-01 1.727107252096434564e+00 -4.124283319332136877e+00 -4.326137419332136247e+00
4.000000000000000222e-01 1.838016160742562910e+00 -4.131888810686007218e+00 -4.329960767828864299e+00
4.099999999999999756e-01 2.431261810837897386e+00 -4.138057217733530635e+00 -4.326512503447816016e+00
4.199999999999999845e-01 2.507928115108680522e+00 -4.145006127748461999e+00 -4.330524156319889961e+00
4.299999999999999933e-01 2.565753266412367672e+00 -4.151733276444774745e+00 -4.334766062159060240e+00
4.400000000000000022e-01 2.544158023493797494e+00 -4.155430890791915743e+00 -4.337570847934772544e+00
4.500000000000000111e-01 2.668972711027890909e+00 -4.154203446114964393e+00 -4.337347560400679036e+00
4.600000000000000200e-01 2.757587933948989267e+00 -4.154146808908153687e+00 -4.336038494622439288e+00
4.699999999999999734e-01 2.692921291780990600e+00 -4.161634965361865390e+00 -4.341993465361865034e+00
4.799999999999999822e-01 2.896927807254058962e+00 -4.171516464174510830e+00 -4.345566878460225269e+00
4.899999999999999911e-01 2.911068926350739439e+00 -4.179191187934974572e+00 -4.350827373649260643e+00
5.000000000000000000e-01 2.995501232638595468e+00 -4.185660053075688225e+00 -4.354097881647117418e+00
5.100000000000000089e-01 3.043958590175070533e+00 -4.187769638396358296e+00 -4.355667924110643519e+00
5.200000000000000178e-01 3.116785572127474424e+00 -4.186192399301096323e+00 -4.356159842158239037e+00
5.300000000000000266e-01 3.077463317965108303e+00 -4.187630496320605467e+00 -4.356181953463462264e+00
5.400000000000000355e-01 3.540647676366542207e+00 -4.194515037919171796e+00 -4.356680566490600093e+00
5.500000000000000444e-01 3.770124205270422912e+00 -4.202823837586719513e+00 -4.359666237586719006e+00
5.600000000000000533e-01 3.639188743355662226e+00 -4.209376628072909021e+00 -4.365078099501480402e+00
5.699999999999999512e-01 3.750842124379484055e+00 -4.214460089906229889e+00 -4.365659375620515092e+00
5.799999999999999600e-01 3.674936462944768500e+00 -4.219779737055230129e+00 -4.369425008483801776e+00
5.899999999999999689e-01 3.649951440268133673e+00 -4.224600702589008883e+00 -4.374440602589008797e+00
5.999999999999999778e-01 3.871764304234374343e+00 -4.228710538622767245e+00 -4.374838852908482068e+00
6.099999999999999867e-01 4.093194440880245644e+00 -4.232668759119752266e+00 -4.375463359119752482e+00
6.199999999999999956e-01 4.056521660164576382e+00 -4.236766496978280117e+00 -4.378768668406851639e+00
6.300000000000000044e-01 3.977778481739070671e+00 -4.240668089689500597e+00 -4.380757089689500283e+00
6.400000000000000133e-01 4.273966849291169545e+00 -4.244155679280258830e+00 -4.381665150708830225e+00
6.500000000000000222e-01 4.339675130601889919e+00 -4.247689969398110499e+00 -4.383846083683824446e+00
6.600000000000000311e-01 4.386859546175638336e+00 -4.250969710967218873e+00 -4.385100482395790422e+00
6.700000000000000400e-01 4.330538026442135369e+00 -4.254295959272148764e+00 -4.387420259272148293e+00
6.800000000000000488e-01 4.436840211816073243e+00 -4.257302902469639605e+00 -4.388436231041067614e+00
6.899999999999999467e-01 4.358789595614445567e+00 -4.260414104385554346e+00 -4.390468761528411257e+00
6.999999999999999556e-01 4.187674666974507076e+00 -4.263713747311205893e+00 -4.394380604454062755e+00
7.099999999999999645e-01 4.185918768058018991e+00 -4.265943189084836717e+00 -4.396279646227694293e+00
7.199999999999999734e-01 4.475435665541686703e+00 -4.264084363029740921e+00 -4.392767777315454758e+00
7.299999999999999822e-01 4.704219836393899179e+00 -4.261970120748957314e+00 -4.390175263606100664e+00
7.399999999999999911e-01 4.606997182223409482e+00 -4.262244574919446194e+00 -4.391613560633731872e+00
7.500000000000000000e-01 4.375656600771337779e+00 -4.263040770657232414e+00 -4.394036170657232176e+00
7.600000000000000089e-01 4.374680843118020412e+00 -4.263100328310549081e+00 -4.394372499739120919e+00
7.700000000000000178e-01 4.693513942318808141e+00 -4.259176229109761458e+00 -4.390818857681190401e+00
7.800000000000000266e-01 4.399645213469026039e+00 -4.254265615102402087e+00 -4.389457243673830611e+00
7.900000000000000355e-01 4.375296682340652055e+00 -4.247975246230776492e+00 -4.387315117659347230e+00
8.000000000000000444e-01 4.608229228305300573e+00 -4.238023843123269963e+00 -4.379030228837556216e+00
8.100000000000000533e-01 4.378884441543223538e+00 -4.231402587028204820e+00 -4.377631744171061712e+00
8.199999999999999512e-01 4.405589480252777079e+00 -4.225399676890079448e+00 -4.373889362604365338e+00
8.299999999999999600e-01 4.729097356431674726e+00 -4.217599043568324824e+00 -4.366346157854039234e+00
8.399999999999999689e-01 4.591351793087214972e+00 -4.204213721198496678e+00 -4.359345764055639449e+00
8.499999999999999778e-01 4.583814224303996987e+00 -4.188872632838859467e+00 -4.351273375696002255e+00
8.599999999999999867e-01 4.687904081026235126e+00 -4.175819318973763572e+00 -4.343681404688049419e+00
8.699999999999999956e-01 4.722407933983352457e+00 -4.162625008873789056e+00 -4.336741523159503231e+00
8.800000000000000044e-01 5.135522493758638340e+00 -4.149012706241361315e+00 -4.327085520527075957e+00
8.900000000000000133e-01 4.924688753715422251e+00 -4.136339646284577398e+00 -4.316446574856005469e+00
9.000000000000000222e-01 4.766344418637811664e+00 -4.123552324219330600e+00 -4.310504209933616160e+00
9.100000000000000311e-01 4.806085333371668433e+00 -4.109981666628331531e+00 -4.303575295199760120e+00
9.200000000000000400e-01 4.490805911465892031e+00 -4.097253688534107319e+00 -4.302040145676964578e+00
9.300000000000000488e-01 4.694219563813891050e+00 -4.080354679043250776e+00 -4.291410707614678799e+00
9.399999999999999467e-01 4.415936555866743163e+00 -4.064082029847542188e+00 -4.286376415561828246e+00
9.499999999999999556e-01 4.519087436275135872e+00 -4.047210035153435470e+00 -4.276126120867720815e+00
9.599999999999999645e-01 4.821781894102945110e+00 -4.027080934468482809e+00 -4.253871548754196930e+00
9.699999999999999734e-01 8.096567330326681855e+00 -3.991362955387603328e+00 -4.179075069673317877e+00
9.799999999999999822e-01 5.795005572192253318e+00 -3.978194399236317569e+00 -4.213710899236317253e+00
9.899999999999999911e-01 4.756341159000476715e+00 -3.951800769570951832e+00 -4.218761840999523116e+00
1.000000000000000000e+00 4.551050485035573523e+00 -3.919850929250140670e+00 -4.201969072107283765e+00
1.010000000000000009e+00 4.348600513922346700e+00 -3.882943486077652828e+00 -4.179481257506224345e+00
1.020000000000000018e+00 4.185432064412041520e+00 -3.841908492730815361e+00 -4.164042764159386678e+00
1.030000000000000027e+00 4.094652524739752053e+00 -3.790605946688820005e+00 -4.140116132403105276e+00
1.040000000000000036e+00 3.723906424124720616e+00 -3.727707647303850180e+00 -4.112110504446707004e+00
1.050000000000000044e+00 3.248284147127893817e+00 -3.658342352872105963e+00 -4.095153052872105626e+00
1.060000000000000053e+00 4.975920362295215504e+00 -3.564452980561926054e+00 -3.988612651990497415e+00
1.070000000000000062e+00 4.196047450800938883e+00 -3.467979834913345716e+00 -3.965492906341916868e+00
1.080000000000000071e+00 4.382135792233846416e+00 -3.325266893480439467e+00 -3.887557436337582217e+00
1.090000000000000080e+00 4.106358050383452252e+00 -3.110754621045117574e+00 -3.762680121045117954e+00
1.100000000000000089e+00 3.244506316169101900e+00 -2.817922540973754053e+00 -3.616726769545182574e+00
1.110000000000000098e+00 5.502005250568952732e+00 -2.491841892288189531e+00 -3.304653806573903729e+00
1.120000000000000107e+00 3.626068941834719617e+00 -2.186943343879565571e+00 -3.325744172450994185e+00
1.129999999999999893e+00 1.520796476992059887e+00 -1.662824665865082263e+00 -3.298400951579368190e+00
