# HDF: fcm_201412_217  
# /messung/kmc/daten/2014/4Q/pilatus_201412_0758.tif
# /messung/kmc/daten/2014/4Q/pilatus_201412_0766.tif
# /messung/kmc/daten/2014/4Q/pilatus_201412_0774.tif
# /messung/kmc/daten/2014/4Q/pilatus_201412_0782.tif
# /messung/kmc/daten/2014/4Q/pilatus_201412_0790.tif
# /messung/kmc/daten/2014/4Q/pilatus_201412_0798.tif
# /messung/kmc/daten/2014/4Q/pilatus_201412_0806.tif
# /messung/kmc/daten/2014/4Q/pilatus_201412_0814.tif
# /messung/kmc/daten/2014/4Q/pilatus_201412_0822.tif
# /messung/kmc/daten/2014/4Q/pilatus_201412_0830.tif
# Energy (eV)=8000	Distance (mm)=4540.3	Normalization (s A)=5.0323422e-12	Center=(503.899,553.796)	Binsize (nm-1)=0.0015
# Normalized by solid angle (1/distance^2), time (PilatusAcqTime_GRAL) and intensity (K4norm_mean)
# q(nm-1)	I_norm	err_pois	err_stdv
0	0	1.1850194e+11	0
0.0015	0	5.5129079e+10	1.6498668e+09
0.003	1.1673088e+10	3.891282e+10	1.2667795e+10
0.0045	1.251343e+10	3.118142e+10	1.0576547e+10
0.006	1.461569e+10	2.7291931e+10	9.8070859e+09
0.0075	2.4820576e+09	2.3961702e+10	3.6248752e+09
0.009	2.0371984e+09	2.1790994e+10	3.059603e+09
0.0105	7.6091268e+09	2.0244879e+10	5.4392883e+09
0.012	1.004294e+10	1.8825219e+10	5.7601486e+09
0.0135	1.1627136e+10	1.779551e+10	5.8476181e+09
0.015	6.3011828e+09	1.6745261e+10	4.1087184e+09
0.0165	2.1726387e+09	1.6429502e+10	2.4260826e+09
0.018	7.1887321e+09	1.6671625e+10	4.3575123e+09
0.0195	1.18296e+10	1.6353445e+10	5.4094662e+09
0.021	1.5171883e+10	1.6410337e+10	1.5388628e+10
0.0225	3.8569047e+11	2.7822612e+10	2.7835952e+11
0.024	4.9458394e+12	1.001713e+11	1.0487999e+12
0.0255	1.7822174e+13	2.2244542e+11	1.6192311e+12
0.027	3.0193031e+13	3.1454738e+11	8.8782131e+11
0.0285	2.9625987e+13	2.9329655e+11	5.5156259e+11
0.03	2.6848018e+13	2.613716e+11	5.8820786e+11
0.0315	2.4886545e+13	2.3686081e+11	5.6571304e+11
0.033	2.2349268e+13	2.1248158e+11	4.3571358e+11
0.0345	2.0880812e+13	1.955685e+11	4.2534071e+11
0.036	2.042348e+13	1.7788042e+11	3.9477452e+11
0.0375	1.924385e+13	1.6018691e+11	3.4487932e+11
0.039	1.7851289e+13	1.4795407e+11	2.9925862e+11
0.0405	1.6900905e+13	1.3790147e+11	2.8045092e+11
0.042	1.6159854e+13	1.2927477e+11	2.6582923e+11
0.0435	1.5031077e+13	1.1982206e+11	2.2228256e+11
0.045	1.4321933e+13	1.1520633e+11	2.034957e+11
0.0465	1.3425414e+13	1.0914613e+11	1.9549505e+11
0.048	1.2776378e+13	1.0241026e+11	1.8851951e+11
0.0495	1.2380883e+13	9.9021385e+10	1.6785595e+11
0.051	1.1606332e+13	9.380994e+10	1.4795309e+11
0.0525	1.0858753e+13	8.9023024e+10	1.4083227e+11
0.054	1.0088006e+13	8.4559666e+10	1.2412437e+11
0.0555	9.4598029e+12	8.0185193e+10	1.0961121e+11
0.057	8.8592396e+12	7.6505733e+10	1.0479141e+11
0.0585	8.4208598e+12	7.3623206e+10	9.8459715e+10
0.06	7.8708636e+12	6.9603287e+10	9.3818171e+10
0.0615	7.4061814e+12	6.6350572e+10	8.5693451e+10
0.063	7.0490979e+12	6.3842686e+10	8.490799e+10
0.0645	6.7923563e+12	6.2068781e+10	8.4337431e+10
0.066	6.3497792e+12	5.8930636e+10	7.9301904e+10
0.0675	6.0052317e+12	5.6411036e+10	7.1452783e+10
0.069	5.6351603e+12	5.3944724e+10	6.9820695e+10
0.0705	5.2588007e+12	5.1563839e+10	6.5585251e+10
0.072	4.8852761e+12	4.895096e+10	6.3574507e+10
0.0735	4.6376071e+12	4.7300377e+10	6.0607962e+10
0.075	4.2741777e+12	4.4546622e+10	5.6022418e+10
0.0765	3.9775184e+12	4.2540553e+10	5.6203559e+10
0.078	3.5703146e+12	3.9792882e+10	5.1030069e+10
0.0795	3.3186421e+12	3.7821109e+10	4.9373802e+10
0.081	3.1550158e+12	3.6617424e+10	4.6358331e+10
0.0825	2.8769467e+12	3.4524528e+10	4.4550575e+10
0.084	2.5775459e+12	3.2353969e+10	3.8547731e+10
0.0855	2.3178318e+12	3.0395239e+10	3.8037087e+10
0.087	2.1130257e+12	2.8672314e+10	3.7307803e+10
0.0885	1.9037803e+12	2.7065236e+10	3.5031613e+10
0.09	1.6636267e+12	2.5031342e+10	2.997444e+10
0.0915	1.4846807e+12	2.3419679e+10	2.9435891e+10
0.093	1.3869041e+12	2.2422231e+10	2.9475344e+10
0.0945	1.241058e+12	2.0944044e+10	2.6271567e+10
0.096	1.0874768e+12	1.9559966e+10	2.4340585e+10
0.0975	9.7292006e+11	1.8338357e+10	2.2567712e+10
0.099	8.9651788e+11	1.7451258e+10	2.0968608e+10
0.1005	8.6201605e+11	1.7367362e+10	2.1310891e+10
0.102	7.9745402e+11	1.6775859e+10	2.0248781e+10
0.1035	7.4743828e+11	1.6204605e+10	1.9776618e+10
0.105	6.9328777e+11	1.5586769e+10	1.8948267e+10
0.1065	6.7175206e+11	1.5314767e+10	1.8767329e+10
0.108	6.7212435e+11	1.5412595e+10	1.8338826e+10
0.1095	6.2794956e+11	1.4744919e+10	1.7485101e+10
0.111	6.5481014e+11	1.5112804e+10	1.7756584e+10
0.1125	6.53895e+11	1.5064787e+10	1.755527e+10
0.114	6.4870814e+11	1.5049869e+10	1.7586136e+10
0.1155	6.4261794e+11	1.4916244e+10	1.7233814e+10
0.117	6.5708885e+11	1.5051905e+10	1.8300449e+10
0.1185	6.3376744e+11	1.4613841e+10	1.8911801e+10
0.12	6.4824337e+11	1.4866785e+10	1.7881876e+10
0.1215	6.7157018e+11	1.511108e+10	1.7377135e+10
0.123	7.0422282e+11	1.5322682e+10	1.759299e+10
0.1245	7.3723298e+11	1.5731881e+10	1.8811588e+10
0.126	7.2790927e+11	1.5255587e+10	1.9209145e+10
0.1275	7.4683943e+11	1.5061937e+10	1.8295651e+10
0.129	7.7412953e+11	1.5170374e+10	1.9040173e+10
0.1305	7.6123643e+11	1.4901349e+10	1.8469713e+10
0.132	7.5993848e+11	1.4709974e+10	1.7511363e+10
0.1335	7.5571229e+11	1.447331e+10	1.75993e+10
0.135	7.6305988e+11	1.4423941e+10	1.8223275e+10
0.1365	8.0015633e+11	1.4654221e+10	1.7298397e+10
0.138	8.0340138e+11	1.4497517e+10	1.7725978e+10
0.1395	7.9459163e+11	1.425993e+10	1.7999368e+10
0.141	7.8584294e+11	1.4174753e+10	1.7446529e+10
0.1425	7.736515e+11	1.3986184e+10	1.6912581e+10
0.144	7.8818414e+11	1.3912147e+10	1.7462631e+10
0.1455	8.2158658e+11	1.4062469e+10	1.7569711e+10
0.147	8.0092393e+11	1.3786076e+10	1.7141042e+10
0.1485	7.739955e+11	1.3530661e+10	1.6555321e+10
0.15	7.4252928e+11	1.3054484e+10	1.5797401e+10
0.1515	7.5019108e+11	1.3130988e+10	1.5685678e+10
0.153	7.3114472e+11	1.286216e+10	1.5513313e+10
0.1545	7.2379025e+11	1.2745312e+10	1.5612532e+10
0.156	7.3972407e+11	1.2835793e+10	1.5684243e+10
0.1575	7.2892201e+11	1.2597853e+10	1.601598e+10
0.159	7.3486468e+11	1.2641929e+10	1.5224444e+10
0.1605	7.0135134e+11	1.2290108e+10	1.4810595e+10
0.162	6.7114942e+11	1.1947784e+10	1.47729e+10
0.1635	6.6415119e+11	1.1808404e+10	1.4363722e+10
0.165	6.6345299e+11	1.1859356e+10	1.3978546e+10
0.1665	6.481399e+11	1.1678635e+10	1.3972051e+10
0.168	6.2557089e+11	1.1288452e+10	1.3596557e+10
0.1695	6.2677858e+11	1.132335e+10	1.2838529e+10
0.171	5.9905066e+11	1.0968314e+10	1.2449811e+10
0.1725	5.9595319e+11	1.0899597e+10	1.2665736e+10
0.174	5.9549064e+11	1.0884357e+10	1.2788247e+10
0.1755	5.6002185e+11	1.0460632e+10	1.2268515e+10
0.177	5.6681139e+11	1.0536452e+10	1.2478837e+10
0.1785	5.8521636e+11	1.0665485e+10	1.2650202e+10
0.18	5.7490811e+11	1.0506716e+10	1.2447409e+10
0.1815	5.6497234e+11	1.0338819e+10	1.1800813e+10
0.183	5.5613208e+11	1.0209579e+10	1.1634823e+10
0.1845	5.5180431e+11	1.0148615e+10	1.185453e+10
0.186	5.4626685e+11	1.0033111e+10	1.163992e+10
0.1875	5.4622355e+11	9.9527902e+09	1.1854599e+10
0.189	5.66962e+11	1.0159206e+10	1.1859859e+10
0.1905	5.5416384e+11	9.9789773e+09	1.1645166e+10
0.192	5.560766e+11	9.9408956e+09	1.1516489e+10
0.1935	5.600029e+11	9.9215175e+09	1.1057267e+10
0.195	5.46294e+11	9.7678235e+09	1.1699617e+10
0.1965	5.4213433e+11	9.6539671e+09	1.1597857e+10
0.198	5.5534282e+11	9.751545e+09	1.1613318e+10
0.1995	5.5459222e+11	9.7033719e+09	1.1436681e+10
0.201	5.4336898e+11	9.6158654e+09	1.0912759e+10
0.2025	5.619059e+11	9.8594926e+09	1.1742759e+10
0.204	5.6552415e+11	9.8925093e+09	1.1883797e+10
0.2055	5.7116303e+11	9.974546e+09	1.1881733e+10
0.207	5.6470485e+11	9.9316037e+09	1.1779389e+10
0.2085	5.7560925e+11	1.0050054e+10	1.1769109e+10
0.21	5.7497927e+11	1.0028147e+10	1.154297e+10
0.2115	5.6053001e+11	9.8926759e+09	1.1655733e+10
0.213	5.7033294e+11	9.9963085e+09	1.1870546e+10
0.2145	5.5302948e+11	9.8260472e+09	1.178901e+10
0.216	5.6290343e+11	9.9208935e+09	1.2113091e+10
0.2175	5.7887169e+11	1.0032765e+10	1.2288753e+10
0.219	5.7567363e+11	9.9815564e+09	1.2345379e+10
0.2205	5.8132839e+11	1.006525e+10	1.2074178e+10
0.222	5.6990185e+11	9.9540502e+09	1.1687294e+10
0.2235	5.7516272e+11	9.987865e+09	1.1608606e+10
0.225	5.7879234e+11	1.0002248e+10	1.1688998e+10
0.2265	5.7021615e+11	9.8884578e+09	1.1337519e+10
0.228	5.7098646e+11	9.7163414e+09	1.1466859e+10
0.2295	5.7002707e+11	9.596283e+09	1.1171881e+10
0.231	5.622356e+11	9.5465273e+09	1.1529357e+10
0.2325	5.5827841e+11	9.4097891e+09	1.1075401e+10
0.234	5.6058132e+11	9.3385818e+09	1.1104501e+10
0.2355	5.6555906e+11	9.3723167e+09	1.0987863e+10
0.237	5.4984535e+11	9.1555368e+09	1.0949133e+10
0.2385	5.6498632e+11	9.2745307e+09	1.0876239e+10
0.24	5.5282235e+11	9.0858219e+09	1.0750437e+10
0.2415	5.5964382e+11	9.1682117e+09	1.1104932e+10
0.243	5.5803409e+11	9.0759475e+09	1.078871e+10
0.2445	5.4414914e+11	8.9099368e+09	1.0443428e+10
0.246	5.4382318e+11	8.9136456e+09	1.0527989e+10
0.2475	5.4685291e+11	8.8655606e+09	1.0730368e+10
0.249	5.5867112e+11	8.9663076e+09	1.030484e+10
0.2505	5.4843081e+11	8.8115046e+09	1.0341891e+10
0.252	5.4716271e+11	8.7738582e+09	1.0468695e+10
0.2535	5.2817499e+11	8.5845528e+09	1.001245e+10
0.255	5.2018491e+11	8.5173333e+09	1.0244241e+10
0.2565	5.3505882e+11	8.5786321e+09	1.0132217e+10
0.258	5.4372009e+11	8.6507936e+09	1.0530072e+10
0.2595	5.2480069e+11	8.4293079e+09	9.9534247e+09
0.261	5.2720187e+11	8.4362005e+09	9.8504953e+09
0.2625	5.2540556e+11	8.3888121e+09	9.4803153e+09
0.264	5.3649051e+11	8.4107937e+09	9.7355751e+09
0.2655	5.2765782e+11	8.3130115e+09	9.7344558e+09
0.267	5.1505855e+11	8.168294e+09	9.6672149e+09
0.2685	5.3928529e+11	8.3518986e+09	9.6350324e+09
0.27	5.3878793e+11	8.3236566e+09	9.7193284e+09
0.2715	5.1180847e+11	8.0700454e+09	9.5610166e+09
0.273	5.2598437e+11	8.1622045e+09	9.5757457e+09
0.2745	5.2802168e+11	8.1386077e+09	9.5603888e+09
0.276	5.0257166e+11	7.8846115e+09	9.1240554e+09
0.2775	5.0720772e+11	7.9205383e+09	9.0873787e+09
0.279	5.299451e+11	8.0890873e+09	9.0768824e+09
0.2805	5.2883728e+11	7.9787945e+09	9.3159696e+09
0.282	5.3580093e+11	8.0318993e+09	9.2595566e+09
0.2835	5.2723385e+11	7.9328031e+09	9.2523611e+09
0.285	5.1836473e+11	7.8900895e+09	9.2306142e+09
0.2865	5.10997e+11	7.8049318e+09	9.0441344e+09
0.288	5.1902351e+11	7.8616565e+09	8.9577494e+09
0.2895	5.0429321e+11	7.6915551e+09	8.9835189e+09
0.291	5.123084e+11	7.7639476e+09	8.8180538e+09
0.2925	5.2638807e+11	7.8253944e+09	8.9256616e+09
0.294	5.1948255e+11	7.7252707e+09	8.9488913e+09
0.2955	5.2727274e+11	7.8103225e+09	8.7689058e+09
0.297	5.241331e+11	7.755185e+09	8.8979807e+09
0.2985	5.0906282e+11	7.6025821e+09	8.6737619e+09
0.3	5.0246918e+11	7.5389515e+09	8.8128964e+09
0.3015	5.1538077e+11	7.6607443e+09	9.112522e+09
0.303	5.1449159e+11	7.5995707e+09	8.8996826e+09
0.3045	5.1414758e+11	7.5763144e+09	8.7182655e+09
0.306	5.1018088e+11	7.5511282e+09	8.6356632e+09
0.3075	5.0919979e+11	7.5359897e+09	8.698903e+09
0.309	5.022784e+11	7.455167e+09	8.6322106e+09
0.3105	4.8914779e+11	7.3395902e+09	8.4212226e+09
0.312	5.0263543e+11	7.4409413e+09	8.1874299e+09
0.3135	5.0234686e+11	7.3911204e+09	8.4351005e+09
0.315	5.0199551e+11	7.3692654e+09	8.5149052e+09
0.3165	4.9996501e+11	7.3668062e+09	8.5046569e+09
0.318	5.0372866e+11	7.3553779e+09	8.4975926e+09
0.3195	5.0799588e+11	7.3473068e+09	8.2105019e+09
0.321	5.1068862e+11	7.3603237e+09	8.2839182e+09
0.3225	4.9344491e+11	7.1656261e+09	8.0914636e+09
0.324	4.9777713e+11	7.2364543e+09	8.4149333e+09
0.3255	4.9989527e+11	7.2406561e+09	8.5590956e+09
0.327	5.053971e+11	7.2525967e+09	8.2229044e+09
0.3285	5.0905254e+11	7.2490115e+09	8.2011064e+09
0.33	5.0393958e+11	7.1688995e+09	8.1579857e+09
0.3315	4.9829359e+11	7.1233774e+09	8.0412985e+09
0.333	5.004151e+11	7.1097616e+09	8.2238416e+09
0.3345	5.0096657e+11	7.0891451e+09	8.1654972e+09
0.336	5.0314057e+11	7.0982127e+09	8.1032813e+09
0.3375	5.0328815e+11	7.0883989e+09	8.2242191e+09
0.339	4.9549629e+11	6.977702e+09	7.9458829e+09
0.3405	5.015566e+11	7.0172583e+09	7.9135213e+09
0.342	4.9682769e+11	6.9658599e+09	7.9282193e+09
0.3435	4.9388978e+11	6.9120956e+09	7.9573275e+09
0.345	5.0385814e+11	6.9973554e+09	7.8509359e+09
0.3465	4.9359978e+11	6.9036284e+09	7.76656e+09
0.348	4.9300302e+11	6.8724104e+09	7.8960391e+09
0.3495	5.0124301e+11	6.9263776e+09	7.9996057e+09
0.351	4.9360035e+11	6.8630742e+09	7.8892093e+09
0.3525	4.8080228e+11	6.7402457e+09	7.8373194e+09
0.354	4.963624e+11	6.8483428e+09	7.8536127e+09
0.3555	4.8753502e+11	6.7588938e+09	7.8764967e+09
0.357	4.839994e+11	6.7227738e+09	7.7884682e+09
0.3585	4.8475611e+11	6.7365006e+09	7.7371461e+09
0.36	4.8757685e+11	6.7307236e+09	7.6762434e+09
0.3615	4.936076e+11	6.765668e+09	7.7695825e+09
0.363	4.9337626e+11	6.7299544e+09	7.5451734e+09
0.3645	4.82006e+11	6.6253617e+09	7.7171455e+09
0.366	4.8343845e+11	6.6603639e+09	7.6142169e+09
0.3675	4.8078547e+11	6.6265713e+09	7.5786159e+09
0.369	4.8275394e+11	6.636106e+09	7.5747739e+09
0.3705	4.7194657e+11	6.5312712e+09	7.7166873e+09
0.372	4.8758879e+11	6.637551e+09	7.5216699e+09
0.3735	4.8868704e+11	6.6316503e+09	7.498002e+09
0.375	4.7469299e+11	6.5386658e+09	7.4568089e+09
0.3765	4.7365827e+11	6.502494e+09	7.2353269e+09
0.378	4.8722176e+11	6.5675763e+09	7.4204943e+09
0.3795	4.8866539e+11	6.5847431e+09	7.4241512e+09
0.381	4.6797996e+11	6.4260493e+09	7.4436914e+09
0.3825	4.7067108e+11	6.4236567e+09	7.3249691e+09
0.384	4.7551801e+11	6.4437536e+09	7.3775912e+09
0.3855	4.8005429e+11	6.4441607e+09	7.4913529e+09
0.387	4.8404336e+11	6.4660268e+09	7.3871436e+09
0.3885	4.7426261e+11	6.3987482e+09	7.3977369e+09
0.39	4.7648598e+11	6.4081192e+09	7.4053217e+09
0.3915	4.8052617e+11	6.432523e+09	7.3460772e+09
0.393	4.7787271e+11	6.3730771e+09	7.4578853e+09
0.3945	4.7879382e+11	6.3634299e+09	7.4307514e+09
0.396	4.7528985e+11	6.3370311e+09	7.3457359e+09
0.3975	4.728656e+11	6.3046984e+09	7.1988923e+09
0.399	4.7665213e+11	6.2875012e+09	7.1536633e+09
0.4005	4.827899e+11	6.3339709e+09	7.2315012e+09
0.402	4.7831062e+11	6.298757e+09	7.2947987e+09
0.4035	4.7076972e+11	6.2063828e+09	7.239884e+09
0.405	4.7111179e+11	6.2145232e+09	7.1933951e+09
0.4065	4.6631811e+11	6.18055e+09	7.0293543e+09
0.408	4.6401226e+11	6.1493032e+09	6.9597571e+09
0.4095	4.6683106e+11	6.1578444e+09	7.0386069e+09
0.411	4.6064715e+11	6.0838089e+09	7.0120394e+09
0.4125	4.6325597e+11	6.1151068e+09	7.1204445e+09
0.414	4.5841795e+11	6.0388424e+09	6.9396343e+09
0.4155	4.6374069e+11	6.0810648e+09	6.9463323e+09
0.417	4.6217326e+11	6.0638087e+09	6.9969764e+09
0.4185	4.6014476e+11	6.0129074e+09	6.78227e+09
0.42	4.6986302e+11	6.1052212e+09	6.8983747e+09
0.4215	4.6779609e+11	6.0643776e+09	6.996798e+09
0.423	4.6423119e+11	6.0468606e+09	6.9371278e+09
0.4245	4.5122665e+11	5.944492e+09	6.7189777e+09
0.426	4.5891138e+11	6.0568491e+09	7.0175403e+09
0.4275	4.6426819e+11	6.107361e+09	7.0495932e+09
0.429	4.6845103e+11	6.1485215e+09	7.07628e+09
0.4305	4.5891229e+11	6.112159e+09	6.9774096e+09
0.432	4.6106051e+11	6.1298659e+09	6.8209165e+09
0.4335	4.5989522e+11	6.1242132e+09	7.0381813e+09
0.435	4.5930879e+11	6.1389842e+09	7.0000648e+09
0.4365	4.6824575e+11	6.2135978e+09	7.1215327e+09
0.438	4.6359396e+11	6.1844467e+09	7.1047352e+09
0.4395	4.5461493e+11	6.129236e+09	7.1138035e+09
0.441	4.5637959e+11	6.120771e+09	6.8720396e+09
0.4425	4.5497675e+11	6.1439111e+09	6.9671228e+09
0.444	4.6371369e+11	6.2138088e+09	6.9356687e+09
0.4455	4.6097381e+11	6.1658293e+09	6.941616e+09
0.447	4.7408386e+11	6.2664797e+09	6.9434541e+09
0.4485	4.7558548e+11	6.2723923e+09	7.1685065e+09
0.45	4.6323001e+11	6.1800088e+09	6.9811753e+09
0.4515	4.5849736e+11	6.1312458e+09	7.0437081e+09
0.453	4.5483396e+11	6.0524448e+09	6.9101479e+09
0.4545	4.6171143e+11	6.0682773e+09	6.9619742e+09
0.456	4.6339536e+11	6.0561191e+09	6.9319785e+09
0.4575	4.4999972e+11	5.9133374e+09	6.8312648e+09
0.459	4.5306456e+11	5.9241257e+09	6.8408046e+09
0.4605	4.582193e+11	5.9295845e+09	6.8344087e+09
0.462	4.4948464e+11	5.856511e+09	6.7257837e+09
0.4635	4.3948519e+11	5.7732562e+09	6.4307359e+09
0.465	4.415841e+11	5.7809613e+09	6.44992e+09
0.4665	4.4533562e+11	5.7894189e+09	6.6219232e+09
0.468	4.4906085e+11	5.790939e+09	6.6712074e+09
0.4695	4.3782699e+11	5.6996978e+09	6.5353175e+09
0.471	4.3778449e+11	5.7070165e+09	6.5097745e+09
0.4725	4.4328376e+11	5.7179133e+09	6.5822536e+09
0.474	4.468082e+11	5.7013878e+09	6.5060006e+09
0.4755	4.5667613e+11	5.7751957e+09	6.601873e+09
0.477	4.4734465e+11	5.702734e+09	6.4972233e+09
0.4785	4.3921571e+11	5.6448516e+09	6.5971027e+09
0.48	4.4031993e+11	5.6335521e+09	6.5588603e+09
0.4815	4.3755637e+11	5.5916451e+09	6.5393113e+09
0.483	4.4032273e+11	5.6002444e+09	6.3716698e+09
0.4845	4.4642975e+11	5.6309745e+09	6.3073382e+09
0.486	4.4043478e+11	5.5993913e+09	6.3360717e+09
0.4875	4.3542169e+11	5.5599656e+09	6.3809232e+09
0.489	4.4008087e+11	5.5900739e+09	6.4895637e+09
0.4905	4.3898214e+11	5.5633028e+09	6.3722021e+09
0.492	4.2525633e+11	5.451887e+09	6.3587233e+09
0.4935	4.3894192e+11	5.5473077e+09	6.3211161e+09
0.495	4.3405292e+11	5.5001918e+09	6.2518572e+09
0.4965	4.2948679e+11	5.4800058e+09	6.4291732e+09
0.498	4.3123264e+11	5.465069e+09	6.173751e+09
0.4995	4.3273687e+11	5.4537343e+09	6.2178655e+09
0.501	4.4980022e+11	5.5765691e+09	6.4312164e+09
0.5025	4.3928843e+11	5.4738293e+09	6.2685947e+09
0.504	4.4304863e+11	5.5025792e+09	6.1942509e+09
0.5055	4.3166648e+11	5.4228292e+09	6.1497559e+09
0.507	4.3239798e+11	5.4437647e+09	6.3754704e+09
0.5085	4.3225883e+11	5.4085712e+09	6.2016758e+09
0.51	4.3221113e+11	5.4038287e+09	6.0666143e+09
0.5115	4.2328643e+11	5.3346764e+09	6.0027772e+09
0.513	4.2662914e+11	5.3481286e+09	6.0032713e+09
0.5145	4.3040359e+11	5.3618513e+09	6.0359016e+09
0.516	4.2629228e+11	5.3256025e+09	6.0914008e+09
0.5175	4.221093e+11	5.2996738e+09	5.9943981e+09
0.519	4.2669982e+11	5.2974982e+09	6.0177584e+09
0.5205	4.3234558e+11	5.3368665e+09	6.060791e+09
0.522	4.2807116e+11	5.3167193e+09	6.0045486e+09
0.5235	4.2313857e+11	5.2638078e+09	6.052276e+09
0.525	4.2440601e+11	5.2868246e+09	6.0767978e+09
0.5265	4.1590989e+11	5.2326139e+09	6.0477981e+09
0.528	4.2287473e+11	5.3064584e+09	6.0601225e+09
0.5295	4.158275e+11	5.2605325e+09	6.0657982e+09
0.531	4.3437229e+11	5.3951927e+09	6.2421552e+09
0.5325	4.3468138e+11	5.4044431e+09	6.1902915e+09
0.534	4.234226e+11	5.3481682e+09	6.1453779e+09
0.5355	4.1633586e+11	5.2939245e+09	5.9557315e+09
0.537	4.2621335e+11	5.3854156e+09	6.1275629e+09
0.53849997	4.1437387e+11	5.2862739e+09	6.0698419e+09
0.54	4.2147975e+11	5.3630602e+09	6.0973744e+09
0.54150003	4.1408966e+11	5.307353e+09	6.0673831e+09
0.543	4.1607761e+11	5.3169895e+09	6.0112784e+09
0.54449997	4.1417811e+11	5.3024273e+09	6.0510998e+09
0.546	4.1669119e+11	5.3434175e+09	6.0836727e+09
0.54750003	4.2022529e+11	5.3735446e+09	6.1603902e+09
0.549	4.1617468e+11	5.3447666e+09	6.0500175e+09
0.55049997	4.0941049e+11	5.2959333e+09	6.0569442e+09
0.552	4.1286121e+11	5.3150541e+09	6.0970731e+09
0.55350003	4.12958e+11	5.267877e+09	6.0543314e+09
0.555	4.1403598e+11	5.2416778e+09	6.0986436e+09
0.55649997	4.1727459e+11	5.2352822e+09	6.1094626e+09
0.558	4.1846044e+11	5.2172407e+09	6.0642443e+09
0.55950003	4.1516176e+11	5.1915241e+09	5.9436078e+09
0.561	4.1294592e+11	5.1616424e+09	5.9131094e+09
0.56249997	4.1392412e+11	5.1643096e+09	5.8688994e+09
0.564	4.0463604e+11	5.0925853e+09	5.9048954e+09
0.56550003	4.054099e+11	5.093039e+09	5.9107794e+09
0.567	4.1035017e+11	5.1222623e+09	5.8975512e+09
0.56849997	4.0693109e+11	5.0781023e+09	5.7646716e+09
0.57	4.1641233e+11	5.1246748e+09	5.833848e+09
0.57150003	4.1313102e+11	5.0760165e+09	5.7888818e+09
0.573	4.1349104e+11	5.0905503e+09	5.9062586e+09
0.57449997	4.0927215e+11	5.0503244e+09	5.8161522e+09
0.576	4.0720081e+11	5.0184598e+09	5.8518725e+09
0.57750003	4.0685856e+11	5.0131525e+09	5.8364401e+09
0.579	4.0554128e+11	5.0055791e+09	5.7068148e+09
0.58049997	4.0869609e+11	5.0036452e+09	5.7080543e+09
0.582	4.1504772e+11	5.02752e+09	5.7288785e+09
0.58350003	4.1101885e+11	4.9902256e+09	5.6603218e+09
0.585	4.0194682e+11	4.9370102e+09	5.5854028e+09
0.58649997	4.0616188e+11	4.9496706e+09	5.5658459e+09
0.588	4.070015e+11	4.9387076e+09	5.5689388e+09
0.58950003	4.0497299e+11	4.9295679e+09	5.6833952e+09
0.591	4.0916488e+11	4.9354552e+09	5.7156614e+09
0.59249997	4.1388712e+11	4.9556328e+09	5.5493864e+09
0.594	4.0995694e+11	4.9181348e+09	5.5005038e+09
0.59550003	4.0247848e+11	4.8618547e+09	5.4364698e+09
0.597	4.0222104e+11	4.8574545e+09	5.5098327e+09
0.59849997	4.0137867e+11	4.8541836e+09	5.614126e+09
0.6	3.981835e+11	4.8142727e+09	5.6094663e+09
0.60150003	4.0651038e+11	4.8649038e+09	5.6992844e+09
0.603	4.0322392e+11	4.8324138e+09	5.4507888e+09
0.60449997	3.9656545e+11	4.7909161e+09	5.4561232e+09
0.606	4.02611e+11	4.8085749e+09	5.4219142e+09
0.60750003	4.1019695e+11	4.8502021e+09	5.4367655e+09
0.609	4.0353452e+11	4.7940956e+09	5.3776239e+09
0.61049997	3.9831682e+11	4.7695878e+09	5.4113531e+09
0.612	3.9340039e+11	4.728048e+09	5.3432406e+09
0.61350003	3.972712e+11	4.7577494e+09	5.4758854e+09
0.615	3.9078675e+11	4.7145536e+09	5.4477437e+09
0.61649997	3.9869385e+11	4.7552222e+09	5.4264228e+09
0.618	3.9865106e+11	4.7366144e+09	5.425804e+09
0.61950003	3.8668916e+11	4.6663787e+09	5.3041551e+09
0.621	3.8591407e+11	4.6788015e+09	5.3387531e+09
0.62249997	3.9045719e+11	4.6790047e+09	5.3374095e+09
0.624	3.9384478e+11	4.697252e+09	5.3348e+09
0.62550003	3.946046e+11	4.7018558e+09	5.2923911e+09
0.627	3.9283105e+11	4.676359e+09	5.2598322e+09
0.62849997	3.905158e+11	4.6546517e+09	5.2389658e+09
0.63	3.9117932e+11	4.6717967e+09	5.4292247e+09
0.63150003	3.9131789e+11	4.6533474e+09	5.340764e+09
0.633	3.8716705e+11	4.6256246e+09	5.3057837e+09
0.63449997	3.8776939e+11	4.6223256e+09	5.2480204e+09
0.636	3.879646e+11	4.616717e+09	5.2343817e+09
0.63750003	3.8581903e+11	4.6026559e+09	5.3331081e+09
0.639	3.8836402e+11	4.605406e+09	5.2771045e+09
0.64049997	3.8855151e+11	4.5996882e+09	5.2177538e+09
0.642	3.8591108e+11	4.5805714e+09	5.2136149e+09
0.64350003	3.9000514e+11	4.5961708e+09	5.2712108e+09
0.645	3.9064684e+11	4.5935943e+09	5.2440052e+09
0.64649997	3.8732541e+11	4.5741718e+09	5.1747208e+09
0.648	3.8246934e+11	4.5267853e+09	5.045748e+09
0.64950003	3.834668e+11	4.5263552e+09	5.0498247e+09
0.651	3.874576e+11	4.5530116e+09	5.1333071e+09
0.65249997	3.8255914e+11	4.5103402e+09	5.1288777e+09
0.654	3.8391667e+11	4.5290583e+09	5.1889539e+09
0.65550003	3.8506005e+11	4.5169775e+09	5.1465331e+09
0.657	3.8315344e+11	4.4836531e+09	5.0546775e+09
0.65849997	3.7877851e+11	4.4577566e+09	5.0673495e+09
0.66	3.8387597e+11	4.5072233e+09	5.184975e+09
0.66150003	3.7236358e+11	4.4204667e+09	5.089455e+09
0.663	3.7365748e+11	4.413876e+09	4.8909173e+09
0.66449997	3.760252e+11	4.4155872e+09	4.9735562e+09
0.666	3.7712694e+11	4.4403037e+09	5.0354531e+09
0.66750003	3.718596e+11	4.3930412e+09	4.9554607e+09
0.669	3.776008e+11	4.4277383e+09	5.0000478e+09
0.67049997	3.7848069e+11	4.4269363e+09	5.0115061e+09
0.672	3.7402219e+11	4.3816695e+09	4.9631917e+09
0.67350003	3.7254267e+11	4.3682762e+09	4.9925656e+09
0.675	3.7316895e+11	4.3697612e+09	4.9649824e+09
0.67649997	3.6844851e+11	4.3349674e+09	4.9431237e+09
0.678	3.710391e+11	4.3556583e+09	4.9877668e+09
0.67950003	3.7504002e+11	4.3896581e+09	5.0590311e+09
0.681	3.8121015e+11	4.3853801e+09	4.9091727e+09
0.68249997	3.8428017e+11	4.4014343e+09	4.9110623e+09
0.684	3.7661097e+11	4.3661586e+09	4.8871197e+09
0.68550003	3.6821177e+11	4.3091638e+09	4.9106e+09
0.687	3.6490043e+11	4.298247e+09	4.8533231e+09
0.68849997	3.6561464e+11	4.2938754e+09	4.8591397e+09
0.69	3.747572e+11	4.3294239e+09	4.8965611e+09
0.69150003	3.7807261e+11	4.3544413e+09	4.9458845e+09
0.693	3.7429053e+11	4.320896e+09	4.8917786e+09
0.69449997	3.7025681e+11	4.2990221e+09	4.7783611e+09
0.696	3.6902893e+11	4.3078428e+09	4.9109186e+09
0.69750003	3.6255575e+11	4.2590734e+09	4.7668603e+09
0.699	3.631203e+11	4.251516e+09	4.8023166e+09
0.70049997	3.6857539e+11	4.272855e+09	4.8538949e+09
0.702	3.6267505e+11	4.2378469e+09	4.8076799e+09
0.70350003	3.618616e+11	4.2369275e+09	4.818433e+09
0.705	3.5755215e+11	4.2089342e+09	4.7313129e+09
0.70649997	3.4938592e+11	4.1551048e+09	4.6047338e+09
0.708	3.6455517e+11	4.2334738e+09	4.8139718e+09
0.70950003	3.7089879e+11	4.2525361e+09	4.780656e+09
0.711	3.6977467e+11	4.2466802e+09	4.7976093e+09
0.71249997	3.6500205e+11	4.2221469e+09	4.7517936e+09
0.714	3.5552743e+11	4.1626888e+09	4.6287956e+09
0.71550003	3.5909418e+11	4.1777963e+09	4.7150063e+09
0.717	3.6452731e+11	4.1926838e+09	4.7441266e+09
0.71849997	3.6217238e+11	4.1754567e+09	4.6812167e+09
0.72	3.5737948e+11	4.1491319e+09	4.7143593e+09
0.72150003	3.6389992e+11	4.167505e+09	4.7203344e+09
0.723	3.6315237e+11	4.1629905e+09	4.6678892e+09
0.72449997	3.6128512e+11	4.1603751e+09	4.6944516e+09
0.726	3.6362672e+11	4.1649082e+09	4.7122688e+09
0.72750003	3.5912052e+11	4.1331277e+09	4.6504799e+09
0.729	3.5444846e+11	4.1063728e+09	4.6117757e+09
0.73049997	3.5353162e+11	4.0992018e+09	4.6609559e+09
0.732	3.5370812e+11	4.1086421e+09	4.7182131e+09
0.73350003	3.5323276e+11	4.1186646e+09	4.5921763e+09
0.735	3.5155795e+11	4.1299153e+09	4.608849e+09
0.73649997	3.5130441e+11	4.1420757e+09	4.6311896e+09
0.738	3.5158242e+11	4.1419328e+09	4.6503559e+09
0.73950003	3.5141589e+11	4.1604928e+09	4.7273684e+09
0.741	3.5160964e+11	4.1524665e+09	4.681384e+09
0.74249997	3.5843924e+11	4.1823175e+09	4.6933186e+09
0.744	3.5572679e+11	4.1738802e+09	4.6680358e+09
0.74550003	3.5086473e+11	4.1620959e+09	4.6882033e+09
0.747	3.5243552e+11	4.1800226e+09	4.6733469e+09
0.74849997	3.534325e+11	4.1726855e+09	4.6514426e+09
0.75	3.4976411e+11	4.1687117e+09	4.6648889e+09
0.75150003	3.492625e+11	4.1915383e+09	4.6571994e+09
0.753	3.5183508e+11	4.2299357e+09	4.6884957e+09
0.75449997	3.5321976e+11	4.264289e+09	4.7680244e+09
0.756	3.5432969e+11	4.2884055e+09	4.8465407e+09
0.75750003	3.4961624e+11	4.272241e+09	4.7801004e+09
0.759	3.4866905e+11	4.2760815e+09	4.7535462e+09
0.76049997	3.5122752e+11	4.3024229e+09	4.9025573e+09
0.762	3.514803e+11	4.3187717e+09	4.8422042e+09
0.76350003	3.4668982e+11	4.2978517e+09	4.8310302e+09
0.765	3.4505872e+11	4.301049e+09	4.9174016e+09
0.76649997	3.4479172e+11	4.3196105e+09	4.8954648e+09
0.768	3.3991383e+11	4.2916897e+09	4.8382212e+09
0.76950003	3.4278165e+11	4.3197278e+09	4.9121723e+09
0.771	3.3923136e+11	4.2930614e+09	4.7587666e+09
0.77249997	3.442611e+11	4.3428324e+09	4.8137512e+09
0.774	3.414503e+11	4.3347901e+09	4.8981679e+09
0.77550003	3.3894098e+11	4.3659499e+09	4.9746847e+09
0.777	3.4013634e+11	4.4182966e+09	4.9994534e+09
0.77849997	3.4327167e+11	4.4427691e+09	4.9527657e+09
0.78	3.4461616e+11	4.4966641e+09	5.0459623e+09
0.78150003	3.3909863e+11	4.4774126e+09	5.0175634e+09
0.783	3.40151e+11	4.493599e+09	4.985536e+09
0.78449997	3.3871417e+11	4.5012305e+09	5.0414496e+09
0.786	3.4027195e+11	4.5315989e+09	5.05203e+09
0.78750003	3.3629729e+11	4.5242984e+09	5.0849675e+09
0.789	3.3953844e+11	4.5715524e+09	5.1036256e+09
0.79049997	3.3176286e+11	4.5231624e+09	5.0692553e+09
0.792	3.3509857e+11	4.5702273e+09	5.1388806e+09
0.79350003	3.3592372e+11	4.5844086e+09	5.2417174e+09
0.795	3.3877348e+11	4.6128776e+09	5.2739399e+09
0.79649997	3.3636463e+11	4.6194771e+09	5.1735774e+09
0.798	3.3175265e+11	4.6016873e+09	5.0307032e+09
0.79950003	3.3525818e+11	4.6406088e+09	5.2319481e+09
0.801	3.2692372e+11	4.6076635e+09	5.3120726e+09
0.80249997	3.2429338e+11	4.5906062e+09	5.1350468e+09
0.804	3.3704637e+11	4.6730119e+09	5.1918395e+09
0.80550003	3.4106235e+11	4.700165e+09	5.2474882e+09
0.807	3.4140628e+11	4.7155707e+09	5.2609033e+09
0.80849997	3.4453186e+11	4.7735642e+09	5.4624721e+09
0.81	3.3142089e+11	4.6770819e+09	5.3455432e+09
0.81150003	3.2922159e+11	4.6749895e+09	5.2590704e+09
0.813	3.2468777e+11	4.6842292e+09	5.2543745e+09
0.81449997	3.2503773e+11	4.695763e+09	5.1825817e+09
0.816	3.228181e+11	4.6934507e+09	5.132615e+09
0.81750003	3.224071e+11	4.6974663e+09	5.1454575e+09
0.819	3.2252164e+11	4.7030287e+09	5.2728591e+09
0.82049997	3.2609447e+11	4.739702e+09	5.1867065e+09
0.822	3.2611018e+11	4.7541643e+09	5.1666896e+09
0.82350003	3.1978131e+11	4.7440419e+09	5.2035857e+09
0.825	3.2109546e+11	4.7604696e+09	5.1986826e+09
0.82649997	3.230859e+11	4.7769461e+09	5.2564861e+09
0.828	3.2378891e+11	4.8015149e+09	5.3332558e+09
0.82950003	3.1927907e+11	4.7819514e+09	5.2878532e+09
0.831	3.2551626e+11	4.857557e+09	5.3971655e+09
0.83249997	3.2279943e+11	4.8219068e+09	5.3114349e+09
0.834	3.2546914e+11	4.842316e+09	5.3633948e+09
0.83550003	3.2225282e+11	4.8430407e+09	5.3758065e+09
0.837	3.2100353e+11	4.8420565e+09	5.3412752e+09
0.83849997	3.2636521e+11	4.896446e+09	5.4147688e+09
0.84	3.1340346e+11	4.8195557e+09	5.3366814e+09
0.84150003	3.2291082e+11	4.8946712e+09	5.3652492e+09
0.843	3.2323384e+11	4.9094873e+09	5.4379459e+09
0.84449997	3.1181087e+11	4.8475305e+09	5.4737327e+09
0.846	3.2438979e+11	4.9673124e+09	5.5482901e+09
0.84750003	3.2028415e+11	4.9128422e+09	5.4556516e+09
0.849	3.2678445e+11	4.9872789e+09	5.527929e+09
0.85049997	3.2170533e+11	4.9719557e+09	5.5399876e+09
0.852	3.1601916e+11	4.9725887e+09	5.5603835e+09
0.85350003	3.1422154e+11	5.0239267e+09	5.6489257e+09
0.855	3.1788883e+11	5.0827534e+09	5.4937485e+09
0.85649997	3.2352182e+11	5.1684229e+09	5.6804267e+09
0.858	3.2131184e+11	5.182927e+09	5.7488961e+09
0.85950003	3.1139217e+11	5.1382832e+09	5.6940377e+09
0.861	3.1324076e+11	5.2029654e+09	5.8554483e+09
0.86249997	3.1606217e+11	5.2551688e+09	5.8937843e+09
0.864	3.1470107e+11	5.2904593e+09	5.8655193e+09
0.86550003	3.0823261e+11	5.2652628e+09	5.7851035e+09
0.867	3.1315852e+11	5.3367725e+09	5.9350995e+09
0.86849997	3.2157606e+11	5.410312e+09	6.1148636e+09
0.87	3.1656705e+11	5.4129336e+09	5.9555476e+09
0.87150003	3.0589528e+11	5.3792373e+09	6.0063449e+09
0.873	3.0713926e+11	5.416421e+09	6.0797704e+09
0.87449997	3.1046003e+11	5.4490025e+09	5.9612488e+09
0.876	3.1204416e+11	5.4769096e+09	6.0971301e+09
0.87750003	3.2089835e+11	5.5963025e+09	6.1816848e+09
0.879	3.1570069e+11	5.6024404e+09	6.2975141e+09
0.88049997	3.0636677e+11	5.5432711e+09	6.2154278e+09
0.882	3.0409719e+11	5.5679365e+09	6.218203e+09
0.88350003	3.0500577e+11	5.5923702e+09	6.2615147e+09
0.885	3.1524186e+11	5.6833593e+09	6.2663702e+09
0.88649997	3.0958712e+11	5.6576968e+09	6.1059104e+09
0.888	3.0039878e+11	5.6457866e+09	6.1117493e+09
0.88950003	3.0146702e+11	5.6624045e+09	6.1071489e+09
0.891	3.1296252e+11	5.7916619e+09	6.3810564e+09
0.89249997	3.0632638e+11	5.7667847e+09	6.5432473e+09
0.894	3.1230776e+11	5.8435618e+09	6.571513e+09
0.89550003	3.0552284e+11	5.7773188e+09	6.4337007e+09
0.897	3.1032521e+11	5.8720522e+09	6.5572747e+09
0.89849997	3.1050662e+11	5.9161008e+09	6.4849563e+09
0.9	3.0398993e+11	5.882386e+09	6.5258354e+09
0.90150003	3.0100286e+11	5.8954958e+09	6.564006e+09
0.903	2.942918e+11	5.8631168e+09	6.3505677e+09
0.90449997	3.0153377e+11	5.9403861e+09	6.4902203e+09
0.906	2.9025836e+11	5.8427775e+09	6.3239883e+09
0.90750003	2.9305471e+11	5.9347057e+09	6.4104311e+09
0.909	2.932704e+11	5.9542429e+09	6.5312409e+09
0.91049997	2.9762534e+11	6.0399461e+09	6.8174173e+09
0.912	2.9242405e+11	5.9815e+09	6.5983974e+09
0.91350003	3.0382927e+11	6.1436212e+09	6.6893447e+09
0.915	2.9801203e+11	6.087253e+09	6.5808804e+09
0.91649997	2.9271611e+11	6.079361e+09	6.7374378e+09
0.918	2.8214112e+11	6.0510583e+09	6.7707847e+09
0.91950003	2.8502012e+11	6.0875529e+09	6.6284153e+09
0.921	2.9590604e+11	6.1646212e+09	6.6334336e+09
0.92249997	2.9049679e+11	6.187748e+09	6.6786152e+09
0.924	2.8430271e+11	6.1566789e+09	6.7759296e+09
0.92550003	2.9592516e+11	6.3141464e+09	7.211998e+09
0.927	3.0222283e+11	6.4060716e+09	7.2264496e+09
0.92849997	2.932406e+11	6.3302806e+09	6.9074563e+09
0.93	2.8990995e+11	6.3683208e+09	7.0413415e+09
0.93150003	2.837574e+11	6.3324881e+09	6.9692237e+09
0.933	2.8105611e+11	6.3154012e+09	6.8547713e+09
0.93449997	2.8091642e+11	6.3518373e+09	6.9254671e+09
0.936	2.8844926e+11	6.4933761e+09	7.2161369e+09
0.93750003	2.9097987e+11	6.5142495e+09	7.1967389e+09
0.939	2.9856784e+11	6.6304489e+09	7.3337539e+09
0.94049997	3.0601689e+11	6.7531086e+09	7.3954235e+09
0.942	2.9329191e+11	6.6565545e+09	7.2130056e+09
0.94350003	2.8753045e+11	6.5936878e+09	7.1063653e+09
0.945	2.9821144e+11	6.7795518e+09	7.4917104e+09
0.94649997	2.9265388e+11	6.7177977e+09	7.326611e+09
0.948	2.8795562e+11	6.6873423e+09	7.211206e+09
0.94950003	2.8485378e+11	6.7441239e+09	7.6543351e+09
0.951	2.9205266e+11	6.8322849e+09	7.578792e+09
0.95249997	2.9934956e+11	6.925396e+09	7.6436693e+09
0.954	3.0723913e+11	7.036207e+09	7.6028597e+09
0.95550003	3.0418737e+11	7.0159732e+09	7.7358143e+09
0.957	3.0198042e+11	7.0713764e+09	8.0051134e+09
0.95849997	2.9829208e+11	7.0735225e+09	7.7549999e+09
0.96	2.8315192e+11	6.9487693e+09	7.5581518e+09
0.96150003	2.8225992e+11	7.0033715e+09	7.448415e+09
0.963	2.856586e+11	7.0874284e+09	7.7525059e+09
0.96449997	2.9515878e+11	7.2028565e+09	7.9310583e+09
0.966	2.8143172e+11	7.1170089e+09	7.9641483e+09
0.96750003	2.9029243e+11	7.258162e+09	7.9313647e+09
0.969	2.865388e+11	7.2484016e+09	7.9540288e+09
0.97049997	2.8055564e+11	7.249335e+09	7.6804333e+09
0.972	2.8244107e+11	7.3400047e+09	7.8408379e+09
0.97350003	2.6725914e+11	7.1623526e+09	7.7589152e+09
0.975	2.8373591e+11	7.4989466e+09	8.3034013e+09
0.97649997	2.8416065e+11	7.5462853e+09	8.4531201e+09
0.978	2.7699148e+11	7.4398227e+09	8.0416323e+09
0.97950003	2.8813875e+11	7.6276772e+09	8.2086105e+09
0.981	2.7975013e+11	7.6213087e+09	8.2569494e+09
0.98249997	2.8105846e+11	7.6416957e+09	8.0335153e+09
0.984	3.0337123e+11	7.9877755e+09	8.5783264e+09
0.98550003	2.8351663e+11	7.8301565e+09	8.7843005e+09
0.987	2.7751073e+11	7.790749e+09	8.6171365e+09
0.98849997	2.8301031e+11	7.8924895e+09	8.8983176e+09
0.99	2.8538407e+11	8.0182391e+09	8.7071858e+09
0.99150003	2.7442095e+11	7.938213e+09	8.8715849e+09
0.993	2.8367432e+11	8.1101376e+09	8.8969318e+09
0.99449997	2.8482692e+11	8.1476893e+09	8.7524037e+09
0.996	2.7539827e+11	8.1476464e+09	9.0741575e+09
0.99750003	2.7167279e+11	8.1911409e+09	8.7892062e+09
0.999	2.7053703e+11	8.1273304e+09	8.6473787e+09
1.0005	2.8202076e+11	8.4597085e+09	9.294504e+09
1.002	2.8453457e+11	8.5340664e+09	9.2575534e+09
1.0035	2.7801532e+11	8.4154922e+09	9.205964e+09
1.005	2.894547e+11	8.7809989e+09	1.0055804e+10
1.0065	2.8172934e+11	8.6651082e+09	9.6927046e+09
1.008	2.8379561e+11	8.8597969e+09	9.6999719e+09
1.0095	2.7073645e+11	8.7061584e+09	9.3311495e+09
1.011	2.7922171e+11	8.8178428e+09	9.6509497e+09
1.0125	2.8302769e+11	9.0215673e+09	9.6692921e+09
1.014	2.7007485e+11	8.9391242e+09	9.5625852e+09
1.0155	2.7482458e+11	9.0819385e+09	1.0130599e+10
1.017	2.8835475e+11	9.3727112e+09	1.0394754e+10
1.0185	2.7168949e+11	9.1739614e+09	1.022107e+10
1.02	2.7117644e+11	9.2239378e+09	1.0488899e+10
1.0215	2.9576895e+11	9.7236361e+09	1.0961475e+10
1.023	2.7024893e+11	9.4576261e+09	1.024152e+10
1.0245	2.5009849e+11	9.304542e+09	9.8295235e+09
1.026	2.5684541e+11	9.4581043e+09	1.0202648e+10
1.0275	2.6530412e+11	9.7621938e+09	1.0865766e+10
1.029	2.6266983e+11	9.7990148e+09	1.078267e+10
1.0305	2.7285023e+11	1.0034062e+10	1.1260739e+10
1.032	2.6398256e+11	9.9738961e+09	1.1396707e+10
1.0335	2.6763695e+11	1.0189819e+10	1.1171815e+10
1.035	2.6796002e+11	1.0206321e+10	1.0140093e+10
1.0365	2.6465695e+11	1.0468571e+10	1.144833e+10
1.038	2.6809218e+11	1.048518e+10	1.1102688e+10
1.0395	2.5769394e+11	1.0527167e+10	1.1738452e+10
1.041	2.672428e+11	1.08408e+10	1.2086553e+10
1.0425	2.8340477e+11	1.1233956e+10	1.2072661e+10
1.044	2.7152487e+11	1.1161849e+10	1.2130564e+10
1.0455	2.665343e+11	1.1211839e+10	1.1781254e+10
1.047	2.5457376e+11	1.1250142e+10	1.1813346e+10
1.0485	2.5347231e+11	1.1278122e+10	1.1654789e+10
1.05	2.5769844e+11	1.1484236e+10	1.2489957e+10
1.0515	2.6482642e+11	1.1822024e+10	1.2565138e+10
1.053	2.6337679e+11	1.1951064e+10	1.2484675e+10
1.0545	2.4796821e+11	1.1818472e+10	1.2756399e+10
1.056	2.5703108e+11	1.2223156e+10	1.3029902e+10
1.0575	2.6785297e+11	1.2398454e+10	1.3120029e+10
1.059	2.7308515e+11	1.278754e+10	1.379985e+10
1.0605	2.5265304e+11	1.2431889e+10	1.3676664e+10
1.062	2.505281e+11	1.260033e+10	1.3297699e+10
1.0635	2.4902489e+11	1.3013017e+10	1.4966953e+10
1.065	2.543184e+11	1.317634e+10	1.5094221e+10
1.0665	2.7872724e+11	1.3911279e+10	1.5373195e+10
1.068	2.7418812e+11	1.3894659e+10	1.5207416e+10
1.0695	2.8072589e+11	1.4263389e+10	1.622517e+10
1.071	2.6696967e+11	1.4217877e+10	1.6643575e+10
1.0725	2.3924184e+11	1.4028402e+10	1.565864e+10
1.074	2.3615564e+11	1.4107931e+10	1.4444878e+10
1.0755	2.7731959e+11	1.5152663e+10	1.6418521e+10
1.0769999	2.6310245e+11	1.5035568e+10	1.6204984e+10
1.0785	2.7997281e+11	1.5848501e+10	1.6417448e+10
1.08	2.7390845e+11	1.5659093e+10	1.605289e+10
1.0815	2.7240138e+11	1.6265999e+10	1.7856191e+10
1.0830001	2.5230987e+11	1.584349e+10	1.8149027e+10
1.0845	2.563452e+11	1.6250462e+10	1.7951449e+10
1.086	2.7610038e+11	1.71365e+10	1.8283097e+10
1.0875	2.7014482e+11	1.6966396e+10	1.7784643e+10
1.0889999	2.6102408e+11	1.6998648e+10	1.7064381e+10
1.0905	2.4254283e+11	1.6756133e+10	1.722292e+10
1.092	2.4292974e+11	1.6868649e+10	1.8790802e+10
1.0935	2.4521908e+11	1.7632701e+10	1.9397545e+10
1.0950001	2.558032e+11	1.8261427e+10	1.8573914e+10
1.0965	2.3955416e+11	1.7796977e+10	1.8136071e+10
1.098	2.4117315e+11	1.8603978e+10	1.8986499e+10
1.0995	2.3318824e+11	1.8346886e+10	2.0820308e+10
1.1009999	2.6228394e+11	2.0093137e+10	2.2529847e+10
1.1025	2.6525047e+11	2.0554106e+10	2.2221496e+10
1.104	2.5827765e+11	2.07079e+10	2.1400728e+10
1.1055	2.3929642e+11	2.0661874e+10	2.0933217e+10
1.1070001	2.2299533e+11	2.0865097e+10	2.4167778e+10
1.1085	2.3817664e+11	2.2013284e+10	2.5006324e+10
1.11	2.5475927e+11	2.2445412e+10	2.3239151e+10
1.1115	2.5926932e+11	2.3216194e+10	2.4611464e+10
1.1129999	2.5972453e+11	2.462042e+10	2.8561724e+10
1.1145	2.5180847e+11	2.4858747e+10	2.6296389e+10
1.116	2.6894923e+11	2.6078655e+10	2.6784612e+10
1.1175	2.505787e+11	2.6655142e+10	3.0286209e+10
1.1190001	2.6694207e+11	2.8362757e+10	2.7381352e+10
1.1205	2.4216519e+11	2.8198799e+10	2.9490108e+10
1.122	2.8027853e+11	3.2032446e+10	3.6826758e+10
1.1235	2.5305703e+11	3.1440147e+10	3.4143008e+10
1.1249999	2.7920238e+11	3.3737864e+10	3.742879e+10
1.1265	2.833116e+11	3.4951299e+10	3.6917322e+10
1.128	2.4035722e+11	3.4087778e+10	3.4105977e+10
1.1295	2.6812672e+11	3.7215568e+10	4.1387482e+10
1.1310001	2.6369588e+11	3.7250645e+10	4.2000298e+10
1.1325	2.3638166e+11	3.809919e+10	4.7149019e+10
1.134	2.5280723e+11	4.0114592e+10	4.958803e+10
1.1355	3.0501133e+11	4.6526964e+10	5.2093316e+10
1.1369999	2.7898203e+11	4.7837298e+10	5.4635248e+10
1.1385	2.8125578e+11	4.8384692e+10	5.5131826e+10
1.14	2.9195096e+11	5.3465284e+10	5.2365439e+10
1.1415	2.723364e+11	5.5692761e+10	5.6991893e+10
1.1430001	1.941425e+11	5.1524735e+10	5.4056842e+10
1.1445	2.4839293e+11	7.2513335e+10	8.7728281e+10
1.146	2.2582126e+11	7.3800439e+10	5.8336549e+10
1.1475	3.6811225e+11	1.0663816e+11	1.0342001e+11
