1.000000000000000021e-02 2.137849653238504688e+13
1.004620421346812641e-02 2.139133747305440625e+13
1.009262190987047364e-02 2.140429634178613281e+13
1.013925407558815411e-02 2.141737420806973438e+13
1.018610170155975769e-02 2.143057215076794531e+13
1.023316578330244961e-02 2.144389125818856250e+13
1.028044732093309245e-02 2.145733262816015234e+13
1.032794731918951388e-02 2.147089736810689844e+13
1.037566678745185933e-02 2.148458659512215625e+13
1.042360673976401760e-02 2.149840143604537891e+13
1.047176819485520251e-02 2.151234302753657422e+13
1.052015217616158495e-02 2.152641251615326562e+13
1.056875971184803933e-02 2.154061105842724219e+13
1.061759183483000114e-02 2.155493982093927344e+13
1.066664958279539381e-02 2.156939998039829688e+13
1.071593399822671176e-02 2.158399272371805469e+13
1.076544612842315375e-02 2.159871924809397656e+13
1.081518702552288110e-02 2.161358076108218359e+13
1.086515774652538346e-02 2.162857848067708984e+13
1.091535935331391580e-02 2.164371363539021875e+13
1.096579291267809828e-02 2.165898746432863672e+13
1.101645949633656314e-02 2.167440121727421875e+13
1.106736018095973335e-02 2.168995615476251953e+13
1.111849604819271052e-02 2.170565354816364062e+13
1.116986818467823224e-02 2.172149467975946094e+13
1.122147768207980290e-02 2.173748084282564453e+13
1.127332563710486610e-02 2.175361334171072656e+13
1.132541315152811416e-02 2.176989349191648047e+13
1.137774133221491381e-02 2.178632262017913281e+13
1.143031129114479259e-02 2.180290206454774219e+13
1.148312414543511094e-02 2.181963317446711328e+13
1.153618101736477927e-02 2.183651731085691016e+13
1.158948303439810527e-02 2.185355584619335547e+13
1.164303132920876775e-02 2.187075016458901953e+13
1.169682703970385297e-02 2.188810166187395312e+13
1.175087130904807486e-02 2.190561174567654297e+13
1.180516528568804902e-02 2.192328183550326953e+13
1.185971012337669328e-02 2.194111336282018359e+13
1.191450698119776025e-02 2.195910777113172266e+13
1.196955702359043389e-02 2.197726651606195703e+13
1.202486142037412220e-02 2.199559106543315625e+13
1.208042134677328287e-02 2.201408289934643750e+13
1.213623798344240501e-02 2.203274351025881641e+13
1.219231251649110712e-02 2.205157440306292969e+13
1.224864613750931315e-02 2.207057709516398047e+13
1.230524004359261590e-02 2.208975311655802344e+13
1.236209543736768550e-02 2.210910400990636719e+13
1.241921352701783922e-02 2.212863133061264844e+13
1.247659552630869806e-02 2.214833664689636328e+13
1.253424265461400115e-02 2.216822153986717969e+13
1.259215613694150866e-02 2.218828760359555859e+13
1.265033720395903130e-02 2.220853644518474609e+13
1.270878709202058823e-02 2.222896968483896484e+13
1.276750704319265690e-02 2.224958895593151953e+13
1.282649830528060503e-02 2.227039590506979297e+13
1.288576213185517981e-02 2.229139219215851172e+13
1.294529978227915330e-02 2.231257949046159375e+13
1.300511252173409266e-02 2.233395948665937500e+13
1.306520162124721190e-02 2.235553388090507031e+13
1.312556835771843365e-02 2.237730438687721484e+13
1.318621401394748545e-02 2.239927273182866406e+13
1.324713987866116792e-02 2.242144065663233594e+13
1.330834724654075471e-02 2.244380991582206641e+13
1.336983741824946531e-02 2.246638227763073438e+13
1.343161170046015991e-02 2.248915952402181250e+13
1.349367140588306549e-02 2.251214345071734766e+13
1.355601785329368231e-02 2.253533586721871484e+13
1.361865236756082051e-02 2.255873859682371094e+13
1.368157627967471826e-02 2.258235347663501172e+13
1.374479092677537324e-02 2.260618267092887109e+13
1.380829765218092274e-02 2.263022789557750391e+13
1.387209780541620238e-02 2.265449093352364062e+13
1.393619274224142807e-02 2.267897368602617188e+13
1.400058382468097502e-02 2.270367806913459766e+13
1.406527242105237024e-02 2.272860601375528125e+13
1.413025990599533696e-02 2.275375946571941016e+13
1.419554766050101606e-02 2.277914038584783203e+13
1.426113707194128985e-02 2.280475075001489453e+13
1.432702953409830879e-02 2.283059254921238672e+13
1.439322644719407199e-02 2.285666778961010156e+13
1.445972921792019507e-02 2.288297849261809375e+13
1.452653925946781159e-02 2.290952669494330078e+13
1.459365799155756989e-02 2.293631444864844531e+13
1.466108684046984502e-02 2.296334382120826953e+13
1.472882723907502529e-02 2.299061689556276562e+13
1.479688062686396362e-02 2.301813577017066406e+13
1.486524844997857107e-02 2.304590255906050391e+13
1.493393216124252500e-02 2.307391939187912500e+13
1.500293322019218348e-02 2.310218841394007031e+13
1.507225309310756232e-02 2.313071178626740625e+13
1.514189325304352018e-02 2.315949168564078125e+13
1.521185517986104775e-02 2.318853030463526953e+13
1.528214036025870096e-02 2.321782985166167188e+13
1.535275028780422671e-02 2.324739255100207422e+13
1.542368646296628232e-02 2.327722064284555859e+13
1.549495039314631624e-02 2.330731638331939844e+13
1.556654359271062056e-02 2.333768204451919531e+13
1.563846758302247023e-02 2.336831991453546875e+13
1.571072389247450338e-02 2.339923229747799609e+13
1.578331405652117284e-02 2.343042151349758203e+13
1.585623961771137277e-02 2.346188989880429297e+13
1.592950212572123020e-02 2.349363980568343750e+13
1.600310313738700918e-02 2.352567360250749609e+13
1.607704421673823714e-02 2.355799367374644531e+13
1.615132693503090397e-02 2.359060241997288281e+13
1.622595287078087284e-02 2.362350225786524219e+13
1.630092360979741237e-02 2.365669562020668359e+13
1.637624074521688150e-02 2.369018495588044141e+13
1.645190587753662601e-02 2.372397272986196484e+13
1.652792061464894782e-02 2.375806142320667969e+13
1.660428657187529647e-02 2.379245353303375781e+13
1.668100537200059227e-02 2.382715157250546484e+13
1.675807864530767799e-02 2.386215807080357031e+13
1.683550802961202367e-02 2.389747557309976172e+13
1.691329517029648011e-02 2.393310664052225781e+13
1.699144172034626130e-02 2.396905385011824219e+13
1.706994934038407949e-02 2.400531979481010156e+13
1.714881969870540174e-02 2.404190708334849219e+13
1.722805447131393886e-02 2.407881834025874219e+13
1.730765534195724889e-02 2.411605620578276953e+13
1.738762400216250364e-02 2.415362333581551562e+13
1.746796215127245644e-02 2.419152240183577344e+13
1.754867149648151048e-02 2.422975609083107031e+13
1.762975375287205784e-02 2.426832710521651562e+13
1.771121064345087745e-02 2.430723816274867578e+13
1.779304389918577242e-02 2.434649199643142188e+13
1.787525525904235316e-02 2.438609135441652344e+13
1.795784647002095918e-02 2.442603899989750000e+13
1.804081928719382735e-02 2.446633771099622266e+13
1.812417547374236756e-02 2.450699028064287891e+13
1.820791680099462587e-02 2.454799951644851172e+13
1.829204504846293836e-02 2.458936824056983203e+13
1.837656200388171346e-02 2.463109928956771094e+13
1.846146946324547441e-02 2.467319551425584375e+13
1.854676923084698503e-02 2.471565977954293750e+13
1.863246311931559748e-02 2.475849496426601172e+13
1.871855294965579092e-02 2.480170396101508594e+13
1.880504055128582458e-02 2.484528967594937500e+13
1.889192776207666499e-02 2.488925502860441016e+13
1.897921642839100337e-02 2.493360295168990234e+13
1.906690840512251933e-02 2.497833639087823828e+13
1.915500555573527997e-02 2.502345830458305859e+13
1.924350975230331232e-02 2.506897166372791797e+13
1.933242287555045347e-02 2.511487945150497656e+13
1.942174681489025612e-02 2.516118466312272266e+13
1.951148346846616477e-02 2.520789030554309375e+13
1.960163474319185847e-02 2.525499939720783594e+13
1.969220255479172538e-02 2.530251496775275000e+13
1.978318882784164262e-02 2.535044005771094531e+13
1.987459549580982907e-02 2.539877771820409375e+13
1.996642450109793396e-02 2.544753101062065234e+13
2.005867779508234069e-02 2.549670300628271484e+13
2.015135733815557467e-02 2.554629678609907422e+13
2.024446509976803726e-02 2.559631544020507031e+13
2.033800305846980919e-02 2.564676206758934766e+13
2.043197320195270367e-02 2.569763977570649219e+13
2.052637752709252084e-02 2.574895168007539844e+13
2.062121803999143396e-02 2.580070090386291406e+13
2.071649675602068794e-02 2.585289057745247656e+13
2.081221569986338102e-02 2.590552383799829297e+13
2.090837690555749986e-02 2.595860382896233594e+13
2.100498241653915230e-02 2.601213369963638281e+13
2.110203428568595621e-02 2.606611660464739844e+13
2.119953457536070951e-02 2.612055570344537500e+13
2.129748535745519880e-02 2.617545415977518750e+13
2.139588871343421628e-02 2.623081514112910938e+13
2.149474673437980557e-02 2.628664181818277344e+13
2.159406152103566373e-02 2.634293736421147266e+13
2.169383518385184506e-02 2.639970495448817578e+13
2.179406984302954819e-02 2.645694776566188672e+13
2.189476762856620851e-02 2.651466897511596484e+13
2.199593068030074663e-02 2.657287176030648047e+13
2.209756114795902171e-02 2.663155929807952344e+13
2.219966119119954825e-02 2.669073476396716016e+13
2.230223297965937615e-02 2.675040133146194141e+13
2.240527869300018224e-02 2.681056217126898828e+13
2.250880052095461867e-02 2.687122045053524609e+13
2.261280066337278266e-02 2.693237933205570312e+13
2.271728133026905058e-02 2.699404197345550391e+13
2.282224474186897445e-02 2.705621152634797266e+13
2.292769312865648723e-02 2.711889113546790234e+13
2.303362873142131284e-02 2.718208393777910156e+13
2.314005380130652878e-02 2.724579306155637891e+13
2.324697059985647921e-02 2.731002162544068750e+13
2.335438139906479207e-02 2.737477273746727734e+13
2.346228848142262527e-02 2.744004949406644922e+13
2.357069413996727703e-02 2.750585497903560156e+13
2.367960067833077553e-02 2.757219226248280469e+13
2.378901041078893344e-02 2.763906439974078516e+13
2.389892566231050300e-02 2.770647443025060156e+13
2.400934876860651851e-02 2.777442537641497266e+13
2.412028207618006903e-02 2.784292024242028906e+13
2.423172794237599473e-02 2.791196201302595703e+13
2.434368873543110365e-02 2.798155365232218359e+13
2.445616683452446483e-02 2.805169810245324609e+13
2.456916462982790261e-02 2.812239828230791016e+13
2.468268452255692469e-02 2.819365708617477344e+13
2.479672892502158763e-02 2.826547738236141016e+13
2.491130026067788633e-02 2.833786201177925781e+13
2.502640096417919208e-02 2.841081378649000000e+13
2.514203348142796460e-02 2.848433548821557422e+13
2.525820026962784584e-02 2.855842986680955859e+13
2.537490379733570514e-02 2.863309963868954688e+13
2.549214654451423256e-02 2.870834748523046484e+13
2.560993100258459471e-02 2.878417605111664844e+13
2.572825967447933335e-02 2.886058794265321484e+13
2.584713507469563881e-02 2.893758572603575781e+13
2.596655972934871007e-02 2.901517192557666406e+13
2.608653617622547910e-02 2.909334902188853906e+13
2.620706696483852613e-02 2.917211945002291797e+13
2.632815465648021339e-02 2.925148559756448047e+13
2.644980182427720053e-02 2.933144980267873438e+13
2.657201105324505375e-02 2.941201435211373438e+13
2.669478494034320873e-02 2.949318147915355078e+13
2.681812609453015570e-02 2.957495336152415625e+13
2.694203713681883605e-02 2.965733211924965625e+13
2.706652070033241375e-02 2.974031981245911328e+13
2.719157943036017502e-02 2.982391843914199609e+13
2.731721598441376117e-02 2.990812993285235938e+13
2.744343303228365463e-02 2.999295616036064453e+13
2.757023325609583853e-02 3.007839891925173828e+13
2.769761935036891068e-02 3.016445993546950000e+13
2.782559402207124277e-02 3.025114086080550000e+13
2.795415999067856622e-02 3.033844327033287891e+13
2.808331998823172457e-02 3.042636865978240625e+13
2.821307675939472084e-02 3.051491844286186328e+13
2.834343306151309444e-02 3.060409394851648047e+13
2.847439166467246457e-02 3.069389641813027344e+13
2.860595535175742068e-02 3.078432700266716016e+13
2.873812691851066262e-02 3.087538675975113672e+13
2.887090917359236286e-02 3.096707665068471484e+13
2.900430493863991738e-02 3.105939753740432031e+13
2.913831704832786987e-02 3.115235017937251562e+13
2.927294835042815874e-02 3.124593523040564844e+13
2.940820170587063812e-02 3.134015323543638672e+13
2.954407998880381400e-02 3.143500462720983984e+13
2.968058608665602449e-02 3.153048972291369922e+13
2.981772290019671715e-02 3.162660872073950000e+13
2.995549334359813229e-02 3.172336169637643359e+13
3.009390034449721182e-02 3.182074859943519922e+13
3.023294684405777866e-02 3.191876924980225000e+13
3.037263579703311511e-02 3.201742333392294141e+13
3.051297017182869400e-02 3.211671040101322656e+13
3.065395295056526706e-02 3.221662985919894531e+13
3.079558712914226559e-02 3.231718097158218359e+13
3.093787571730138158e-02 3.241836285223364453e+13
3.108082173869063797e-02 3.252017446211108984e+13
3.122442823092856298e-02 3.262261460490196484e+13
3.136869824566876352e-02 3.272568192279096875e+13
3.151363484866478992e-02 3.282937489215078516e+13
3.165924111983522277e-02 3.293369181915626953e+13
3.180552015332920035e-02 3.303863083532051953e+13
3.195247505759211959e-02 3.314418989295355078e+13
3.210010895543171511e-02 3.325036676054222656e+13
3.224842498408442282e-02 3.335715901805049219e+13
3.239742629528197249e-02 3.346456405214144531e+13
3.254711605531847990e-02 3.357257905131803125e+13
3.269749744511766393e-02 3.368120100098472656e+13
3.284857366030043829e-02 3.379042667842790625e+13
3.300034791125285027e-02 3.390025264771569922e+13
3.315282342319424841e-02 3.401067525451662500e+13
3.330600343624588733e-02 3.412169062083711328e+13
3.345989120549973384e-02 3.423329463967716406e+13
3.361449000108764767e-02 3.434548296960526172e+13
3.376980310825091619e-02 3.445825102925113672e+13
3.392583382740993470e-02 3.457159399171709766e+13
3.408258547423451829e-02 3.468550677890833594e+13
3.424006137971424141e-02 3.479998405578156250e+13
3.439826489022924233e-02 3.491502022451276172e+13
3.455719936762139538e-02 3.503060941858411328e+13
3.471686818926561502e-02 3.514674549679066797e+13
3.487727474814177747e-02 3.526342203716671875e+13
3.503842245290673951e-02 3.538063233083322656e+13
3.520031472796678745e-02 3.549836937576582812e+13
3.536295501355042614e-02 3.561662587048489844e+13
3.552634676578141082e-02 3.573539420766833594e+13
3.569049345675229939e-02 3.585466646768742188e+13
3.585539857459817126e-02 3.597443441206727344e+13
3.602106562357069997e-02 3.609468947687274219e+13
3.618749812411280187e-02 3.621542276602096875e+13
3.635469961293319452e-02 3.633662504452140625e+13
3.652267364308175307e-02 3.645828673164537500e+13
3.669142378402494298e-02 3.658039789402637500e+13
3.686095362172157885e-02 3.670294823869261719e+13
3.703126675869927026e-02 3.682592710603340625e+13
3.720236681413068014e-02 3.694932346270158594e+13
3.737425742391064371e-02 3.707312589445407031e+13
3.754694224073337055e-02 3.719732259893193750e+13
3.772042493416997294e-02 3.732190137838314062e+13
3.789470919074667404e-02 3.744684963232987500e+13
3.806979871402285664e-02 3.757215435018288281e+13
3.824569722466999305e-02 3.769780210380607031e+13
3.842240846055060971e-02 3.782377904003382812e+13
3.859993617679767508e-02 3.795007087314418750e+13
3.877828414589457040e-02 3.807666287729107031e+13
3.895745615775503268e-02 3.820353987889914062e+13
3.913745601980384015e-02 3.833068624902428906e+13
3.931828755705769896e-02 3.845808589568445312e+13
3.949995461220642823e-02 3.858572225616366406e+13
3.968246104569481819e-02 3.871357828929427344e+13
3.986581073580440504e-02 3.884163646772101562e+13
4.005000757873611317e-02 3.896987877015229688e+13
4.023505548869293208e-02 3.909828667360239062e+13
4.042095839796305823e-02 3.922684114563039062e+13
4.060772025700365440e-02 3.935552263658085938e+13
4.079534503452451194e-02 3.948431107183114062e+13
4.098383671757261509e-02 3.961318584405190625e+13
4.117319931161678853e-02 3.974212580548585938e+13
4.136343684063273352e-02 3.987110926025133594e+13
4.155455334718875099e-02 4.000011395667699219e+13
4.174655289253136753e-02 4.012911707967414844e+13
4.193943955667186335e-02 4.025809524315407812e+13
4.213321743847289053e-02 4.038702448249668750e+13
4.232789065573548670e-02 4.051588024707877344e+13
4.252346334528681743e-02 4.064463739286917969e+13
4.271993966306778662e-02 4.077327017509870312e+13
4.291732378422157684e-02 4.090175224101364844e+13
4.311561990318228677e-02 4.103005662272085156e+13
4.331483223376398489e-02 4.115815573013360156e+13
4.351496500925049887e-02 4.128602134402750000e+13
4.371602248248504519e-02 4.141362460921540625e+13
4.391800892596085804e-02 4.154093602785192969e+13
4.412092863191190151e-02 4.166792545287704688e+13
4.432478591240395643e-02 4.179456208160921875e+13
4.452958509942655380e-02 4.192081444949962500e+13
4.473533054498465139e-02 4.204665042405709375e+13
4.494202662119142072e-02 4.217203719895694531e+13
4.514967772036102001e-02 4.229694128834403906e+13
4.535828825510185985e-02 4.242132852134261719e+13
4.556786265841063915e-02 4.254516403678624219e+13
4.577840538376618668e-02 4.266841227817866406e+13
4.598992090522438514e-02 4.279103698890124219e+13
4.620241371751312998e-02 4.291300120767799219e+13
4.641588833612777382e-02 4.303426726431382812e+13
4.663034929742731344e-02 4.315479677571956250e+13
4.684580115873047956e-02 4.327455064223802344e+13
4.706224849841281199e-02 4.339348904428664062e+13
4.727969591600390820e-02 4.351157143933141406e+13
4.749814803228499804e-02 4.362875655920794531e+13
4.771760948938745528e-02 4.374500240780588281e+13
4.793808495089109389e-02 4.386026625913236719e+13
4.815957910192350533e-02 4.397450465577185156e+13
4.838209664925956915e-02 4.408767340775914844e+13
4.860564232142133845e-02 4.419972759188257031e+13
4.883022086877879947e-02 4.431062155143568750e+13
4.905583706365047869e-02 4.442030889643508594e+13
4.928249570040513228e-02 4.452874250432286719e+13
4.951020159556351191e-02 4.463587452117260938e+13
4.973895958790062327e-02 4.474165636341712500e+13
4.996877453854883799e-02 4.484603872011885156e+13
5.019965133110081829e-02 4.494897155580075000e+13
5.043159487171358646e-02 4.505040411385863281e+13
5.066461008921268466e-02 4.515028492057550781e+13
5.089870193519679953e-02 4.524856178975714844e+13
5.113387538414326111e-02 4.534518182801087500e+13
5.137013543351340999e-02 4.544009144068778125e+13
5.160748710385907462e-02 4.553323633851013281e+13
5.184593543892913187e-02 4.562456154490483594e+13
5.208548550577660197e-02 4.571401140406516406e+13
5.232614239486661767e-02 4.580152958976232031e+13
5.256791122018421997e-02 4.588705911492867188e+13
5.281079711934331261e-02 4.597054234203528125e+13
5.305480525369574152e-02 4.605192099428519531e+13
5.329994080844088072e-02 4.613113616764585156e+13
5.354620899273607876e-02 4.620812834374214062e+13
5.379361503980700093e-02 4.628283740363316406e+13
5.404216420705915125e-02 4.635520264249510156e+13
5.429186177618942899e-02 4.642516278523208594e+13
5.454271305329833758e-02 4.649265600303897656e+13
5.479472336900287344e-02 4.655761993093670312e+13
5.504789807854970629e-02 4.661999168630347656e+13
5.530224256192900478e-02 4.667970788842450000e+13
5.555776222398877556e-02 4.673670467908035938e+13
5.581446249454963954e-02 4.679091774419823438e+13
5.607234882852032976e-02 4.684228233658541406e+13
5.633142670601355012e-02 4.689073329976771875e+13
5.659170163246242391e-02 4.693620509295285156e+13
5.685317913873753209e-02 4.697863181714005469e+13
5.711586478126431943e-02 4.701794724239510938e+13
5.737976414214134013e-02 4.705408483631139062e+13
5.764488282925876034e-02 4.708697779367539844e+13
5.791122647641758214e-02 4.711655906735533594e+13
5.817880074344935343e-02 4.714276140043100000e+13
5.844761131633634255e-02 4.716551735958158594e+13
5.871766390733255264e-02 4.718475936974844531e+13
5.898896425508496494e-02 4.720041975008817969e+13
5.926151812475552449e-02 4.721243075123043750e+13
5.953533130814370189e-02 4.722072459385523438e+13
5.981040962380940879e-02 4.722523350860150781e+13
6.008675891719687107e-02 4.722588977731932031e+13
6.036438506075866850e-02 4.722262577567641406e+13
6.064329395408061402e-02 4.721537401712792969e+13
6.092349152400711870e-02 4.720406719825810156e+13
6.120498372476699395e-02 4.718863824550032812e+13
6.148777653810023197e-02 4.716902036324093750e+13
6.177187597338491126e-02 4.714514708331060938e+13
6.205728806776500406e-02 4.711695231586585156e+13
6.234401888627864180e-02 4.708437040166061719e+13
6.263207452198689407e-02 4.704733616570732031e+13
6.292146109610344262e-02 4.700578497232415625e+13
6.321218475812451221e-02 4.695965278156346094e+13
6.350425168595962011e-02 4.690887620701461719e+13
6.379766808606282535e-02 4.685339257497206250e+13
6.409244019356453992e-02 4.679313998495732031e+13
6.438857427240420039e-02 4.672805737158175000e+13
6.468607661546327270e-02 4.665808456773350000e+13
6.498495354469888130e-02 4.658316236907105469e+13
6.528521141127847927e-02 4.650323259980234375e+13
6.558685659571432403e-02 4.641823817972506250e+13
6.588989550799949357e-02 4.632812319250346875e+13
6.619433458774394430e-02 4.623283295515102344e+13
6.650018030431117944e-02 4.613231408868833594e+13
6.680743915695615265e-02 4.602651458993999219e+13
6.711611767496283854e-02 4.591538390443370312e+13
6.742622241778342684e-02 4.579887300035940625e+13
6.773775997517751668e-02 4.567693444354430469e+13
6.805073696735206012e-02 4.554952247339607812e+13
6.836516004510238831e-02 4.541659307976264844e+13
6.868103588995304321e-02 4.527810408065446094e+13
6.899837121430017761e-02 4.513401520076995312e+13
6.931717276155408003e-02 4.498428815076282031e+13
6.963744730628222690e-02 4.482888670718555469e+13
6.995920165435375038e-02 4.466777679303857031e+13
7.028244264308348976e-02 4.450092655885353125e+13
7.060717714137772216e-02 4.432830646423076562e+13
7.093341204987996251e-02 4.414988935975214844e+13
7.126115430111745752e-02 4.396565056918239062e+13
7.159041085964888695e-02 4.377556797186967188e+13
7.192118872221189840e-02 4.357962208525227344e+13
7.225349491787214085e-02 4.337779614737357031e+13
7.258733650817253413e-02 4.317007619930253906e+13
7.292272058728312134e-02 4.295645116735503125e+13
7.325965428215229502e-02 4.273691294500421094e+13
7.359814475265767653e-02 4.251145647436650781e+13
7.393819919175866062e-02 4.228007982714360938e+13
7.427982482564918221e-02 4.204278428489783594e+13
7.462302891391107973e-02 4.179957441853370312e+13
7.496781874966876313e-02 4.155045816685405469e+13
7.531420165974371528e-02 4.129544691405571875e+13
7.566218500481054765e-02 4.103455556602491406e+13
7.601177617955330590e-02 4.076780262528846094e+13
7.636298261282241373e-02 4.049521026447446875e+13
7.671581176779301847e-02 4.021680439812989062e+13
7.707027114212298968e-02 3.993261475274114844e+13
7.742636826811269413e-02 3.964267493479822656e+13
7.778411071286489564e-02 3.934702249674085156e+13
7.814350607844541829e-02 3.904569900062089062e+13
7.850456200204508628e-02 3.873875007931230469e+13
7.886728615614152504e-02 3.842622549509773438e+13
7.923168624866253062e-02 3.810817919545613281e+13
7.959777002314985528e-02 3.778466936587514844e+13
7.996554525892346499e-02 3.745575847950906250e+13
8.033501977124735127e-02 3.712151334349905469e+13
8.070620141149503768e-02 3.678200514177514062e+13
8.107909806731686264e-02 3.643730947415122656e+13
8.145371766280745662e-02 3.608750639152971094e+13
8.183006815867389927e-02 3.573268042702660938e+13
8.220815755240540312e-02 3.537292062282905469e+13
8.258799387844267814e-02 3.500832055259761719e+13
8.296958520834907258e-02 3.463897833922387500e+13
8.335293965098194979e-02 3.426499666775562500e+13
8.373806535266489770e-02 3.388648279330273047e+13
8.412497049736118726e-02 3.350354854373654297e+13
8.451366330684717543e-02 3.311631031700028906e+13
8.490415204088747059e-02 3.272488907284595312e+13
8.529644499741025065e-02 3.232941031881995312e+13
8.569055051268346934e-02 3.193000409032027344e+13
8.608647696149245021e-02 3.152680492455157812e+13
8.648423275731721704e-02 3.111995182821139453e+13
8.688382635251183650e-02 3.070958823874089844e+13
8.728526623848380239e-02 3.029586197898362109e+13
8.768856094587426653e-02 2.987892520509856641e+13
8.809371904473990711e-02 2.945893434757990625e+13
8.850074914473433918e-02 2.903605004524684375e+13
8.890965989529157898e-02 2.861043707206873047e+13
8.932045998580968871e-02 2.818226425670418750e+13
8.973315814583519845e-02 2.775170439463938281e+13
9.014776314524917955e-02 2.731893415281959375e+13
9.056428379445288779e-02 2.688413396668174219e+13
9.098272894455558535e-02 2.644748792950195703e+13
9.140310748756232118e-02 2.600918367398807031e+13
9.182542835656282154e-02 2.556941224605699609e+13
9.224970052592174063e-02 2.512836797074946094e+13
9.267593301146878626e-02 2.468624831025151172e+13
9.310413487069074678e-02 2.424325371400161328e+13
9.353431520292386503e-02 2.379958746088193750e+13
9.396648314954690606e-02 2.335545549350550391e+13
9.440064789417602908e-02 2.291106624475723438e+13
9.483681866285922912e-02 2.246663045583398828e+13
9.527500472427290201e-02 2.202236098790458203e+13
9.571521538991865918e-02 2.157847262465573438e+13
9.615746001432096124e-02 2.113518186798984375e+13
9.660174799522645850e-02 2.069270672610663281e+13
9.704808877380301235e-02 2.025126649426173828e+13
9.749649183484086767e-02 1.981108152836075000e+13
9.794696670695395013e-02 1.937237301157202734e+13
9.839952296278231536e-02 1.893536271416069141e+13
9.885417021919573610e-02 1.850027274676861328e+13
9.931091813749795549e-02 1.806732530738833594e+13
9.976977642363200893e-02 1.763674242230035938e+13
1.002307548283865452e-01 1.720874568126676367e+13
1.006938631476027579e-01 1.678355596729753320e+13
1.011591112223829692e-01 1.636139318132760352e+13
1.016265089392994619e-01 1.594247596216915039e+13
1.020960662306046457e-01 1.552702140212352734e+13
1.025677930744421928e-01 1.511524475866347461e+13
1.030416994950588000e-01 1.470735916261835352e+13
1.035177955630176283e-01 1.430357532331785156e+13
1.039960913954119798e-01 1.390410123117448828e+13
1.044765971560804169e-01 1.350914185820559766e+13
1.049593230558227702e-01 1.311889885701930273e+13
1.054442793526168959e-01 1.273357025881034961e+13
1.059314763518370006e-01 1.235335017093205273e+13
1.064209244064724114e-01 1.197842847463273047e+13
1.069126339173476076e-01 1.160899052356323242e+13
1.074066153333433360e-01 1.124521684368175586e+13
1.079028791516184194e-01 1.088728283520023828e+13
1.084014359178330916e-01 1.053535847723276562e+13
1.089022962263729993e-01 1.018960803582314453e+13
1.094054707205742438e-01 9.850189776042458984e+12
1.099109700929497280e-01 9.517255678860660156e+12
1.104188050854160719e-01 9.190951163508394531e+12
1.109289864895222771e-01 8.871414816054175781e+12
1.114415251466787521e-01 8.558778124932023438e+12
1.119564319483878218e-01 8.253165224159455078e+12
1.124737178364751955e-01 7.954692644991791016e+12
1.129933938033222257e-01 7.663469076760973633e+12
1.135154708920999012e-01 7.379595137647142578e+12
1.140399601970032428e-01 7.103163156130986328e+12
1.145668728634871431e-01 6.834256963869812500e+12
1.150962200885032316e-01 6.572951700734725586e+12
1.156280131207376022e-01 6.319313632737819336e+12
1.161622632608501904e-01 6.073399983566513672e+12
1.166989818617146929e-01 5.835258780429485352e+12
1.172381803286598606e-01 5.604928714901360352e+12
1.177798701197119297e-01 5.382439019434781250e+12
1.183240627458378574e-01 5.167809360186711914e+12
1.188707697711903349e-01 4.961049746780723633e+12
1.194200028133531877e-01 4.762160459600451172e+12
1.199717735435884280e-01 4.571131995178144531e+12
1.205260936870842653e-01 4.387945030209932129e+12
1.210829750232040036e-01 4.212570404692888184e+12
1.216424293857368000e-01 4.044969124640153320e+12
1.222044686631488103e-01 3.885092384789071777e+12
1.227691047988359180e-01 3.732881611672308594e+12
1.233363497913776002e-01 3.588268527374830078e+12
1.239062156947916271e-01 3.451175234249868164e+12
1.244787146187906202e-01 3.321514320813938965e+12
1.250538587290390691e-01 3.199188988986561035e+12
1.256316602474120692e-01 3.084093202782101562e+12
1.262121314522547388e-01 2.976111858501872070e+12
1.267952846786434551e-01 2.875120976412238770e+12
1.273811323186478384e-01 2.780987913830766113e+12
1.279696868215940975e-01 2.693571599476359375e+12
1.285609606943295680e-01 2.612722788871897949e+12
1.291549665014883885e-01 2.538284340518787598e+12
1.297517168657587594e-01 2.470091512492589355e+12
1.303512244681508947e-01 2.407972279037609375e+12
1.309535020482666956e-01 2.351747666666062988e+12
1.315585624045704505e-01 2.301232109194951172e+12
1.321664183946605065e-01 2.256233821712709961e+12
1.327770829355429671e-01 2.216555188919073730e+12
1.333905690039058622e-01 2.181993176261516602e+12
1.340068896363950102e-01 2.152339753081896484e+12
1.346260579298910465e-01 2.127382328644940674e+12
1.352480870417875347e-01 2.106904207098811035e+12
1.358729901902709924e-01 2.090685052532364746e+12
1.365007806546013891e-01 2.078501366428610352e+12
1.371314717753944756e-01 2.070126975736655518e+12
1.377650769549054188e-01 2.065333530303815430e+12
1.384016096573131571e-01 2.063891008351074707e+12
1.390410834090070324e-01 2.065568228619974365e+12
1.396835117988739772e-01 2.070133367767621338e+12
1.403289084785872554e-01 2.077354481539126709e+12
1.409772871628967028e-01 2.087000028203747314e+12
1.416286616299198831e-01 2.098839392702725342e+12
1.422830457214352695e-01 2.112643409923625244e+12
1.429404533431760937e-01 2.128184885487941650e+12
1.436008984651259979e-01 2.145239112416628906e+12
1.442643951218157972e-01 2.163584382021816162e+12
1.449309574126216582e-01 2.183002487362905273e+12
1.456005995020649424e-01 2.203279217601599609e+12
1.462733356201129931e-01 2.224204841593383301e+12
1.469491800624816435e-01 2.245574579062952148e+12
1.476281471909390297e-01 2.267189057727930176e+12
1.483102514336104294e-01 2.288854754759381836e+12
1.489955072852854334e-01 2.310384420999041504e+12
1.496839293077255606e-01 2.331597486391846680e+12
1.503755321299737602e-01 2.352320445138634766e+12
1.510703304486654963e-01 2.372387219127374512e+12
1.517683390283405265e-01 2.391639498262179688e+12
1.524695727017573721e-01 2.409927056377714844e+12
1.531740463702079835e-01 2.427108041501734375e+12
1.538817750038345700e-01 2.443049239311156250e+12
1.545927736419477616e-01 2.457626308715991211e+12
1.553070573933459930e-01 2.470723988601351074e+12
1.560246414366368850e-01 2.482236274859653320e+12
1.567455410205594868e-01 2.492066566952975098e+12
1.574697714643086000e-01 2.500127783359092285e+12
1.581973481578600738e-01 2.506342445373086914e+12
1.589282865622977936e-01 2.510642728859660156e+12
1.596626022101425846e-01 2.512970483678621582e+12
1.604003107056820032e-01 2.513277220636792480e+12
1.611414277253019056e-01 2.511524065953561523e+12
1.618859690178198474e-01 2.507681683363475098e+12
1.626339504048192330e-01 2.501730164117327148e+12
1.633853877809861299e-01 2.493658885282103027e+12
1.641402971144466372e-01 2.483466336879618652e+12
1.648986944471065030e-01 2.471159918542509277e+12
1.656605958949914359e-01 2.456755706504137695e+12
1.664260176485903575e-01 2.440278191874715820e+12
1.671949759731989338e-01 2.421759991289302734e+12
1.679674872092653259e-01 2.401241531142858887e+12
1.687435677727375793e-01 2.378770706753133301e+12
1.695232341554120392e-01 2.354402517912496094e+12
1.703065029252844309e-01 2.328198682404441406e+12
1.710933907269014398e-01 2.300227229168667480e+12
1.718839142817145671e-01 2.270562071779953613e+12
1.726780903884355955e-01 2.239282571953476562e+12
1.734759359233931653e-01 2.206473071532672363e+12
1.742774678408919031e-01 2.172222434171870117e+12
1.750827031735724126e-01 2.136623559639404785e+12
1.758916590327732621e-01 2.099772896402744385e+12
1.767043526088946659e-01 2.061769946860197754e+12
1.775208011717634982e-01 2.022716768570683594e+12
1.783410220710008043e-01 1.982717473734312500e+12
1.791650327363900341e-01 1.941877729185373291e+12
1.799928506782476345e-01 1.900304259155705811e+12
1.808244934877951682e-01 1.858104353050612549e+12
1.816599788375327651e-01 1.815385380451309570e+12
1.824993244816152382e-01 1.772254315517030273e+12
1.833425482562289766e-01 1.728817272907206055e+12
1.841896680799710861e-01 1.685179057278777100e+12
1.850407019542302245e-01 1.641442728336910156e+12
1.858956679635687392e-01 1.597709183328868408e+12
1.867545842761076103e-01 1.554076758771167480e+12
1.876174691439120579e-01 1.510640853090233887e+12
1.884843409033795381e-01 1.467493571736546631e+12
1.893552179756295140e-01 1.424723396203033936e+12
1.902301188668944765e-01 1.382414878240649658e+12
1.911090621689137958e-01 1.340648360418436279e+12
1.919920665593283782e-01 1.299499724023192871e+12
1.928791508020777645e-01 1.259040165135514648e+12
1.937703337477988952e-01 1.219335999556034424e+12
1.946656343342262341e-01 1.180448497088825439e+12
1.955650715865949185e-01 1.142433745519295166e+12
1.964686646180445473e-01 1.105342544452916016e+12
1.973764326300255501e-01 1.069220329009377686e+12
1.982883949127071388e-01 1.034107123195994385e+12
1.992045708453870356e-01 1.000037522615129517e+12
2.001249798969036986e-01 9.670407059944598389e+11
2.010496416260497965e-01 9.351404748671446533e+11
2.019785756819878486e-01 9.043553205724510498e+11
2.029118018046678074e-01 8.746985175972878418e+11
2.038493398252463062e-01 8.461782421364981689e+11
2.047912096665085446e-01 8.187977146154562988e+11
2.057374313432912549e-01 7.925553647937626953e+11
2.066880249629081956e-01 7.674450179540922852e+11
2.076430107255774760e-01 7.434561005767133789e+11
2.086024089248503799e-01 7.205738638082905273e+11
2.095662399480432980e-01 6.987796229539805908e+11
2.105345242766704927e-01 6.780510111552180176e+11
2.115072824868794721e-01 6.583622453620562744e+11
2.124845352498882789e-01 6.396844026691031494e+11
2.134663033324244452e-01 6.219857050579979248e+11
2.144526075971667500e-01 6.052318105770909424e+11
2.154434690031883370e-01 5.893861089906274414e+11
2.164389086064020251e-01 5.744100199449868164e+11
2.174389475600080057e-01 5.602632917282279053e+11
2.184436071149427339e-01 5.469042987410496216e+11
2.194529086203313717e-01 5.342903358516096191e+11
2.204668735239408706e-01 5.223779078731658325e+11
2.214855233726359396e-01 5.111230124812963867e+11
2.225088798128369294e-01 5.004814149758966675e+11
2.235369645909795477e-01 4.904089133914034424e+11
2.245697995539774061e-01 4.808615925657274780e+11
2.256074066496860375e-01 4.717960658933854370e+11
2.266498079273693844e-01 4.631697036100607910e+11
2.276970255381680075e-01 4.549408465833756714e+11
2.287490817355702921e-01 4.470690047167885132e+11
2.298059988758850980e-01 4.395150392091672363e+11
2.308677994187168514e-01 4.322413280504621582e+11
2.319345059274428578e-01 4.252119142729841309e+11
2.330061410696924740e-01 4.183926366167691040e+11
2.340827276178293059e-01 4.117512424053546143e+11
2.351642884494348495e-01 4.052574825638437500e+11
2.362508465477946296e-01 3.988831888433039551e+11
2.373424250023867532e-01 3.926023334433391113e+11
2.384390470093720460e-01 3.863910713471286011e+11
2.395407358720878233e-01 3.802277657994119263e+11
2.406475150015424114e-01 3.740929974670564575e+11
2.417594079169129717e-01 3.679695579231555176e+11
2.428764382460451843e-01 3.618424281885021973e+11
2.439986297259550130e-01 3.556987431481653442e+11
2.451260062033338571e-01 3.495277427353029785e+11
2.462585916350546744e-01 3.433207108389761963e+11
2.473964100886812956e-01 3.370709029472234497e+11
2.485394857429799875e-01 3.307734635809863892e+11
2.496878428884326817e-01 3.244253346084922485e+11
2.508415059277540049e-01 3.180251555534849854e+11
2.520004993764092260e-01 3.115731570244227295e+11
2.531648478631354227e-01 3.050710483956000366e+11
2.543345761304649510e-01 2.985219008654816895e+11
2.555097090352507205e-01 2.919300270027568970e+11
2.566902715491950482e-01 2.853008578671593018e+11
2.578762887593800679e-01 2.786408187605966187e+11
2.590677858688007484e-01 2.719572046251021729e+11
2.602647881969005761e-01 2.652580560582846985e+11
2.614673211801092356e-01 2.585520368649796448e+11
2.626754103723836775e-01 2.518483140064607849e+11
2.638890814457510170e-01 2.451564407465816040e+11
2.651083601908537646e-01 2.384862437283840637e+11
2.663332725174982207e-01 2.318477146457923584e+11
2.675638444552045359e-01 2.252509071038289185e+11
2.688001021537606006e-01 2.187058391880339661e+11
2.700420718837772682e-01 2.122224021902998962e+11
2.712897800372465751e-01 2.058102758647392273e+11
2.725432531281029025e-01 1.994788505142898560e+11
2.738025177927857490e-01 1.932371561371069946e+11
2.750676007908066101e-01 1.870937987919970398e+11
2.763385290053169685e-01 1.810569042748236389e+11
2.776153294436799479e-01 1.751340691333580017e+11
2.788980292380440762e-01 1.693323189869911499e+11
2.801866556459195468e-01 1.636580740603833923e+11
2.814812360507579769e-01 1.581171217868349304e+11
2.827817979625341094e-01 1.527145962881891479e+11
2.840883690183302890e-01 1.474549644935884705e+11
2.854009769829238818e-01 1.423420186195495300e+11
2.867196497493769702e-01 1.373788746986683044e+11
2.880444153396296558e-01 1.325679768138410645e+11
2.893753019050950281e-01 1.279111066691449432e+11
2.907123377272576858e-01 1.234093981073831024e+11
2.920555512182746449e-01 1.190633561676559143e+11
2.934049709215786894e-01 1.148728802639875793e+11
2.947606255124857189e-01 1.108372910578219604e+11
2.961225437988034281e-01 1.069553605929113464e+11
2.974907547214440395e-01 1.032253452604391327e+11
2.988652873550384226e-01 9.964502116496775818e+10
3.002461709085549324e-01 9.621172146762112427e+10
3.016334347259195803e-01 9.292237529159587097e+10
3.030271082866396459e-01 8.977354778629313660e+10
3.044272212064302874e-01 8.676148095983845520e+10
3.058338032378433158e-01 8.388213490522940063e+10
3.072468842709003556e-01 8.113122906253163147e+10
3.086664943337272815e-01 7.850428317822363281e+10
3.100926635931926523e-01 7.599665764271957397e+10
3.115254223555488089e-01 7.360359290802926636e+10
3.129648010670751934e-01 7.132024770934111023e+10
3.144108303147264971e-01 6.914173583675088501e+10
3.158635408267817524e-01 6.706316122635132599e+10
3.173229634734976434e-01 6.507965116323007202e+10
3.187891292677645927e-01 6.318638741253818512e+10
3.202620693657651785e-01 6.137863511854339600e+10
3.217418150676371602e-01 5.965176933540049744e+10
3.232283978181378914e-01 5.800129907717807007e+10
3.247218492073128959e-01 5.642288879837021637e+10
3.262222009711669979e-01 5.491237723971805573e+10
3.277294849923383935e-01 5.346579359741516876e+10
3.292437333007768863e-01 5.207937099685624695e+10
3.307649780744240653e-01 5.074955727472068787e+10
3.322932516398971470e-01 4.947302309536386108e+10
3.338285864731760921e-01 4.824666744915770721e+10
3.353710152002930545e-01 4.706762060141249084e+10
3.369205705980267140e-01 4.593324458079614258e+10
3.384772855945981096e-01 4.484113131538140106e+10
3.400411932703706341e-01 4.378909854300318146e+10
3.416123268585528616e-01 4.277518363953011322e+10
3.431907197459044268e-01 4.179763552459980774e+10
3.447764054734464012e-01 4.085490481864211273e+10
3.463694177371732796e-01 3.994563243767645264e+10
3.479697903887691290e-01 3.906863682319566345e+10
3.495775574363275129e-01 3.822290001329335785e+10
3.511927530450729695e-01 3.740755276790296173e+10
3.528154115380883193e-01 3.662185896545436096e+10
3.544455673970433596e-01 3.586519949034765625e+10
3.560832552629277781e-01 3.513705583019166565e+10
3.577285099367873422e-01 3.443699359891336060e+10
3.593813663804627523e-01 3.376464619633363724e+10
3.610418597173337130e-01 3.311969880686496353e+10
3.627100252330646146e-01 3.250187292942287827e+10
3.643858983763544335e-01 3.191091161817488098e+10
3.660695147596902399e-01 3.134656559815146255e+10
3.677609101601032604e-01 3.080858040323412323e+10
3.694601205199302685e-01 3.029668466483745193e+10
3.711671819475764744e-01 2.981057965927062225e+10
3.728821307182833555e-01 2.934993020020222473e+10
3.746050032748993175e-01 2.891435693995407867e+10
3.763358362286534642e-01 2.850343012042739868e+10
3.780746663599349189e-01 2.811666479116556549e+10
3.798215306190734220e-01 2.775351748897266388e+10
3.815764661271248692e-01 2.741338435127843094e+10
3.833395101766601254e-01 2.709560061388626099e+10
3.851107002325570572e-01 2.679944142360928726e+10
3.868900739327975624e-01 2.652412387861965561e+10
3.886776690892665975e-01 2.626881019163514709e+10
3.904735236885559790e-01 2.603261185876363754e+10
3.922776758927719598e-01 2.581459470391233444e+10
3.940901640403449702e-01 2.561378466051868820e+10
3.959110266468458539e-01 2.542917414611253357e+10
3.977403024058034919e-01 2.525972888205316925e+10
3.995780301895269782e-01 2.510439501043968201e+10
4.014242490499321803e-01 2.496210636263693237e+10
4.032789982193707434e-01 2.483179173896134567e+10
4.051423171114647559e-01 2.471238206665455627e+10
4.070142453219436907e-01 2.460281731310761261e+10
4.088948226294862320e-01 2.450205304306101990e+10
4.107840889965646558e-01 2.440906652225938416e+10
4.126820845702953711e-01 2.432286228402115250e+10
4.145888496832911274e-01 2.424247709193162537e+10
4.165044248545182737e-01 2.416698424787492752e+10
4.184288507901582355e-01 2.409549721014241028e+10
4.203621683844713797e-01 2.402717250412892914e+10
4.223044187206674294e-01 2.396121192290301132e+10
4.242556430717777105e-01 2.389686403016546249e+10
4.262158829015322836e-01 2.383342499179089355e+10
4.281851798652413499e-01 2.377023877444921875e+10
4.301635758106794882e-01 2.370669676046886826e+10
4.321511127789764428e-01 2.364223683695946884e+10
4.341478330055092427e-01 2.357634202423868942e+10
4.361537789208003724e-01 2.350853871343646240e+10
4.381689931514192171e-01 2.343839458600692368e+10
4.401935185208874501e-01 2.336551629040751266e+10
4.422273980505899149e-01 2.328954694697273254e+10
4.442706749606882832e-01 2.321016355419408798e+10
4.463233926710394872e-01 2.312707436165938950e+10
4.483855948021188698e-01 2.304001627172014999e+10
4.504573251759458330e-01 2.294875232478106689e+10
4.525386278170169252e-01 2.285306931592422867e+10
4.546295469532399269e-01 2.275277558263739395e+10
4.567301270168744320e-01 2.264769899511516571e+10
4.588404126454759258e-01 2.253768517218078613e+10
4.609604486828433600e-01 2.242259593756510544e+10
4.630902801799739454e-01 2.230230802322454071e+10
4.652299523960189420e-01 2.217671201945977783e+10
4.673795107992461118e-01 2.204571156288077545e+10
4.695390010680060566e-01 2.190922275113130569e+10
4.717084690917017209e-01 2.176717376340806961e+10
4.738879609717653318e-01 2.161950466556554794e+10
4.760775230226367838e-01 2.146616737359745026e+10
4.782772017727482949e-01 2.130712574776766968e+10
4.804870439655131720e-01 2.114235578851818848e+10
4.827070965603182939e-01 2.097184590513042831e+10
4.849374067335235350e-01 2.079559722881859207e+10
4.871780218794630746e-01 2.061362394339105988e+10
4.894289896114529248e-01 2.042595360874782944e+10
4.916903577628028987e-01 2.023262745479737473e+10
4.939621743878320759e-01 2.003370062743411255e+10
4.962444877628915951e-01 1.982924236937674713e+10
4.985373463873893907e-01 1.961933612470569992e+10
5.008407989848210340e-01 1.940407955725098419e+10
5.031548945038054610e-01 1.918358447737243652e+10
5.054796821191240852e-01 1.895797667452484512e+10
5.078152112327672940e-01 1.872739565593485260e+10
5.101615314749833319e-01 1.849199429429098892e+10
5.125186927053330121e-01 1.825193838955722427e+10
5.148867450137495361e-01 1.800740615183630753e+10
5.172657387216018643e-01 1.775858761367361069e+10
5.196557243827659711e-01 1.750568398074914932e+10
5.220567527846975420e-01 1.724890693207213593e+10
5.244688749495116653e-01 1.698847787792399788e+10
5.268921421350674095e-01 1.672462718758987045e+10
5.293266058360561743e-01 1.645759339542215729e+10
5.317723177850969263e-01 1.618762239469647980e+10
5.342293299538352080e-01 1.591496662743820572e+10
5.366976945540475885e-01 1.563988427746371460e+10
5.391774640387502204e-01 1.536263847279212379e+10
5.416686911033151697e-01 1.508349650244362259e+10
5.441714286865890760e-01 1.480272905149944687e+10
5.466857299720180308e-01 1.452060945710026169e+10
5.492116483887788947e-01 1.423741298781258774e+10
5.517492376129126130e-01 1.395341614516718292e+10
5.542985515684668574e-01 1.366889599082559776e+10
5.568596444286411096e-01 1.338412949541835213e+10
5.594325706169377410e-01 1.309939291004281044e+10
5.620173848083187540e-01 1.281496115852910614e+10
5.646141419303669640e-01 1.253110724868755913e+10
5.672228971644543982e-01 1.224810170164708328e+10
5.698437059469139143e-01 1.196621199720309639e+10
5.724766239702178128e-01 1.168570203428971100e+10
5.751217071841613349e-01 1.140683160541957664e+10
5.777790117970503792e-01 1.112985588436167908e+10
5.804485942768977669e-01 1.085502492660836411e+10
5.831305113526221717e-01 1.058258318248575020e+10
5.858248200152536000e-01 1.031276902304988670e+10
5.885315775191450882e-01 1.004581427917974281e+10
5.912508413831878418e-01 9.781943794518127441e+09
5.939826693920355893e-01 9.521374993120019913e+09
5.967271195973313791e-01 9.264317462846292496e+09
5.994842503189409255e-01 9.010972555682773590e+09
6.022541201461928395e-01 8.761533006275186539e+09
6.050367879391220782e-01 8.516182570046092033e+09
6.078323128297229427e-01 8.275095682297729492e+09
6.106407542232039631e-01 8.038437139709003448e+09
6.134621717992505552e-01 7.806361805598801613e+09
6.162966255132942273e-01 7.579014340258693695e+09
6.191441755977844519e-01 7.356528957556482315e+09
6.220048825634711953e-01 7.139029208861336708e+09
6.248788072006891126e-01 6.926627795358845711e+09
6.277660105806499580e-01 6.719426409085459709e+09
6.306665540567405470e-01 6.517515604002789497e+09
6.335804992658250478e-01 6.320974696828418732e+09
6.365079081295571539e-01 6.129871698343329430e+09
6.394488428556940329e-01 5.944263275181638718e+09
6.424033659394190465e-01 5.764194742149140358e+09
6.453715401646702432e-01 5.589700084987097740e+09
6.483534286054724038e-01 5.420802013400573730e+09
6.513490946272803006e-01 5.257512044081653595e+09
6.543586018883232880e-01 5.099830613378329277e+09
6.573820143409585537e-01 4.947747219183441162e+09
6.604193962330304757e-01 4.801240591547593117e+09
6.634708121092347533e-01 4.660278891451859474e+09
6.665363268124913088e-01 4.524819937110033035e+09
6.696160054853218524e-01 4.394811457105532646e+09
6.727099135712336642e-01 4.270191369601676464e+09
6.758181168161110364e-01 4.150888086794317245e+09
6.789406812696109350e-01 4.036820843701927662e+09
6.820776732865685421e-01 3.927900050307782173e+09
6.852291595284061287e-01 3.824027665985159874e+09
6.883952069645495886e-01 3.725097595050797462e+09
6.915758828738525210e-01 3.630996102210082531e+09
6.947712548460236448e-01 3.541602246584692478e+09
6.979813907830659803e-01 3.456788332952720165e+09
7.012063589007180298e-01 3.376420378786177635e+09
7.044462277299037289e-01 3.300358595636673927e+09
7.077010661181889484e-01 3.228457883393250942e+09
7.109709432312434352e-01 3.160568335906431675e+09
7.142559285543126357e-01 3.096535756431639194e+09
7.175560918936925159e-01 3.036202181286086082e+09
7.208715033782135961e-01 2.979406410034470081e+09
7.242022334607315370e-01 2.925984540426018238e+09
7.275483529196228316e-01 2.875770506210726738e+09
7.309099328602910450e-01 2.828596615881932259e+09
7.342870447166761627e-01 2.784294090343722820e+09
7.376797602527734865e-01 2.742693597496562004e+09
7.410881515641569717e-01 2.703625781778021812e+09
7.445122910795138882e-01 2.666921786779777527e+09
7.479522515621821466e-01 2.632413769170729637e+09
7.514081061116966165e-01 2.599935402264146328e+09
7.548799281653435500e-01 2.569322367650997162e+09
7.583677914997191127e-01 2.540412833363803864e+09
7.618717702322995722e-01 2.513047917030451775e+09
7.653919388230148169e-01 2.487072132435171127e+09
7.689283720758309792e-01 2.462333817847792625e+09
7.724811451403403861e-01 2.438685544442405224e+09
7.760503335133570602e-01 2.415984503133246899e+09
7.796360130405233235e-01 2.394092868227506161e+09
7.832382599179196214e-01 2.372878136436364174e+09
7.868571506936847815e-01 2.352213439981621742e+09
7.904927622696424905e-01 2.331977832757722378e+09
7.941451719029339884e-01 2.312056548723050594e+09
7.978144572076625307e-01 2.292341231869998932e+09
8.015006961565405152e-01 2.272730137243767738e+09
8.052039670825473783e-01 2.253128302546792030e+09
8.089243486805942629e-01 2.233447689897824287e+09
8.126619200091945716e-01 2.213607297342173576e+09
8.164167604921467314e-01 2.193533239762669086e+09
8.201889499202202893e-01 2.173158798941103935e+09
8.239785684528515564e-01 2.152424442673730850e+09
8.277856966198476885e-01 2.131277813040061951e+09
8.316104153230962082e-01 2.109673684140221119e+09
8.354528058382867384e-01 2.087573889825030327e+09
8.393129498166364000e-01 2.064947222125050783e+09
8.431909292866255345e-01 2.041769301229778767e+09
8.470868266557406434e-01 2.018022417980949879e+09
8.510007247122246543e-01 1.993695349936531544e+09
8.549327066268380682e-01 1.968783152151239395e+09
8.588828559546249908e-01 1.943286923917065620e+09
8.628512566366891567e-01 1.917213552816962957e+09
8.668379930019778357e-01 1.890575437563687325e+09
8.708431497690723999e-01 1.863390191214906454e+09
8.748668120479909938e-01 1.835680326467426538e+09
8.789090653419954213e-01 1.807472924833099127e+09
8.829699955494086927e-01 1.778799291585860014e+09
8.870496889654407857e-01 1.749694598444066048e+09
8.911482322840201808e-01 1.720197516014095783e+09
8.952657125996396070e-01 1.690349838066179037e+09
8.994022174092044519e-01 1.660196099736784935e+09
9.035578346138924966e-01 1.629783191751585960e+09
9.077326525210228647e-01 1.599159972744311810e+09
9.119267598459298574e-01 1.568376881722957611e+09
9.161402457138516642e-01 1.537485552722451210e+09
9.203731996618220723e-01 1.506538433693239212e+09
9.246257116405738330e-01 1.475588411704780102e+09
9.288978720164502434e-01 1.444688446570299625e+09
9.331897715733238341e-01 1.413891214989338160e+09
9.375015015145284902e-01 1.383248767224781275e+09
9.418331534647951253e-01 1.352812198167813778e+09
9.461848194721996785e-01 1.322631334415153980e+09
9.505565920101196609e-01 1.292754438737592697e+09
9.549485639791965852e-01 1.263227933119144678e+09
9.593608287093141618e-01 1.234096141440032721e+09
9.637934799615786030e-01 1.205401096216540337e+09
9.682466119303123619e-01 1.177182107115332127e+09
9.727203192450541991e-01 1.149476002620587587e+09
9.772146969725724608e-01 1.122316528909274817e+09
9.817298406188835758e-01 1.095734423833370686e+09
9.862658461312820979e-01 1.069757256295942545e+09
9.908228099003797418e-01 1.044409334516645789e+09
9.954008287621524120e-01 1.019711639564185262e+09
1.000000000000000000e+00 9.956817836498655081e+08
