1.000000000000000021e-02 1.865346616896214250e+15
1.004620421346812641e-02 1.864069322137799000e+15
1.009262190987047364e-02 1.862780955864660000e+15
1.013925407558815411e-02 1.861481429262538250e+15
1.018610170155975769e-02 1.860170652939261750e+15
1.023316578330244961e-02 1.858848536923649250e+15
1.028044732093309245e-02 1.857514990664488250e+15
1.032794731918951388e-02 1.856169923029531750e+15
1.037566678745185933e-02 1.854813242304620250e+15
1.042360673976401760e-02 1.853444856192828750e+15
1.047176819485520251e-02 1.852064671813690250e+15
1.052015217616158495e-02 1.850672595702487750e+15
1.056875971184803933e-02 1.849268533809611250e+15
1.061759183483000114e-02 1.847852391500022000e+15
1.066664958279539381e-02 1.846424073552745500e+15
1.071593399822671176e-02 1.844983484160455750e+15
1.076544612842315375e-02 1.843530526929171250e+15
1.081518702552288110e-02 1.842065104877976500e+15
1.086515774652538346e-02 1.840587120438865500e+15
1.091535935331391580e-02 1.839096475456655500e+15
1.096579291267809828e-02 1.837593071188999750e+15
1.101645949633656314e-02 1.836076808306455500e+15
1.106736018095973335e-02 1.834547586892696000e+15
1.111849604819271052e-02 1.833005306444741250e+15
1.116986818467823224e-02 1.831449865873370500e+15
1.122147768207980290e-02 1.829881163503560750e+15
1.127332563710486610e-02 1.828299097075049750e+15
1.132541315152811416e-02 1.826703563743009000e+15
1.137774133221491381e-02 1.825094460078784250e+15
1.143031129114479259e-02 1.823471682070807000e+15
1.148312414543511094e-02 1.821835125125519750e+15
1.153618101736477927e-02 1.820184684068496250e+15
1.158948303439810527e-02 1.818520253145601250e+15
1.164303132920876775e-02 1.816841726024328000e+15
1.169682703970385297e-02 1.815148995795184250e+15
1.175087130904807486e-02 1.813441954973242500e+15
1.180516528568804902e-02 1.811720495499778500e+15
1.185971012337669328e-02 1.809984508744035750e+15
1.191450698119776025e-02 1.808233885505113250e+15
1.196955702359043389e-02 1.806468516013973500e+15
1.202486142037412220e-02 1.804688289935562500e+15
1.208042134677328287e-02 1.802893096371036750e+15
1.213623798344240501e-02 1.801082823860187000e+15
1.219231251649110712e-02 1.799257360383875750e+15
1.224864613750931315e-02 1.797416593366689000e+15
1.230524004359261590e-02 1.795560409679656250e+15
1.236209543736768550e-02 1.793688695643136000e+15
1.241921352701783922e-02 1.791801337029785500e+15
1.247659552630869806e-02 1.789898219067692250e+15
1.253424265461400115e-02 1.787979226443577000e+15
1.259215613694150866e-02 1.786044243306168000e+15
1.265033720395903130e-02 1.784093153269665750e+15
1.270878709202058823e-02 1.782125839417339750e+15
1.276750704319265690e-02 1.780142184305206750e+15
1.282649830528060503e-02 1.778142069965863250e+15
1.288576213185517981e-02 1.776125377912405500e+15
1.294529978227915330e-02 1.774091989142438000e+15
1.300511252173409266e-02 1.772041784142221250e+15
1.306520162124721190e-02 1.769974642890875250e+15
1.312556835771843365e-02 1.767890444864701500e+15
1.318621401394748545e-02 1.765789069041579250e+15
1.324713987866116792e-02 1.763670393905427750e+15
1.330834724654075471e-02 1.761534297450785000e+15
1.336983741824946531e-02 1.759380657187386250e+15
1.343161170046015991e-02 1.757209350144872750e+15
1.349367140588306549e-02 1.755020252877486750e+15
1.355601785329368231e-02 1.752813241468858250e+15
1.361865236756082051e-02 1.750588191536791750e+15
1.368157627967471826e-02 1.748344978238099250e+15
1.374479092677537324e-02 1.746083492340150250e+15
1.380829765218092274e-02 1.743803600265307000e+15
1.387209780541620238e-02 1.741505170844306000e+15
1.393619274224142807e-02 1.739188077844314500e+15
1.400058382468097502e-02 1.736852194640386750e+15
1.406527242105237024e-02 1.734497394224438250e+15
1.413025990599533696e-02 1.732123549214495750e+15
1.419554766050101606e-02 1.729730531864209500e+15
1.426113707194128985e-02 1.727318214072667250e+15
1.432702953409830879e-02 1.724886467394453500e+15
1.439322644719407199e-02 1.722435163050035750e+15
1.445972921792019507e-02 1.719964171936402750e+15
1.452653925946781159e-02 1.717473364638054750e+15
1.459365799155756989e-02 1.714962611438243250e+15
1.466108684046984502e-02 1.712431782330538750e+15
1.472882723907502529e-02 1.709880747030730250e+15
1.479688062686396362e-02 1.707309374989008750e+15
1.486524844997857107e-02 1.704717535402494000e+15
1.493393216124252500e-02 1.702105097228099000e+15
1.500293322019218348e-02 1.699471929195692750e+15
1.507225309310756232e-02 1.696817899821649000e+15
1.514189325304352018e-02 1.694142877422697250e+15
1.521185517986104775e-02 1.691446730130152000e+15
1.528214036025870096e-02 1.688729325904483000e+15
1.535275028780422671e-02 1.685990532550254250e+15
1.542368646296628232e-02 1.683230217731422500e+15
1.549495039314631624e-02 1.680448248987014000e+15
1.556654359271062056e-02 1.677644493747174750e+15
1.563846758302247023e-02 1.674818819349609500e+15
1.571072389247450338e-02 1.671971093056406750e+15
1.578331405652117284e-02 1.669101182071255750e+15
1.585623961771137277e-02 1.666208953557071500e+15
1.592950212572123020e-02 1.663294274654023750e+15
1.600310313738700918e-02 1.660357012497977000e+15
1.607704421673823714e-02 1.657397034239348750e+15
1.615132693503090397e-02 1.654414207062400250e+15
1.622595287078087284e-02 1.651408398204946750e+15
1.630092360979741237e-02 1.648379474978518500e+15
1.637624074521688150e-02 1.645327304788948750e+15
1.645190587753662601e-02 1.642251755157421500e+15
1.652792061464894782e-02 1.639152693741976750e+15
1.660428657187529647e-02 1.636029988359468750e+15
1.668100537200059227e-02 1.632883507008000000e+15
1.675807864530767799e-02 1.629713117889822000e+15
1.683550802961202367e-02 1.626518689434724250e+15
1.691329517029648011e-02 1.623300090323901000e+15
1.699144172034626130e-02 1.620057189514321500e+15
1.706994934038407949e-02 1.616789856263591250e+15
1.714881969870540174e-02 1.613497960155320750e+15
1.722805447131393886e-02 1.610181371125012500e+15
1.730765534195724889e-02 1.606839959486453500e+15
1.738762400216250364e-02 1.603473595958645750e+15
1.746796215127245644e-02 1.600082151693265500e+15
1.754867149648151048e-02 1.596665498302644750e+15
1.762975375287205784e-02 1.593223507888331500e+15
1.771121064345087745e-02 1.589756053070146250e+15
1.779304389918577242e-02 1.586263007015860250e+15
1.787525525904235316e-02 1.582744243471379750e+15
1.795784647002095918e-02 1.579199636791533750e+15
1.804081928719382735e-02 1.575629061971428000e+15
1.812417547374236756e-02 1.572032394678378000e+15
1.820791680099462587e-02 1.568409511284429750e+15
1.829204504846293836e-02 1.564760288899486500e+15
1.837656200388171346e-02 1.561084605405020500e+15
1.846146946324547441e-02 1.557382339488404500e+15
1.854676923084698503e-02 1.553653370677849250e+15
1.863246311931559748e-02 1.549897579377964750e+15
1.871855294965579092e-02 1.546114846905943250e+15
1.880504055128582458e-02 1.542305055528375750e+15
1.889192776207666499e-02 1.538468088498711250e+15
1.897921642839100337e-02 1.534603830095345750e+15
1.906690840512251933e-02 1.530712165660373750e+15
1.915500555573527997e-02 1.526792981638988000e+15
1.924350975230331232e-02 1.522846165619544250e+15
1.933242287555045347e-02 1.518871606374287250e+15
1.942174681489025612e-02 1.514869193900753000e+15
1.951148346846616477e-02 1.510838819463844000e+15
1.960163474319185847e-02 1.506780375638589500e+15
1.969220255479172538e-02 1.502693756353601250e+15
1.978318882784164262e-02 1.498578856935199250e+15
1.987459549580982907e-02 1.494435574152268750e+15
1.996642450109793396e-02 1.490263806261785000e+15
2.005867779508234069e-02 1.486063453055072500e+15
2.015135733815557467e-02 1.481834415904766250e+15
2.024446509976803726e-02 1.477576597812480250e+15
2.033800305846980919e-02 1.473289903457221500e+15
2.043197320195270367e-02 1.468974239244497000e+15
2.052637752709252084e-02 1.464629513356178250e+15
2.062121803999143396e-02 1.460255635801079750e+15
2.071649675602068794e-02 1.455852518466285250e+15
2.081221569986338102e-02 1.451420075169205250e+15
2.090837690555749986e-02 1.446958221710383250e+15
2.100498241653915230e-02 1.442466875927043000e+15
2.110203428568595621e-02 1.437945957747393500e+15
2.119953457536070951e-02 1.433395389245674250e+15
2.129748535745519880e-02 1.428815094697954000e+15
2.139588871343421628e-02 1.424205000638704250e+15
2.149474673437980557e-02 1.419565035918101500e+15
2.159406152103566373e-02 1.414895131760110000e+15
2.169383518385184506e-02 1.410195221821317500e+15
2.179406984302954819e-02 1.405465242250525000e+15
2.189476762856620851e-02 1.400705131749117250e+15
2.199593068030074663e-02 1.395914831632169500e+15
2.209756114795902171e-02 1.391094285890342500e+15
2.219966119119954825e-02 1.386243441252519750e+15
2.230223297965937615e-02 1.381362247249211750e+15
2.240527869300018224e-02 1.376450656276726750e+15
2.250880052095461867e-02 1.371508623662093750e+15
2.261280066337278266e-02 1.366536107728737250e+15
2.271728133026905058e-02 1.361533069862923750e+15
2.282224474186897445e-02 1.356499474580936500e+15
2.292769312865648723e-02 1.351435289597024250e+15
2.303362873142131284e-02 1.346340485892074750e+15
2.314005380130652878e-02 1.341215037783041500e+15
2.324697059985647921e-02 1.336058922993105250e+15
2.335438139906479207e-02 1.330872122722567750e+15
2.346228848142262527e-02 1.325654621720467500e+15
2.357069413996727703e-02 1.320406408356927500e+15
2.367960067833077553e-02 1.315127474696204000e+15
2.378901041078893344e-02 1.309817816570456250e+15
2.389892566231050300e-02 1.304477433654202500e+15
2.400934876860651851e-02 1.299106329539482750e+15
2.412028207618006903e-02 1.293704511811693000e+15
2.423172794237599473e-02 1.288271992126101500e+15
2.434368873543110365e-02 1.282808786285020750e+15
2.445616683452446483e-02 1.277314914315641000e+15
2.456916462982790261e-02 1.271790400548503000e+15
2.468268452255692469e-02 1.266235273696596500e+15
2.479672892502158763e-02 1.260649566935088750e+15
2.491130026067788633e-02 1.255033317981640000e+15
2.502640096417919208e-02 1.249386569177325500e+15
2.514203348142796460e-02 1.243709367568123500e+15
2.525820026962784584e-02 1.238001764986961250e+15
2.537490379733570514e-02 1.232263818136320500e+15
2.549214654451423256e-02 1.226495588671346750e+15
2.560993100258459471e-02 1.220697143283480000e+15
2.572825967447933335e-02 1.214868553784578500e+15
2.584713507469563881e-02 1.209009897191496500e+15
2.596655972934871007e-02 1.203121255811130250e+15
2.608653617622547910e-02 1.197202717325874750e+15
2.620706696483852613e-02 1.191254374879496250e+15
2.632815465648021339e-02 1.185276327163384500e+15
2.644980182427720053e-02 1.179268678503153750e+15
2.657201105324505375e-02 1.173231538945589750e+15
2.669478494034320873e-02 1.167165024345884750e+15
2.681812609453015570e-02 1.161069256455171750e+15
2.694203713681883605e-02 1.154944363008288500e+15
2.706652070033241375e-02 1.148790477811768750e+15
2.719157943036017502e-02 1.142607740832027750e+15
2.731721598441376117e-02 1.136396298283696750e+15
2.744343303228365463e-02 1.130156302718082500e+15
2.757023325609583853e-02 1.123887913111728875e+15
2.769761935036891068e-02 1.117591294955013875e+15
2.782559402207124277e-02 1.111266620340782125e+15
2.795415999067856622e-02 1.104914068052946125e+15
2.808331998823172457e-02 1.098533823655039625e+15
2.821307675939472084e-02 1.092126079578663750e+15
2.834343306151309444e-02 1.085691035211794625e+15
2.847439166467246457e-02 1.079228896986912875e+15
2.860595535175742068e-02 1.072739878468898875e+15
2.873812691851066262e-02 1.066224200442659875e+15
2.887090917359236286e-02 1.059682091000439750e+15
2.900430493863991738e-02 1.053113785628747500e+15
2.913831704832786987e-02 1.046519527294887625e+15
2.927294835042815874e-02 1.039899566533002625e+15
2.940820170587063812e-02 1.033254161529604250e+15
2.954407998880381400e-02 1.026583578208531250e+15
2.968058608665602449e-02 1.019888090315260500e+15
2.981772290019671715e-02 1.013167979500548875e+15
2.995549334359813229e-02 1.006423535403312000e+15
3.009390034449721182e-02 9.996550557327043750e+14
3.023294684405777866e-02 9.928628463493293750e+14
3.037263579703311511e-02 9.860472213455086250e+14
3.051297017182869400e-02 9.792085031245627500e+14
3.065395295056526706e-02 9.723470224790240000e+14
3.079558712914226559e-02 9.654631186677161250e+14
3.093787571730138158e-02 9.585571394916335000e+14
3.108082173869063797e-02 9.516294413685415000e+14
3.122442823092856298e-02 9.446803894062370000e+14
3.136869824566876352e-02 9.377103574743830000e+14
3.151363484866478992e-02 9.307197282748405000e+14
3.165924111983522277e-02 9.237088934104365000e+14
3.180552015332920035e-02 9.166782534520608750e+14
3.195247505759211959e-02 9.096282180040347500e+14
3.210010895543171511e-02 9.025592057676535000e+14
3.224842498408442282e-02 8.954716446028242500e+14
3.239742629528197249e-02 8.883659715877143750e+14
3.254711605531847990e-02 8.812426330763091250e+14
3.269749744511766393e-02 8.741020847538057500e+14
3.284857366030043829e-02 8.669447916897432500e+14
3.300034791125285027e-02 8.597712283887697500e+14
3.315282342319424841e-02 8.525818788389646250e+14
3.330600343624588733e-02 8.453772365576066250e+14
3.345989120549973384e-02 8.381578046342960000e+14
3.361449000108764767e-02 8.309240957713258750e+14
3.376980310825091619e-02 8.236766323212086250e+14
3.392583382740993470e-02 8.164159463212480000e+14
3.408258547423451829e-02 8.091425795250410000e+14
3.424006137971424141e-02 8.018570834308323750e+14
3.439826489022924233e-02 7.945600193065827500e+14
3.455719936762139538e-02 7.872519582116530000e+14
3.471686818926561502e-02 7.799334810150023750e+14
3.487727474814177747e-02 7.726051784097672500e+14
3.503842245290673951e-02 7.652676509241206250e+14
3.520031472796678745e-02 7.579215089282981250e+14
3.536295501355042614e-02 7.505673726376615000e+14
3.552634676578141082e-02 7.432058721116940000e+14
3.569049345675229939e-02 7.358376472487898750e+14
3.585539857459817126e-02 7.284633477767461250e+14
3.602106562357069997e-02 7.210836332388013750e+14
3.618749812411280187e-02 7.136991729751151250e+14
3.635469961293319452e-02 7.063106460995745000e+14
3.652267364308175307e-02 6.989187414717758750e+14
3.669142378402494298e-02 6.915241576640688750e+14
3.686095362172157885e-02 6.841276029235511250e+14
3.703126675869927026e-02 6.767297951288428750e+14
3.720236681413068014e-02 6.693314617415695000e+14
3.737425742391064371e-02 6.619333397523691250e+14
3.754694224073337055e-02 6.545361756213276250e+14
3.772042493416997294e-02 6.471407252127060000e+14
3.789470919074667404e-02 6.397477537238061250e+14
3.806979871402285664e-02 6.323580356078896250e+14
3.824569722466999305e-02 6.249723544909637500e+14
3.842240846055060971e-02 6.175915030823463750e+14
3.859993617679767508e-02 6.102162830788563750e+14
3.877828414589457040e-02 6.028475050625013750e+14
3.895745615775503268e-02 5.954859883915411250e+14
3.913745601980384015e-02 5.881325610847840000e+14
3.931828755705769896e-02 5.807880596989922500e+14
3.949995461220642823e-02 5.734533291992725000e+14
3.968246104569481819e-02 5.661292228223052500e+14
3.986581073580440504e-02 5.588166019323155000e+14
4.005000757873611317e-02 5.515163358696210000e+14
4.023505548869293208e-02 5.442293017916715625e+14
4.042095839796305823e-02 5.369563845064259375e+14
4.060772025700365440e-02 5.296984762979575625e+14
4.079534503452451194e-02 5.224564767441794375e+14
4.098383671757261509e-02 5.152312925265426875e+14
4.117319931161678853e-02 5.080238372316217500e+14
4.136343684063273352e-02 5.008350311444615625e+14
4.155455334718875099e-02 4.936658010335627500e+14
4.174655289253136753e-02 4.865170799274340000e+14
4.193943955667186335e-02 4.793898068825605625e+14
4.213321743847289053e-02 4.722849267427258750e+14
4.232789065573548670e-02 4.652033898895690000e+14
4.252346334528681743e-02 4.581461519842867500e+14
4.271993966306778662e-02 4.511141737004010625e+14
4.291732378422157684e-02 4.441084204474870000e+14
4.311561990318228677e-02 4.371298620857986875e+14
4.331483223376398489e-02 4.301794726317126250e+14
4.351496500925049887e-02 4.232582299538971875e+14
4.371602248248504519e-02 4.163671154601865000e+14
4.391800892596085804e-02 4.095071137750431875e+14
4.412092863191190151e-02 4.026792124076032500e+14
4.432478591240395643e-02 3.958844014102303750e+14
4.452958509942655380e-02 3.891236730275318750e+14
4.473533054498465139e-02 3.823980213358334375e+14
4.494202662119142072e-02 3.757084418730435000e+14
4.514967772036102001e-02 3.690559312589188750e+14
4.535828825510185985e-02 3.624414868057055625e+14
4.556786265841063915e-02 3.558661061191423125e+14
4.577840538376618668e-02 3.493307866898590625e+14
4.598992090522438514e-02 3.428365254751409375e+14
4.620241371751312998e-02 3.363843184711192500e+14
4.641588833612777382e-02 3.299751602753971875e+14
4.663034929742731344e-02 3.236100436401483125e+14
4.684580115873047956e-02 3.172899590157657500e+14
4.706224849841281199e-02 3.110158940850838750e+14
4.727969591600390820e-02 3.047888332874219375e+14
4.749814803228499804e-02 2.986097573375543750e+14
4.771760948938745528e-02 2.924796427273418750e+14
4.793808495089109389e-02 2.863994612263111250e+14
4.815957910192350533e-02 2.803701793693858750e+14
4.838209664925956915e-02 2.743927579365878438e+14
4.860564232142133845e-02 2.684681514240793750e+14
4.883022086877879947e-02 2.625973075066937812e+14
4.905583706365047869e-02 2.567811664921550625e+14
4.928249570040513228e-02 2.510206607671316875e+14
4.951020159556351191e-02 2.453167142353588750e+14
4.973895958790062327e-02 2.396702417480247500e+14
4.996877453854883799e-02 2.340821485266456250e+14
5.019965133110081829e-02 2.285533295786974688e+14
5.043159487171358646e-02 2.230846691062328750e+14
5.066461008921268466e-02 2.176770399077822812e+14
5.089870193519679953e-02 2.123313027738262500e+14
5.113387538414326111e-02 2.070483058761358125e+14
5.137013543351340999e-02 2.018288841513291250e+14
5.160748710385907462e-02 1.966738586789636562e+14
5.184593543892913187e-02 1.915840360545404375e+14
5.208548550577660197e-02 1.865602077577968125e+14
5.232614239486661767e-02 1.816031495166692188e+14
5.256791122018421997e-02 1.767136206673688125e+14
5.281079711934331261e-02 1.718923635109705625e+14
5.305480525369574152e-02 1.671401026669929688e+14
5.329994080844088072e-02 1.624575444244271250e+14
5.354620899273607876e-02 1.578453760907026875e+14
5.379361503980700093e-02 1.533042653391118125e+14
5.404216420705915125e-02 1.488348595552024375e+14
5.429186177618942899e-02 1.444377851827043750e+14
5.454271305329833758e-02 1.401136470695447188e+14
5.479472336900287344e-02 1.358630278145416875e+14
5.504789807854970629e-02 1.316864871153869844e+14
5.530224256192900478e-02 1.275845611185385469e+14
5.555776222398877556e-02 1.235577617716682656e+14
5.581446249454963954e-02 1.196065761793351562e+14
5.607234882852032976e-02 1.157314659625600625e+14
5.633142670601355012e-02 1.119328666230129531e+14
5.659170163246242391e-02 1.082111869125311875e+14
5.685317913873753209e-02 1.045668082087110156e+14
5.711586478126431943e-02 1.010000838973351875e+14
5.737976414214134013e-02 9.751133876240881250e+13
5.764488282925876034e-02 9.410086838460792188e+13
5.791122647641758214e-02 9.076893854894996875e+13
5.817880074344935343e-02 8.751578466251857812e+13
5.844761131633634255e-02 8.434161118309470312e+13
5.871766390733255264e-02 8.124659105955070312e+13
5.898896425508496494e-02 7.823086518489759375e+13
5.926151812475552449e-02 7.529454186287506250e+13
5.953533130814370189e-02 7.243769628899457812e+13
5.981040962380940879e-02 6.966037004696329688e+13
6.008675891719687107e-02 6.696257062141978906e+13
6.036438506075866850e-02 6.434427092793685938e+13
6.064329395408061402e-02 6.180540886124732031e+13
6.092349152400711870e-02 5.934588686266524219e+13
6.120498372476699395e-02 5.696557150768392188e+13
6.148777653810023197e-02 5.466429311473401562e+13
6.177187597338491126e-02 5.244184537610486719e+13
6.205728806776500406e-02 5.029798501202311719e+13
6.234401888627864180e-02 4.823243144889971875e+13
6.263207452198689407e-02 4.624486652275306250e+13
6.292146109610344262e-02 4.433493420881754688e+13
6.321218475812451221e-02 4.250224037835460938e+13
6.350425168595962011e-02 4.074635258367185156e+13
6.379766808606282535e-02 3.906679987236292188e+13
6.409244019356453992e-02 3.746307263176967969e+13
6.438857427240420039e-02 3.593462246466498438e+13
6.468607661546327270e-02 3.448086209714842578e+13
6.498495354469888130e-02 3.310116531973435156e+13
6.528521141127847927e-02 3.179486696259976562e+13
6.558685659571432403e-02 3.056126290595333594e+13
6.588989550799949357e-02 2.939961012645774219e+13
6.619433458774394430e-02 2.830912678063419141e+13
6.650018030431117944e-02 2.728899232614929297e+13
6.680743915695615265e-02 2.633834768186185156e+13
6.711611767496283854e-02 2.545629542749115234e+13
6.742622241778342684e-02 2.464190004372878516e+13
6.773775997517751668e-02 2.389418819359901172e+13
6.805073696735206012e-02 2.321214904583268359e+13
6.836516004510238831e-02 2.259473464098801172e+13
6.868103588995304321e-02 2.204086030101724219e+13
6.899837121430017761e-02 2.154940508293259375e+13
6.931717276155408003e-02 2.111921227718968750e+13
6.963744730628222690e-02 2.074908995135676953e+13
6.995920165435375038e-02 2.043781153959174219e+13
7.028244264308348976e-02 2.018411647840074609e+13
7.060717714137772216e-02 1.998671089122471484e+13
7.093341204987996251e-02 1.984426830932730469e+13
7.126115430111745752e-02 1.975543046179260156e+13
7.159041085964888695e-02 1.971880809116889844e+13
7.192118872221189840e-02 1.973298182798716797e+13
7.225349491787214085e-02 1.979650310940252734e+13
7.258733650817253413e-02 1.990789515357473047e+13
7.292272058728312134e-02 2.006565396609476562e+13
7.325965428215229502e-02 2.026824941031691797e+13
7.359814475265767653e-02 2.051412631712134766e+13
7.393819919175866062e-02 2.080170564367854688e+13
7.427982482564918221e-02 2.112938567920329688e+13
7.462302891391107973e-02 2.149554329726010938e+13
7.496781874966876313e-02 2.189853525409389844e+13
7.531420165974371528e-02 2.233669953236595703e+13
7.566218500481054765e-02 2.280835672958513672e+13
7.601177617955330590e-02 2.331181149042473047e+13
7.636298261282241373e-02 2.384535398201958594e+13
7.671581176779301847e-02 2.440726141123803516e+13
7.707027114212298968e-02 2.499579958281853906e+13
7.742636826811269413e-02 2.560922449716163281e+13
7.778411071286489564e-02 2.624578398645824609e+13
7.814350607844541829e-02 2.690371938773066016e+13
7.850456200204508628e-02 2.758126725125578125e+13
7.886728615614152504e-02 2.827666108272672656e+13
7.923168624866253062e-02 2.898813311740524609e+13
7.959777002314985528e-02 2.971391612440155469e+13
7.996554525892346499e-02 3.045224523910894922e+13
8.033501977124735127e-02 3.120135982171222656e+13
8.070620141149503768e-02 3.195950533957194141e+13
8.107909806731686264e-02 3.272493527118284766e+13
8.145371766280745662e-02 3.349591302928930078e+13
8.183006815867389927e-02 3.427071390063310547e+13
8.220815755240540312e-02 3.504762699970450781e+13
8.258799387844267814e-02 3.582495723375332031e+13
8.296958520834907258e-02 3.660102727622166406e+13
8.335293965098194979e-02 3.737417954564996094e+13
8.373806535266489770e-02 3.814277818701218750e+13
8.412497049736118726e-02 3.890521105233921094e+13
8.451366330684717543e-02 3.965989167739214062e+13
8.490415204088747059e-02 4.040526125106348438e+13
8.529644499741025065e-02 4.113979057409198438e+13
8.569055051268346934e-02 4.186198200359881250e+13
8.608647696149245021e-02 4.257037137987653125e+13
8.648423275731721704e-02 4.326352993178708594e+13
8.688382635251183650e-02 4.394006615706477344e+13
8.728526623848380239e-02 4.459862767375378906e+13
8.768856094587426653e-02 4.523790303896258594e+13
8.809371904473990711e-02 4.585662353106680469e+13
8.850074914473433918e-02 4.645356489145389062e+13
8.890965989529157898e-02 4.702754902187307812e+13
8.932045998580968871e-02 4.757744563342786719e+13
8.973315814583519845e-02 4.810217384323519531e+13
9.014776314524917955e-02 4.860070371476933594e+13
9.056428379445288779e-02 4.907205773791008594e+13
9.098272894455558535e-02 4.951531224473057812e+13
9.140310748756232118e-02 4.992959875708002344e+13
9.182542835656282154e-02 5.031410526205239844e+13
9.224970052592174063e-02 5.066807741147535938e+13
9.267593301146878626e-02 5.099081964160872656e+13
9.310413487069074678e-02 5.128169620930908594e+13
9.353431520292386503e-02 5.154013214099539062e+13
9.396648314954690606e-02 5.176561409084057812e+13
9.440064789417602908e-02 5.195769110471728125e+13
9.483681866285922912e-02 5.211597528653909375e+13
9.527500472427290201e-02 5.224014236376983594e+13
9.571521538991865918e-02 5.232993214900921875e+13
9.615746001432096124e-02 5.238514889471993750e+13
9.660174799522645850e-02 5.240566153832609375e+13
9.704808877380301235e-02 5.239140383509132812e+13
9.749649183484086767e-02 5.234237437637792188e+13
9.794696670695395013e-02 5.225863649109388281e+13
9.839952296278231536e-02 5.214031802835027344e+13
9.885417021919573610e-02 5.198761101958436719e+13
9.931091813749795549e-02 5.180077121864587500e+13
9.976977642363200893e-02 5.158011751859911719e+13
1.002307548283865452e-01 5.132603124426013281e+13
1.006938631476027579e-01 5.103895531976951562e+13
1.011591112223829692e-01 5.071939331078772656e+13
1.016265089392994619e-01 5.036790834120482812e+13
1.020960662306046457e-01 4.998512188456352344e+13
1.025677930744421928e-01 4.957171243071871094e+13
1.030416994950588000e-01 4.912841402363796875e+13
1.035177955630176283e-01 4.865601470141847656e+13
1.039960913954119798e-01 4.815535476482235938e+13
1.044765971560804169e-01 4.762732497719957812e+13
1.049593230558227702e-01 4.707286462181489844e+13
1.054442793526168959e-01 4.649295944986893750e+13
1.059314763518370006e-01 4.588863951704066406e+13
1.064209244064724114e-01 4.526097691189609375e+13
1.069126339173476076e-01 4.461108337987560938e+13
1.074066153333433360e-01 4.394010784950503125e+13
1.079028791516184194e-01 4.324923384959290625e+13
1.084014359178330916e-01 4.253967686227753906e+13
1.089022962263729993e-01 4.181268156266025781e+13
1.094054707205742438e-01 4.106951899219422656e+13
1.099109700929497280e-01 4.031148365477026562e+13
1.104188050854160719e-01 3.953989054462200781e+13
1.109289864895222771e-01 3.875607211262950781e+13
1.114415251466787521e-01 3.796137517792846875e+13
1.119564319483878218e-01 3.715715779204082031e+13
1.124737178364751955e-01 3.634478606304260156e+13
1.129933938033222257e-01 3.552563094756778906e+13
1.135154708920999012e-01 3.470106501870873438e+13
1.140399601970032428e-01 3.387245921812371094e+13
1.145668728634871431e-01 3.304117960088457812e+13
1.150962200885032316e-01 3.220858408180148047e+13
1.156280131207376022e-01 3.137601919214187500e+13
1.161622632608501904e-01 3.054481685581301172e+13
1.166989818617146929e-01 2.971629119420759375e+13
1.172381803286598606e-01 2.889173536900877344e+13
1.177798701197119297e-01 2.807241847232098828e+13
1.183240627458378574e-01 2.725958247353296875e+13
1.188707697711903349e-01 2.645443923232313672e+13
1.194200028133531877e-01 2.565816758719439453e+13
1.199717735435884280e-01 2.487191052886049219e+13
1.205260936870842653e-01 2.409677246771232812e+13
1.210829750232040036e-01 2.333381660445939062e+13
1.216424293857368000e-01 2.258406241287033984e+13
1.222044686631488103e-01 2.184848324333355859e+13
1.227691047988359180e-01 2.112800405571074609e+13
1.233363497913776002e-01 2.042349928967541016e+13
1.239062156947916271e-01 1.973579088040801172e+13
1.244787146187906202e-01 1.906564642715849609e+13
1.250538587290390691e-01 1.841377752179376953e+13
1.256316602474120692e-01 1.778083824401008594e+13
1.262121314522547388e-01 1.716742382942242383e+13
1.267952846786434551e-01 1.657406951623400781e+13
1.273811323186478384e-01 1.600124957564956055e+13
1.279696868215940975e-01 1.544937653061948242e+13
1.285609606943295680e-01 1.491880056689511914e+13
1.291549665014883885e-01 1.440980913973752148e+13
1.297517168657587594e-01 1.392262677895509961e+13
1.303512244681508947e-01 1.345741509425382031e+13
1.309535020482666956e-01 1.301427298216424609e+13
1.315585624045704505e-01 1.259323703507272461e+13
1.321664183946605065e-01 1.219428215212483008e+13
1.327770829355429671e-01 1.181732235099461523e+13
1.333905690039058622e-01 1.146221177872768359e+13
1.340068896363950102e-01 1.112874591906748828e+13
1.346260579298910465e-01 1.081666299287190039e+13
1.352480870417875347e-01 1.052564554742134180e+13
1.358729901902709924e-01 1.025532222961434180e+13
1.365007806546013891e-01 1.000526973724791406e+13
1.371314717753944756e-01 9.775014941787798828e+12
1.377650769549054188e-01 9.564037175257138672e+12
1.384016096573131571e-01 9.371770673111519531e+12
1.390410834090070324e-01 9.197607164228550781e+12
1.396835117988739772e-01 9.040898598428314453e+12
1.403289084785872554e-01 8.900960006992837891e+12
1.409772871628967028e-01 8.777072445114581055e+12
1.416286616299198831e-01 8.668486125207541992e+12
1.422830457214352695e-01 8.574423528218023438e+12
1.429404533431760937e-01 8.494082681086551758e+12
1.436008984651259979e-01 8.426640466812806641e+12
1.442643951218157972e-01 8.371255993773355469e+12
1.449309574126216582e-01 8.327074004692993164e+12
1.456005995020649424e-01 8.293228311109384766e+12
1.462733356201129931e-01 8.268845238936859375e+12
1.469491800624816435e-01 8.253047070569023438e+12
1.476281471909390297e-01 8.244955468862710938e+12
1.483102514336104294e-01 8.243694868320781250e+12
1.489955072852854334e-01 8.248395818839452148e+12
1.496839293077255606e-01 8.258198267509239258e+12
1.503755321299737602e-01 8.272254764157836914e+12
1.510703304486654963e-01 8.289733576599196289e+12
1.517683390283405265e-01 8.309821701905559570e+12
1.524695727017573721e-01 8.331727760448404297e+12
1.531740463702079835e-01 8.354684759958568359e+12
1.538817750038345700e-01 8.377952717435041992e+12
1.545927736419477616e-01 8.400821127382969727e+12
1.553070573933459930e-01 8.422611265583184570e+12
1.560246414366368850e-01 8.442678318384208984e+12
1.567455410205594868e-01 8.460413328360705078e+12
1.574697714643086000e-01 8.475244948095215820e+12
1.581973481578600738e-01 8.486640994808755859e+12
1.589282865622977936e-01 8.494109799585766602e+12
1.596626022101425846e-01 8.497201346004239258e+12
1.604003107056820032e-01 8.495508194087262695e+12
1.611414277253019056e-01 8.488666186631652344e+12
1.618859690178198474e-01 8.476354936135731445e+12
1.626339504048192330e-01 8.458298091735584961e+12
1.633853877809861299e-01 8.434263386759313477e+12
1.641402971144466372e-01 8.404062468715098633e+12
1.648986944471065030e-01 8.367550514733376953e+12
1.656605958949914359e-01 8.324625636678188477e+12
1.664260176485903575e-01 8.275228081319958008e+12
1.671949759731989338e-01 8.219339232114174805e+12
1.679674872092653259e-01 8.156980420248359375e+12
1.687435677727375793e-01 8.088211553696990234e+12
1.695232341554120392e-01 8.013129574051966797e+12
1.703065029252844309e-01 7.931866751867032227e+12
1.710933907269014398e-01 7.844588832162377930e+12
1.718839142817145671e-01 7.751493042571238281e+12
1.726780903884355955e-01 7.652805977369426758e+12
1.734759359233931653e-01 7.548781371303416016e+12
1.742774678408919031e-01 7.439697767713197266e+12
1.750827031735724126e-01 7.325856165979182617e+12
1.758916590327732621e-01 7.207577453568734375e+12
1.767043526088946659e-01 7.085199988540706055e+12
1.775208011717634982e-01 6.959076998185244141e+12
1.783410220710008043e-01 6.829574019845704102e+12
1.791650327363900341e-01 6.697066329791607422e+12
1.799928506782476345e-01 6.561936385911519531e+12
1.808244934877951682e-01 6.424571299738678711e+12
1.816599788375327651e-01 6.285360352963875977e+12
1.824993244816152382e-01 6.144692573124447266e+12
1.833425482562289766e-01 6.002954382591549805e+12
1.841896680799710861e-01 5.860527334310029297e+12
1.850407019542302245e-01 5.717785946984856445e+12
1.858956679635687392e-01 5.575095651557672852e+12
1.867545842761076103e-01 5.432810859884788086e+12
1.876174691439120579e-01 5.291273165520862305e+12
1.884843409033795381e-01 5.150809685437250000e+12
1.893552179756295140e-01 5.011731550370665039e+12
1.902301188668944765e-01 4.874332550314657227e+12
1.911090621689137958e-01 4.738887940442822266e+12
1.919920665593283782e-01 4.605653411499760742e+12
1.928791508020777645e-01 4.474864227422708984e+12
1.937703337477988952e-01 4.346734531674962402e+12
1.946656343342262341e-01 4.221456822492317871e+12
1.955650715865949185e-01 4.099201595976210449e+12
1.964686646180445473e-01 3.980117154723569824e+12
1.973764326300255501e-01 3.864329578473177246e+12
1.982883949127071388e-01 3.751942852082864746e+12
1.992045708453870356e-01 3.643039145040492188e+12
2.001249798969036986e-01 3.537679235663828125e+12
2.010496416260497965e-01 3.435903072169644043e+12
2.019785756819878486e-01 3.337730461897762695e+12
2.029118018046678074e-01 3.243161879169545410e+12
2.038493398252463062e-01 3.152179381549088379e+12
2.047912096665085446e-01 3.064747623663873535e+12
2.057374313432912549e-01 2.980814957235765625e+12
2.066880249629081956e-01 2.900314605575329590e+12
2.076430107255774760e-01 2.823165900505878906e+12
2.086024089248503799e-01 2.749275569509502930e+12
2.095662399480432980e-01 2.678539060825409180e+12
2.105345242766704927e-01 2.610841894281321289e+12
2.115072824868794721e-01 2.546061025797871094e+12
2.124845352498882789e-01 2.484066213772233398e+12
2.134663033324244452e-01 2.424721375915241211e+12
2.144526075971667500e-01 2.367885925581100586e+12
2.154434690031883370e-01 2.313416077184479980e+12
2.164389086064020251e-01 2.261166110938067383e+12
2.174389475600080057e-01 2.210989587858150391e+12
2.184436071149427339e-01 2.162740506766023926e+12
2.194529086203313717e-01 2.116274395850673584e+12
2.204668735239408706e-01 2.071449332243489746e+12
2.214855233726359396e-01 2.028126883977516113e+12
2.225088798128369294e-01 1.986172969652460205e+12
2.235369645909795477e-01 1.945458632091135986e+12
2.245697995539774061e-01 1.905860723242534424e+12
2.256074066496860375e-01 1.867262498551289307e+12
2.266498079273693844e-01 1.829554119961865234e+12
2.276970255381680075e-01 1.792633067649180908e+12
2.287490817355702921e-01 1.756404461455774170e+12
2.298059988758850980e-01 1.720781293860263672e+12
2.308677994187168514e-01 1.685684577095032471e+12
2.319345059274428578e-01 1.651043407764867432e+12
2.330061410696924740e-01 1.616794952986986084e+12
2.340827276178293059e-01 1.582884362670556641e+12
2.351642884494348495e-01 1.549264613076504883e+12
2.362508465477946296e-01 1.515896287242118164e+12
2.373424250023867532e-01 1.482747298218083252e+12
2.384390470093720460e-01 1.449792561346404785e+12
2.395407358720878233e-01 1.417013622006140869e+12
2.406475150015424114e-01 1.384398245371177734e+12
2.417594079169129717e-01 1.351939974761824463e+12
2.428764382460451843e-01 1.319637665133139893e+12
2.439986297259550130e-01 1.287494998131029785e+12
2.451260062033338571e-01 1.255519984967282471e+12
2.462585916350546744e-01 1.223724463121358643e+12
2.473964100886812956e-01 1.192123592577121094e+12
2.485394857429799875e-01 1.160735356951705566e+12
2.496878428884326817e-01 1.129580074479756348e+12
2.508415059277540049e-01 1.098679923385282959e+12
2.520004993764092260e-01 1.068058485713660400e+12
2.531648478631354227e-01 1.037740313214636597e+12
2.543345761304649510e-01 1.007750518371246704e+12
2.555097090352507205e-01 9.781143931670693359e+11
2.566902715491950482e-01 9.488570576804545898e+11
2.578762887593800679e-01 9.200031400989465332e+11
2.590677858688007484e-01 8.915764892624202881e+11
2.602647881969005761e-01 8.635999203793292236e+11
2.614673211801092356e-01 8.360949941179055176e+11
2.626754103723836775e-01 8.090818288610677490e+11
2.638890814457510170e-01 7.825789455318804932e+11
2.651083601908537646e-01 7.566031440496301270e+11
2.663332725174982207e-01 7.311694101671119385e+11
2.675638444552045359e-01 7.062908511694543457e+11
2.688001021537606006e-01 6.819786586844436035e+11
2.700420718837772682e-01 6.582420966645865479e+11
2.712897800372465751e-01 6.350885124513609619e+11
2.725432531281029025e-01 6.125233687217166748e+11
2.738025177927857490e-01 5.905502940443209229e+11
2.750676007908066101e-01 5.691711497363028564e+11
2.763385290053169685e-01 5.483861107086677856e+11
2.776153294436799479e-01 5.281937580155335693e+11
2.788980292380440762e-01 5.085911808804227295e+11
2.801866556459195468e-01 4.895740860516134033e+11
2.814812360507579769e-01 4.711369124432069092e+11
2.827817979625341094e-01 4.532729491389682007e+11
2.840883690183302890e-01 4.359744549725438843e+11
2.854009769829238818e-01 4.192327780458042603e+11
2.867196497493769702e-01 4.030384737039083252e+11
2.880444153396296558e-01 3.873814196481499634e+11
2.893753019050950281e-01 3.722509270330159302e+11
2.907123377272576858e-01 3.576358465594196167e+11
2.920555512182746449e-01 3.435246687395709839e+11
2.934049709215786894e-01 3.299056176682113647e+11
2.947606255124857189e-01 3.167667377881707764e+11
2.961225437988034281e-01 3.040959732835787964e+11
2.974907547214440395e-01 2.918812398719766235e+11
2.988652873550384226e-01 2.801104888910100098e+11
3.002461709085549324e-01 2.687717636945798035e+11
3.016334347259195803e-01 2.578532484757532654e+11
3.030271082866396459e-01 2.473433097282132568e+11
3.044272212064302874e-01 2.372305306391049500e+11
3.058338032378433158e-01 2.275037387758821716e+11
3.072468842709003556e-01 2.181520274877285767e+11
3.086664943337272815e-01 2.091647714888106384e+11
3.100926635931926523e-01 2.005316371262295532e+11
3.115254223555488089e-01 1.922425878606661072e+11
3.129648010670751934e-01 1.842878855028585205e+11
3.144108303147264971e-01 1.766580877547740173e+11
3.158635408267817524e-01 1.693440426013782654e+11
3.173229634734976434e-01 1.623368800881589966e+11
3.187891292677645927e-01 1.556280020006314087e+11
3.202620693657651785e-01 1.492090699378811340e+11
3.217418150676371602e-01 1.430719922424324951e+11
3.232283978181378914e-01 1.372089102109267273e+11
3.247218492073128959e-01 1.316121839734733429e+11
3.262222009711669979e-01 1.262743783851512451e+11
3.277294849923383935e-01 1.211882492287297058e+11
3.292437333007768863e-01 1.163467299811228485e+11
3.307649780744240653e-01 1.117429193490389862e+11
3.322932516398971470e-01 1.073700697324234161e+11
3.338285864731760921e-01 1.032215767285357666e+11
3.353710152002930545e-01 9.929096974559834290e+10
3.369205705980267140e-01 9.557190375364256287e+10
3.384772855945981096e-01 9.205815216221726990e+10
3.400411932703706341e-01 8.874360078053019714e+10
3.416123268585528616e-01 8.562224278599880981e+10
3.431907197459044268e-01 8.268817460244725037e+10
3.447764054734464012e-01 7.993559256965849304e+10
3.463694177371732796e-01 7.735879027188876343e+10
3.479697903887691290e-01 7.495215638429066467e+10
3.495775574363275129e-01 7.271017289299061584e+10
3.511927530450729695e-01 7.062741354658523560e+10
3.528154115380883193e-01 6.869854240374616241e+10
3.544455673970433596e-01 6.691831235305948639e+10
3.560832552629277781e-01 6.528156349656203461e+10
3.577285099367873422e-01 6.378322130707789612e+10
3.593813663804627523e-01 6.241829449066385651e+10
3.610418597173337130e-01 6.118187250824754333e+10
3.627100252330646146e-01 6.006912273583172607e+10
3.643858983763544335e-01 5.907528726316276550e+10
3.660695147596902399e-01 5.819567935808773804e+10
3.677609101601032604e-01 5.742567964648316193e+10
3.694601205199302685e-01 5.676073207012258148e+10
3.711671819475764744e-01 5.619633971032917023e+10
3.728821307182833555e-01 5.572806057465222931e+10
3.746050032748993175e-01 5.535150345359915924e+10
3.763358362286534642e-01 5.506232396116077423e+10
3.780746663599349189e-01 5.485622087399092102e+10
3.798215306190734220e-01 5.472893288150601959e+10
3.815764661271248692e-01 5.467623585243967438e+10
3.833395101766601254e-01 5.469394071286532593e+10
3.851107002325570572e-01 5.477789201678139496e+10
3.868900739327975624e-01 5.492396727352575684e+10
3.886776690892665975e-01 5.512807707716415405e+10
3.904735236885559790e-01 5.538616606222731018e+10
3.922776758927719598e-01 5.569421468846755219e+10
3.940901640403449702e-01 5.604824183540018463e+10
3.959110266468458539e-01 5.644430816600422668e+10
3.977403024058034919e-01 5.687852019878105164e+10
3.995780301895269782e-01 5.734703500905069733e+10
4.014242490499321803e-01 5.784606546446528625e+10
4.032789982193707434e-01 5.837188588671658325e+10
4.051423171114647559e-01 5.892083802167510223e+10
4.070142453219436907e-01 5.948933719396484375e+10
4.088948226294862320e-01 6.007387851877743530e+10
4.107840889965646558e-01 6.067104304961999512e+10
4.126820845702953711e-01 6.127750372820779419e+10
4.145888496832911274e-01 6.189003104456198883e+10
4.165044248545182737e-01 6.250549828352499390e+10
4.184288507901582355e-01 6.312088628116862488e+10
4.203621683844713797e-01 6.373328761258232117e+10
4.223044187206674294e-01 6.433991015502761078e+10
4.242556430717777105e-01 6.493807998448600769e+10
4.262158829015322836e-01 6.552524358526715851e+10
4.281851798652413499e-01 6.609896936809195709e+10
4.301635758106794882e-01 6.665694850636359406e+10
4.321511127789764428e-01 6.719699512093051910e+10
4.341478330055092427e-01 6.771704584695567322e+10
4.361537789208003724e-01 6.821515885494114685e+10
4.381689931514192171e-01 6.868951235574727631e+10
4.401935185208874501e-01 6.913840269075534058e+10
4.422273980505899149e-01 6.956024206138526917e+10
4.442706749606882832e-01 6.995355597998243713e+10
4.463233926710394872e-01 7.031698051646368408e+10
4.483855948021188698e-01 7.064925941359217834e+10
4.504573251759458330e-01 7.094924113936061096e+10
4.525386278170169252e-01 7.121587593890202332e+10
4.546295469532399269e-01 7.144821294092427063e+10
4.567301270168744320e-01 7.164539736520036316e+10
4.588404126454759258e-01 7.180666786847903442e+10
4.609604486828433600e-01 7.193135405664666748e+10
4.630902801799739454e-01 7.201887418138557434e+10
4.652299523960189420e-01 7.206873303024655151e+10
4.673795107992461118e-01 7.208052001025100708e+10
4.695390010680060566e-01 7.205390741710366821e+10
4.717084690917017209e-01 7.198864887503631592e+10
4.738879609717653318e-01 7.188457792635450745e+10
4.760775230226367838e-01 7.174160674506611633e+10
4.782772017727482949e-01 7.155972494555297852e+10
4.804870439655131720e-01 7.133899845515588379e+10
4.827070965603182939e-01 7.107956841871316528e+10
4.849374067335235350e-01 7.078165010346192932e+10
4.871780218794630746e-01 7.044553177414428711e+10
4.894289896114529248e-01 7.007157351051219177e+10
4.916903577628028987e-01 6.966020594250764465e+10
4.939621743878320759e-01 6.921192888201759338e+10
4.962444877628915951e-01 6.872730983407044983e+10
4.985373463873893907e-01 6.820698237445631409e+10
5.008407989848210340e-01 6.765164438484563446e+10
5.031548945038054610e-01 6.706205614040831757e+10
5.054796821191240852e-01 6.643903824857189178e+10
5.078152112327672940e-01 6.578346944082990265e+10
5.101615314749833319e-01 6.509628422237132263e+10
5.125186927053330121e-01 6.437847038672327423e+10
5.148867450137495361e-01 6.363106640460232544e+10
5.172657387216018643e-01 6.285515869776292419e+10
5.196557243827659711e-01 6.205187880985112000e+10
5.220567527846975420e-01 6.122240048715258026e+10
5.244688749495116653e-01 6.036793668267836761e+10
5.268921421350674095e-01 5.948973649728919220e+10
5.293266058360561743e-01 5.858908207152631378e+10
5.317723177850969263e-01 5.766728544149194336e+10
5.342293299538352080e-01 5.672568537152565765e+10
5.366976945540475885e-01 5.576564417556007385e+10
5.391774640387502204e-01 5.478854453794429779e+10
5.416686911033151697e-01 5.379578634324275208e+10
5.441714286865890760e-01 5.278878352312547302e+10
5.466857299720180308e-01 5.176896092703398895e+10
5.492116483887788947e-01 5.073775122194635773e+10
5.517492376129126130e-01 4.969659182535489655e+10
5.542985515684668574e-01 4.864692187459908295e+10
5.568596444286411096e-01 4.759017923502700806e+10
5.594325706169377410e-01 4.652779754910324097e+10
5.620173848083187540e-01 4.546120332854488373e+10
5.646141419303669640e-01 4.439181309178864288e+10
5.672228971644543982e-01 4.332103054950139618e+10
5.698437059469139143e-01 4.225024384134688568e+10
5.724766239702178128e-01 4.118082282771303558e+10
5.751217071841613349e-01 4.011411644050386810e+10
5.777790117970503792e-01 3.905145009735665894e+10
5.804485942768977669e-01 3.799412318372389984e+10
5.831305113526221717e-01 3.694340660719959259e+10
5.858248200152536000e-01 3.590054042829678345e+10
5.885315775191450882e-01 3.486673157168930817e+10
5.912508413831878418e-01 3.384315162178065491e+10
5.939826693920355893e-01 3.283093470641501617e+10
5.967271195973313791e-01 3.183117547264720917e+10
5.994842503189409255e-01 3.084492715871343994e+10
6.022541201461928395e-01 2.987319976666852188e+10
6.050367879391220782e-01 2.891695834049451828e+10
6.078323128297229427e-01 2.797712135474654770e+10
6.106407542232039631e-01 2.705455921891505432e+10
6.134621717992505552e-01 2.615009290256739807e+10
6.162966255132942273e-01 2.526449268598411942e+10
6.191441755977844519e-01 2.439847704044116974e+10
6.220048825634711953e-01 2.355271164157346344e+10
6.248788072006891126e-01 2.272780851849253845e+10
6.277660105806499580e-01 2.192432534061106873e+10
6.306665540567405470e-01 2.114276484354388046e+10
6.335804992658250478e-01 2.038357439505295563e+10
6.365079081295571539e-01 1.964714570178018570e+10
6.394488428556940329e-01 1.893381465742528152e+10
6.424033659394190465e-01 1.824386133297775269e+10
6.453715401646702432e-01 1.757751010952009583e+10
6.483534286054724038e-01 1.693492995388271332e+10
6.513490946272803006e-01 1.631623483700787163e+10
6.543586018883232880e-01 1.572148429429021454e+10
6.573820143409585537e-01 1.515068412640602493e+10
6.604193962330304757e-01 1.460378723841408730e+10
6.634708121092347533e-01 1.408069461420497513e+10
6.665363268124913088e-01 1.358125642287132645e+10
6.696160054853218524e-01 1.310527325326638985e+10
6.727099135712336642e-01 1.265249747290769005e+10
6.758181168161110364e-01 1.222263470738819313e+10
6.789406812696109350e-01 1.181534543646187592e+10
6.820776732865685421e-01 1.143024670284447670e+10
6.852291595284061287e-01 1.106691392942860603e+10
6.883952069645495886e-01 1.072488284001871681e+10
6.915758828738525210e-01 1.040365147790349197e+10
6.947712548460236448e-01 1.010268231571627235e+10
6.979813907830659803e-01 9.821404449250619888e+09
7.012063589007180298e-01 9.559215867348588943e+09
7.044462277299037289e-01 9.315485789758647919e+09
7.077010661181889484e-01 9.089557064972974777e+09
7.109709432312434352e-01 8.880748620402526855e+09
7.142559285543126357e-01 8.688357957657037735e+09
7.175560918936925159e-01 8.511663685962517738e+09
7.208715033782135961e-01 8.349928086697352409e+09
7.242022334607315370e-01 8.202399701588812828e+09
7.275483529196228316e-01 8.068315936331073761e+09
7.309099328602910450e-01 7.946905670441745758e+09
7.342870447166761627e-01 7.837391863318974495e+09
7.376797602527734865e-01 7.738994145949386597e+09
7.410881515641569717e-01 7.650931387727833748e+09
7.445122910795138882e-01 7.572424228410767555e+09
7.479522515621821466e-01 7.502697566204626083e+09
7.514081061116966165e-01 7.440982994117649078e+09
7.548799281653435500e-01 7.386521177653764725e+09
7.583677914997191127e-01 7.338564167426116943e+09
7.618717702322995722e-01 7.296377640181861877e+09
7.653919388230148169e-01 7.259243061128561974e+09
7.689283720758309792e-01 7.226459759589241982e+09
7.724811451403403861e-01 7.197346909256460190e+09
7.760503335133570602e-01 7.171245404025655746e+09
7.796360130405233235e-01 7.147519620793589592e+09
7.832382599179196214e-01 7.125559061719158173e+09
7.868571506936847815e-01 7.104779870042245865e+09
7.904927622696424905e-01 7.084626215255720139e+09
7.941451719029339884e-01 7.064571544808585167e+09
7.978144572076625307e-01 7.044119700280333519e+09
8.015006961565405152e-01 7.022805896028702736e+09
8.052039670825473783e-01 7.000197557858076096e+09
8.089243486805942629e-01 6.975895018663125992e+09
8.126619200091945716e-01 6.949532067711820602e+09
8.164167604921467314e-01 6.920776350575602531e+09
8.201889499202202893e-01 6.889329617791058540e+09
8.239785684528515564e-01 6.854927821967601776e+09
8.277856966198476885e-01 6.817341064851331711e+09
8.316104153230962082e-01 6.776373397371610641e+09
8.354528058382867384e-01 6.731862476607948303e+09
8.393129498166364000e-01 6.683679083848907471e+09
8.431909292866255345e-01 6.631726507676154137e+09
8.470868266557406434e-01 6.575939795695581436e+09
8.510007247122246543e-01 6.516284878565860748e+09
8.549327066268380682e-01 6.452757570593559265e+09
8.588828559546249908e-01 6.385382452345419884e+09
8.628512566366891567e-01 6.314211642174083710e+09
8.668379930019778357e-01 6.239323464838712692e+09
8.708431497690723999e-01 6.160821026162121773e+09
8.748668120479909938e-01 6.078830702778402328e+09
8.789090653419954213e-01 5.993500555670244217e+09
8.829699955494086927e-01 5.904998675771646500e+09
8.870496889654407857e-01 5.813511469842075348e+09
8.911482322840201808e-01 5.719241895331087112e+09
8.952657125996396070e-01 5.622407653951293945e+09
8.994022174092044519e-01 5.523239354769609451e+09
9.035578346138924966e-01 5.421978658312412262e+09
9.077326525210228647e-01 5.318876413107680321e+09
9.119267598459298574e-01 5.214190795261351585e+09
9.161402457138516642e-01 5.108185460468662262e+09
9.203731996618220723e-01 5.001127716894638062e+09
9.246257116405738330e-01 4.893286727121611595e+09
9.288978720164502434e-01 4.784931747984646797e+09
9.331897715733238341e-01 4.676330418231578827e+09
9.375015015145284902e-01 4.567747104848360062e+09
9.418331534647951253e-01 4.459441318878678322e+09
9.461848194721996785e-01 4.351666210325125694e+09
9.505565920101196609e-01 4.244667149537630558e+09
9.549485639791965852e-01 4.138680400173923492e+09
9.593608287093141618e-01 4.033931887283395290e+09
9.637934799615786030e-01 3.930636063890714645e+09
9.682466119303123619e-01 3.828994880499355793e+09
9.727203192450541991e-01 3.729196863375703812e+09
9.772146969725724608e-01 3.631416308188609123e+09
9.817298406188835758e-01 3.535812594744530678e+09
9.862658461312820979e-01 3.442529626120362759e+09
9.908228099003797418e-01 3.351695392259184361e+09
9.954008287621524120e-01 3.263421655330153465e+09
1.000000000000000000e+00 3.177803752927096844e+09
