0.000000000000000000e+00 -1.046901119056790996e+01 1.678734309514637602e+01 -1.046901119056790996e+01
1.500000000000000031e-03 -1.046946246293195593e+01 1.466510108496615672e+00 -1.046946246293195593e+01
3.000000000000000062e-03 -1.046991145002761847e+01 -2.121808592884763200e+00 -1.046991145002761847e+01
4.499999999999999660e-03 -1.047035815188955965e+01 -3.653326437603846344e+00 -1.036289624474670212e+01
6.000000000000000125e-03 -9.014431568558070040e+00 -4.581847854272357523e+00 -8.996737568558071274e+00
7.499999999999999722e-03 -1.018735200007908048e+01 -5.181491271507653096e+00 -9.883825500079082005e+00
8.999999999999999320e-03 -1.047168454650415725e+01 -5.640996832218443835e+00 -1.045876721964701517e+01
1.050000000000000065e-02 -1.047212210789049713e+01 -6.062462393604782562e+00 -1.047212210789049713e+01
1.200000000000000025e-02 -1.047255738430092720e+01 -6.324911384300927253e+00 -1.047255738430092720e+01
1.349999999999999985e-02 -1.047299037580391889e+01 -6.578615090089633632e+00 -1.047299037580391889e+01
1.499999999999999944e-02 -1.047342108247357118e+01 -6.775070225330714457e+00 -1.047342108247357118e+01
1.650000000000000078e-02 -1.047384950438961226e+01 -6.920240647246755472e+00 -1.047384950438961226e+01
1.799999999999999864e-02 -1.047427564163741032e+01 -7.097763927351696367e+00 -1.047427564163741032e+01
1.949999999999999997e-02 -1.047469949430796277e+01 -7.215883494307963275e+00 -1.046192951130796267e+01
2.100000000000000130e-02 -1.008232696249789306e+01 -7.347624491069321806e+00 -1.006406039106932226e+01
2.249999999999999917e-02 -8.635028060595178800e+00 -7.375352489166607128e+00 -9.159162160595178293e+00
2.400000000000000050e-02 -1.025080947442199175e+01 -7.465044060136278858e+00 -9.951558788707705716e+00
2.549999999999999836e-02 -8.574690346948997899e+00 -7.509012918377569790e+00 -9.167816775520426731e+00
2.699999999999999969e-02 1.385385979313322480e+01 -7.041739778295343477e+00 -5.813745064009628649e+00
2.850000000000000103e-02 6.596294678855704774e+01 -5.898307640014375686e+00 -3.340558497157232409e+00
2.999999999999999889e-02 1.686842974963348922e+02 -4.543881932236503829e+00 2.739134178204921000e+01
3.150000000000000022e-02 1.759329563344901999e+03 8.323771916330812815e+00 5.929707763061652770e+01
3.300000000000000155e-02 4.448385445762688505e+03 2.064870433411734041e+01 5.701946290554590746e+01
3.450000000000000289e-02 4.649871044749545945e+03 2.026660617811864995e+01 3.655262474954722762e+01
3.599999999999999728e-02 4.272061217448182106e+03 1.917035316246755627e+01 3.639231601961041207e+01
3.749999999999999861e-02 4.024131392429862444e+03 1.859172671557692524e+01 3.374567814414835709e+01
3.899999999999999994e-02 3.798220283980139357e+03 1.767229398013977359e+01 2.855583398013977003e+01
4.050000000000000128e-02 3.585041177813128797e+03 1.696714067027200201e+01 3.298855781312914814e+01
4.200000000000000261e-02 3.389689502500083563e+03 1.605895678579821606e+01 2.813911107151250235e+01
4.349999999999999700e-02 3.163736400897965723e+03 1.484039232653739226e+01 2.737018518368024900e+01
4.499999999999999833e-02 2.967196444435159265e+03 1.367032872087430917e+01 2.203582729230287285e+01
4.649999999999999967e-02 2.766693918825759283e+03 1.224478168290240454e+01 2.098165454004526254e+01
4.800000000000000100e-02 2.570154252640994855e+03 1.061563835528094479e+01 1.931048692670951539e+01
4.950000000000000233e-02 2.477010303023520009e+03 9.607244452092130516e+00 1.877567588066355597e+01
5.099999999999999672e-02 2.339316784258840471e+03 8.600451401698274267e+00 1.612447283026970268e+01
5.249999999999999806e-02 2.202131696346741592e+03 7.672200632456062763e+00 1.501570634674177462e+01
5.399999999999999939e-02 2.083445182144144837e+03 6.812860715573709314e+00 1.486981500128799283e+01
5.550000000000000072e-02 1.960781670222253524e+03 6.215011650825250200e+00 1.397639593653953582e+01
5.700000000000000205e-02 1.788009589152264653e+03 5.294394866550534928e+00 1.175474772369339327e+01
5.850000000000000339e-02 1.682991081791083388e+03 4.532157505369509565e+00 1.039300750536950879e+01
5.999999999999999778e-02 1.559163719567038925e+03 3.636998852753650979e+00 9.315339567039366386e+00
6.149999999999999911e-02 1.423451645337025866e+03 2.774708337025980853e+00 8.427159622740264311e+00
6.300000000000000044e-02 1.335737473386503780e+03 2.244987243646752617e+00 7.324166243646752505e+00
6.450000000000000178e-02 1.245046946572356092e+03 1.617550429499196696e+00 6.589615143784909534e+00
6.600000000000000311e-02 1.146669693465746604e+03 9.478471800323617913e-01 4.920976322889506704e+00
6.750000000000000444e-02 1.063505885494975473e+03 3.528990664039710623e-01 4.338068352118256144e+00
6.900000000000000577e-02 9.805465226597660831e+02 -2.583804830909937067e-01 4.248016945480433293e+00
7.049999999999999323e-02 9.093270478169795297e+02 -7.066531830202951170e-01 3.074702245551133473e+00
7.199999999999999456e-02 8.296100895377569486e+02 -1.256482605100160299e+00 1.334660537756981569e+00
7.349999999999999589e-02 7.747831478218047323e+02 -1.666498321052415577e+00 1.023961250376155263e+00
7.499999999999999722e-02 7.319296940973954406e+02 -2.007471045461628023e+00 4.746286688240868301e-01
7.649999999999999856e-02 6.609705426499391479e+02 -2.555811350060815279e+00 -1.379622072036728042e-01
7.799999999999999989e-02 6.053374506219827254e+02 -2.962770949445742374e+00 -3.434973780171723945e-01
7.950000000000000122e-02 5.573391751560678813e+02 -3.363786558217765510e+00 -9.175274153606221006e-01
8.100000000000000255e-02 5.226161591090161664e+02 -3.610534890983838174e+00 -1.828451605269552971e+00
8.250000000000000389e-02 4.649539596233577754e+02 -4.080735805213644873e+00 -2.104720519499359455e+00
8.400000000000000522e-02 4.540199909844745889e+02 -4.180210729811031811e+00 -2.481319872668175108e+00
8.550000000000000655e-02 4.031890103348858929e+02 -4.664997093685439467e+00 -3.415354093685439629e+00
8.699999999999999400e-02 3.708096748171051900e+02 -4.911666182894751209e+00 -3.941634897180465558e+00
8.849999999999999534e-02 3.422159272879260925e+02 -5.184383997788152065e+00 -4.018056426359581046e+00
8.999999999999999667e-02 3.219868106041367355e+02 -5.365099253006129665e+00 -4.234974253006129175e+00
9.149999999999999800e-02 2.975816390510909741e+02 -5.615496520337599051e+00 -4.634079806051885519e+00
9.299999999999999933e-02 2.801659126284229160e+02 -5.802381085862791110e+00 -4.948319943005648369e+00
9.450000000000000067e-02 2.621406741929038731e+02 -6.006431235667500701e+00 -4.990609092810357694e+00
9.600000000000000200e-02 2.516557951727282614e+02 -6.086165684414541310e+00 -5.132906255843113108e+00
9.750000000000000333e-02 2.223558184246562632e+02 -6.394620432486584072e+00 -5.666774003915155511e+00
9.900000000000000466e-02 2.130568296625852440e+02 -6.495844765986158009e+00 -5.535830194557586736e+00
1.005000000000000060e-01 2.059124860289786056e+02 -6.595327256735661337e+00 -5.836993399592803833e+00
1.019999999999999934e-01 1.923890303805798112e+02 -6.746813476563057854e+00 -6.021422190848772615e+00
1.034999999999999948e-01 1.814047198598409523e+02 -6.871936854444737897e+00 -6.190155568730451918e+00
1.049999999999999961e-01 1.684079116092087531e+02 -7.028053676505525260e+00 -6.435935105076953100e+00
1.064999999999999974e-01 1.602680341996955917e+02 -7.130584800304372806e+00 -6.543917228875800518e+00
1.079999999999999988e-01 1.563359162023084536e+02 -7.178866654834376249e+00 -6.527305226262948068e+00
1.095000000000000001e-01 1.429093576166200705e+02 -7.347440954808478253e+00 -6.811015526237049755e+00
1.110000000000000014e-01 1.356654298707690884e+02 -7.445907272088042816e+00 -7.019328843516614569e+00
1.125000000000000028e-01 1.335152186786028494e+02 -7.482975749968558077e+00 -7.051029749968559024e+00
1.140000000000000041e-01 1.300536054682488896e+02 -7.526503388893939217e+00 -7.019245531751082012e+00
1.155000000000000054e-01 1.248677488106863507e+02 -7.548477046456502748e+00 -7.015181760742216888e+00
1.170000000000000068e-01 1.185466444197458742e+02 -7.590541723111266847e+00 -7.140308151682695836e+00
1.184999999999999942e-01 1.118838522949668999e+02 -7.669754419318806526e+00 -7.118708133604521038e+00
1.199999999999999956e-01 1.083794438644547711e+02 -7.700283278402379139e+00 -7.209432992688094011e+00
1.214999999999999969e-01 1.064956348420234633e+02 -7.726547157976517255e+00 -7.370149586547945830e+00
1.229999999999999982e-01 1.036314937986244189e+02 -7.762872487089859774e+00 -7.551120487089859168e+00
1.244999999999999996e-01 1.018425350194891053e+02 -7.792848409082308692e+00 -7.410950837653737189e+00
1.260000000000000009e-01 9.553253564698638911e+01 -7.886340210156456365e+00 -7.625689353013600069e+00
1.275000000000000022e-01 9.725552139490812920e+01 -7.844001176520427165e+00 -7.569503890806140944e+00
1.290000000000000036e-01 9.447983940561211114e+01 -7.883992022959312784e+00 -7.591162165816456309e+00
1.305000000000000049e-01 9.239215967859338718e+01 -7.898180892835173772e+00 -7.605240178549459884e+00
1.320000000000000062e-01 8.883073649905581703e+01 -7.955927215229889882e+00 -7.571627786658461368e+00
1.335000000000000075e-01 8.462974700934054795e+01 -8.012733847802296694e+00 -7.720812704945153371e+00
1.350000000000000089e-01 8.191594978035465147e+01 -8.071904076788193549e+00 -7.702666219645335488e+00
1.365000000000000102e-01 8.269533624014252382e+01 -8.048696617000327791e+00 -7.647696331286041982e+00
1.380000000000000115e-01 8.011006495960015172e+01 -8.076990040399836701e+00 -7.664891468971266164e+00
1.395000000000000129e-01 7.711750593818948118e+01 -8.124292918953377907e+00 -7.780432490381949506e+00
1.409999999999999865e-01 7.338233203250972281e+01 -8.215778967490269480e+00 -7.889324824633127342e+00
1.424999999999999878e-01 7.576870467058320457e+01 -8.233895757988207720e+00 -7.958742186559636167e+00
1.439999999999999891e-01 7.474671528042672719e+01 -8.272988719573259431e+00 -8.078757148144688927e+00
1.454999999999999905e-01 7.060344386148011608e+01 -8.337930281377008868e+00 -8.097679852805580225e+00
1.469999999999999918e-01 6.803052755603486901e+01 -8.391053158250835864e+00 -8.107493872536549517e+00
1.484999999999999931e-01 6.969799779209122903e+01 -8.361408779337340391e+00 -8.047424207908768778e+00
1.499999999999999944e-01 6.447345171192965552e+01 -8.454691430927489648e+00 -8.257627859498917644e+00
1.514999999999999958e-01 6.230221645782510365e+01 -8.488770827889180026e+00 -8.239312399317752167e+00
1.529999999999999971e-01 6.055662774347560884e+01 -8.522149685095813609e+00 -8.340821542238670006e+00
1.544999999999999984e-01 6.420876985400226999e+01 -8.497406003140572039e+00 -8.312795574569141976e+00
1.559999999999999998e-01 6.013344707452070992e+01 -8.574572211193567384e+00 -8.364509639764996507e+00
1.575000000000000011e-01 5.892236226156958878e+01 -8.572552452716118765e+00 -8.430600309858975905e+00
1.590000000000000024e-01 5.347610970025353794e+01 -8.670008728317890601e+00 -8.550285585460748905e+00
1.605000000000000038e-01 5.544480224710024174e+01 -8.648665610042614915e+00 -8.501003895756900519e+00
1.620000000000000051e-01 5.513942418720334615e+01 -8.648241384225212158e+00 -8.441877669939497508e+00
1.635000000000000064e-01 5.168541551993675398e+01 -8.712881480063241924e+00 -8.579179622920385384e+00
1.650000000000000078e-01 5.299631624466882585e+01 -8.709458041045454735e+00 -8.618946041045454365e+00
1.665000000000000091e-01 5.337655207504820254e+01 -8.712475496380365669e+00 -8.630002639237508433e+00
1.680000000000000104e-01 5.103727586757517543e+01 -8.753330703853389849e+00 -8.583041560996246488e+00
1.695000000000000118e-01 4.924573333588742940e+01 -8.788260092683994884e+00 -8.637607521255423748e+00
1.710000000000000131e-01 4.736604162218858960e+01 -8.802561949239969152e+00 -8.708498234954255679e+00
1.724999999999999867e-01 4.921711786867685134e+01 -8.784448702751717519e+00 -8.597028131323146027e+00
1.739999999999999880e-01 5.087788350325917008e+01 -8.769388211026534208e+00 -8.551033925312248485e+00
1.754999999999999893e-01 4.797453852526567886e+01 -8.818100331877177567e+00 -8.647455189020034183e+00
1.769999999999999907e-01 4.600969293402098970e+01 -8.854854065979006705e+00 -8.644952923121863364e+00
1.784999999999999920e-01 4.668066815741573805e+01 -8.833686842584265619e+00 -8.679601842584265370e+00
1.799999999999999933e-01 4.337956705190647710e+01 -8.886770805236375637e+00 -8.810331805236376823e+00
1.814999999999999947e-01 4.655816818823008418e+01 -8.867725811769908262e+00 -8.754574383198479026e+00
1.829999999999999960e-01 4.456749299426081734e+01 -8.908878291453461884e+00 -8.831821005739177721e+00
1.844999999999999973e-01 4.108273004072461987e+01 -8.935430244989657211e+00 -8.830210816418228248e+00
1.859999999999999987e-01 4.277849504119916446e+01 -8.900380673086544903e+00 -8.757593673086546460e+00
1.875000000000000000e-01 4.005997228068522276e+01 -8.928625147886199542e+00 -8.845872147886199244e+00
1.890000000000000013e-01 4.032985461560672746e+01 -8.921167384393262623e+00 -8.846175384393262675e+00
1.905000000000000027e-01 4.390640490238217808e+01 -8.878014097617818123e+00 -8.796992669046389324e+00
1.920000000000000040e-01 4.088073314028176242e+01 -8.927088002575377601e+00 -8.841040431146804934e+00
1.935000000000000053e-01 3.912229218571312117e+01 -8.925139528572589853e+00 -8.797232671429732420e+00
1.950000000000000067e-01 3.671068060936417510e+01 -8.958531247778676487e+00 -8.903736962064391136e+00
1.965000000000000080e-01 3.837528269620314347e+01 -8.935098446653995552e+00 -8.865066732368280356e+00
1.980000000000000093e-01 3.698351987404996777e+01 -8.964795697378603379e+00 -8.882699697378601655e+00
1.995000000000000107e-01 3.604009499929059501e+01 -8.963832429280829572e+00 -8.873355286423686650e+00
2.010000000000000120e-01 3.557630949973414403e+01 -8.968347214551563695e+00 -8.912599500265850239e+00
2.025000000000000133e-01 3.571424623175575164e+01 -8.975085625387098531e+00 -8.965632196815668919e+00
2.039999999999999869e-01 3.413306233743943352e+01 -8.987993519703419310e+00 -8.988564091131991063e+00
2.054999999999999882e-01 3.336928781600664706e+01 -8.992934755421917004e+00 -8.957591898279058995e+00
2.069999999999999896e-01 3.334801695238776631e+01 -8.994682619040803573e+00 -8.904149476183659928e+00
2.084999999999999909e-01 3.222548974579345327e+01 -9.012931254206550946e+00 -8.979545968492264052e+00
2.099999999999999922e-01 3.017585476685755452e+01 -9.033655375999588344e+00 -9.034749804571017506e+00
2.114999999999999936e-01 2.921718915763711166e+01 -9.069616128077168327e+00 -9.038873699505741044e+00
2.129999999999999949e-01 2.916926863161235417e+01 -9.090845082673359556e+00 -9.069992654101930896e+00
2.144999999999999962e-01 3.032005033082953815e+01 -9.085774754884743842e+00 -9.042373954884745046e+00
2.159999999999999976e-01 2.945015568304383891e+01 -9.109013402670441906e+00 -9.100704316956155893e+00
2.174999999999999989e-01 2.994873754457648474e+01 -9.115887026852082187e+00 -9.090776426852082537e+00
2.190000000000000002e-01 2.985815591460047358e+01 -9.118748056828094306e+00 -9.090756871113809368e+00
2.205000000000000016e-01 2.866309079228342682e+01 -9.130894407716569461e+00 -9.114969793430855560e+00
2.220000000000000029e-01 2.548368503393046325e+01 -9.194723751783818955e+00 -9.220338266069532551e+00
2.235000000000000042e-01 2.627552292441276904e+01 -9.186750561301510132e+00 -9.220784689872939310e+00
2.250000000000000056e-01 2.620441732002474922e+01 -9.186761579975248893e+00 -9.192815537118105951e+00
2.265000000000000069e-01 2.472663393419828637e+01 -9.208840965801707412e+00 -9.190040922944564983e+00
2.280000000000000082e-01 2.431042276607422892e+01 -9.216628019640049629e+00 -9.237768119640049846e+00
2.295000000000000095e-01 2.411380667193092009e+01 -9.227322085211934422e+00 -9.242285799497649279e+00
2.310000000000000109e-01 2.263869993661277391e+01 -9.244280263387222973e+00 -9.268652006244364472e+00
2.325000000000000122e-01 2.195713541638745170e+01 -9.254565355041108887e+00 -9.290373926469680299e+00
2.340000000000000135e-01 2.227122311037443581e+01 -9.263125489625563702e+00 -9.307748218196991274e+00
2.354999999999999871e-01 2.253895016054496381e+01 -9.259431153740743881e+00 -9.300724939455029983e+00
2.369999999999999885e-01 2.113700656600786232e+01 -9.274007348277850227e+00 -9.314117519706421433e+00
2.384999999999999898e-01 2.005779661158087634e+01 -9.299652916990547524e+00 -9.354299188419119560e+00
2.399999999999999911e-01 1.930484458207644138e+01 -9.307726375066412317e+00 -9.393201175066412389e+00
2.414999999999999925e-01 1.755698190515882118e+01 -9.323503994841175313e+00 -9.412416966269747221e+00
2.429999999999999938e-01 1.929576286562981124e+01 -9.316650348655896252e+00 -9.395658348655896219e+00
2.444999999999999951e-01 1.893885460542877297e+01 -9.328288451714085383e+00 -9.422222751714084410e+00
2.459999999999999964e-01 1.946806712363257930e+01 -9.326114304938847965e+00 -9.437168319224561230e+00
2.474999999999999978e-01 1.751748041931283950e+01 -9.345681180687156697e+00 -9.462536823544299480e+00
2.489999999999999991e-01 1.735016449153584261e+01 -9.350870079892727560e+00 -9.466954379892728255e+00
2.505000000000000004e-01 1.724880791079115028e+01 -9.359311060637418578e+00 -9.457716974923133790e+00
2.520000000000000018e-01 1.675754496184875464e+01 -9.363117138151242358e+00 -9.487068795294097967e+00
2.535000000000000031e-01 1.697594850090193219e+01 -9.368834856240923159e+00 -9.507110841955208613e+00
2.550000000000000044e-01 1.720776995556723321e+01 -9.366528415861335333e+00 -9.476999330147048539e+00
2.565000000000000058e-01 1.568487503917022963e+01 -9.388276317972623630e+00 -9.518258475115480621e+00
2.580000000000000071e-01 1.576810517931691891e+01 -9.385731277825936303e+00 -9.508945820683077699e+00
2.595000000000000084e-01 1.332223751789374511e+01 -9.417629953534824239e+00 -9.570575467820537696e+00
2.610000000000000098e-01 1.500166348249616810e+01 -9.401159117503832263e+00 -9.540778888932402779e+00
2.625000000000000111e-01 1.501624878642866534e+01 -9.403525584999902875e+00 -9.497078470714189535e+00
2.640000000000000124e-01 1.390771342870474214e+01 -9.419605699866680837e+00 -9.529516728438109041e+00
2.655000000000000138e-01 1.354900312261837492e+01 -9.429468677381624531e+00 -9.576494491667338238e+00
2.670000000000000151e-01 1.348363786717253987e+01 -9.428268204256028184e+00 -9.541108232827456348e+00
2.685000000000000164e-01 1.252821766136499981e+01 -9.440859510063567939e+00 -9.575409381492139715e+00
2.700000000000000178e-01 1.309846964704539118e+01 -9.440045910097463633e+00 -9.578628881526034533e+00
2.715000000000000191e-01 1.358386239462955736e+01 -9.448987305370442513e+00 -9.604769991084728176e+00
2.730000000000000204e-01 1.333923590309951734e+01 -9.447356368329051790e+00 -9.580214182614765761e+00
2.745000000000000218e-01 1.229732874286063904e+01 -9.459300085710784955e+00 -9.589523814282213010e+00
2.760000000000000231e-01 1.120797948431306779e+01 -9.472635458544072407e+00 -9.634459144258357810e+00
2.775000000000000244e-01 1.090666669785170662e+01 -9.480239659291147092e+00 -9.659706759291147193e+00
2.790000000000000258e-01 1.220998323958054677e+01 -9.468249588990877541e+00 -9.600748488990877405e+00
2.805000000000000271e-01 1.231784053702692283e+01 -9.472735691544503567e+00 -9.610885305830217717e+00
2.819999999999999729e-01 1.080078287485581789e+01 -9.489570996572751937e+00 -9.655613396572752194e+00
2.834999999999999742e-01 1.160487739486986136e+01 -9.490040319415848913e+00 -9.667391547987277178e+00
2.849999999999999756e-01 1.152875266743793148e+01 -9.488842575419210945e+00 -9.639953418276354213e+00
2.864999999999999769e-01 1.172591154863795282e+01 -9.489467465647759781e+00 -9.631407765647759689e+00
2.879999999999999782e-01 1.113709975168555566e+01 -9.499872876885872230e+00 -9.663480191171586853e+00
2.894999999999999796e-01 1.104933870407687024e+01 -9.496082924494556821e+00 -9.639173281637413382e+00
2.909999999999999809e-01 1.131077554758856607e+01 -9.502367838125717725e+00 -9.664454195268575631e+00
2.924999999999999822e-01 9.984234566849272241e+00 -9.515713361722154318e+00 -9.682795933150725176e+00
2.939999999999999836e-01 1.148790861791101214e+01 -9.504685882088985238e+00 -9.666706167803271299e+00
2.954999999999999849e-01 1.145344769967778475e+01 -9.508192000322212678e+00 -9.666820314607926790e+00
2.969999999999999862e-01 1.092160752533413692e+01 -9.514745488951577457e+00 -9.682031160380148549e+00
2.984999999999999876e-01 1.017902380805943885e+01 -9.520453091940556334e+00 -9.686541120511986236e+00
2.999999999999999889e-01 1.049319511817078876e+01 -9.522255810400638509e+00 -9.687618838972067437e+00
3.014999999999999902e-01 1.117048002598009937e+01 -9.522537202591328409e+00 -9.681495731162756968e+00
3.029999999999999916e-01 1.100110710179415641e+01 -9.527945669634414472e+00 -9.690422141062985162e+00
3.044999999999999929e-01 1.043401348734316336e+01 -9.532952684085406858e+00 -9.687669841228265355e+00
3.059999999999999942e-01 1.005392632435218481e+01 -9.537133404219238386e+00 -9.691714761362096198e+00
3.074999999999999956e-01 1.000482704025544400e+01 -9.540878202601696501e+00 -9.709752531173124979e+00
3.089999999999999969e-01 1.144526849105344901e+01 -9.527811123232261536e+00 -9.676868708946546604e+00
3.104999999999999982e-01 9.859679247027310467e+00 -9.543961652972686949e+00 -9.698274181544114469e+00
3.119999999999999996e-01 1.002195073559586547e+01 -9.542249292975562014e+00 -9.704399335832704310e+00
3.135000000000000009e-01 9.665854384172837044e+00 -9.555928815827162026e+00 -9.719044687255733450e+00
3.150000000000000022e-01 9.834215905881121600e+00 -9.556334108404593408e+00 -9.729434279833165888e+00
3.165000000000000036e-01 1.005311529955279326e+01 -9.553991300447203017e+00 -9.716769657590059950e+00
3.180000000000000049e-01 1.097961970687197741e+01 -9.545226735985162136e+00 -9.688296007413732980e+00
3.195000000000000062e-01 9.192093412374832795e+00 -9.561771730482307774e+00 -9.719732101910878441e+00
3.210000000000000075e-01 9.561569272020999932e+00 -9.566862385121854828e+00 -9.740724485121855736e+00
3.225000000000000089e-01 1.027867871319360837e+01 -9.565092186806390728e+00 -9.741199401092105248e+00
3.240000000000000102e-01 8.896738877556412461e+00 -9.577110936729301471e+00 -9.754413336729301776e+00
3.255000000000000115e-01 8.382599763910945967e+00 -9.579944764660481837e+00 -9.748342007517623031e+00
3.270000000000000129e-01 9.211081371053676747e+00 -9.578939714660608118e+00 -9.742376257517751270e+00
3.285000000000000142e-01 9.345096554918853826e+00 -9.580300887938287602e+00 -9.750662930795430228e+00
3.300000000000000155e-01 9.050992457149954262e+00 -9.581981914278614454e+00 -9.744252814278613783e+00
3.315000000000000169e-01 1.006387336224253737e+01 -9.576652166328889493e+00 -9.714580880614603231e+00
3.330000000000000182e-01 9.791957840401391167e+00 -9.577798145312893752e+00 -9.725437916741464406e+00
3.345000000000000195e-01 9.014945890397690675e+00 -9.587831223888024113e+00 -9.749633081030880888e+00
3.360000000000000209e-01 9.292344653854701875e+00 -9.591604703288151512e+00 -9.752797189002436085e+00
3.375000000000000222e-01 9.520682700962094458e+00 -9.596288370466472983e+00 -9.767513999037900518e+00
3.390000000000000235e-01 8.673615744761635327e+00 -9.604462640952647234e+00 -9.790791983809789656e+00
3.405000000000000249e-01 7.898739498290066052e+00 -9.609519173138505010e+00 -9.793618230281362358e+00
3.420000000000000262e-01 7.636886817436247199e+00 -9.610229539706606872e+00 -9.785910953992321026e+00
3.435000000000000275e-01 7.389754843798314710e+00 -9.613804827630257677e+00 -9.784822513344543893e+00
3.449999999999999734e-01 8.138789290397950182e+00 -9.609581823887761942e+00 -9.774752852459190677e+00
3.464999999999999747e-01 7.422865870251836640e+00 -9.622759772605302686e+00 -9.812299001176732816e+00
3.479999999999999760e-01 8.534378867800224810e+00 -9.616406203628343974e+00 -9.796174232199772902e+00
3.494999999999999774e-01 7.417816853192652715e+00 -9.620762118235916205e+00 -9.805981861093059138e+00
3.509999999999999787e-01 6.967768396573665868e+00 -9.626761260569189460e+00 -9.831675146283476607e+00
3.524999999999999800e-01 7.727024925225673968e+00 -9.628518046202895420e+00 -9.821547074774324315e+00
3.539999999999999813e-01 7.313776437854688339e+00 -9.633882805002452088e+00 -9.820127462145309849e+00
3.554999999999999827e-01 8.059901504590303745e+00 -9.625086795409695029e+00 -9.801499766838265515e+00
3.569999999999999840e-01 7.210507266985725749e+00 -9.633496604442845168e+00 -9.813833204442845570e+00
3.584999999999999853e-01 7.226793723732036767e+00 -9.637406319125105369e+00 -9.826231347696532836e+00
3.599999999999999867e-01 7.933245159229661780e+00 -9.630361140770336448e+00 -9.797317683627479568e+00
3.614999999999999880e-01 7.011677286445483048e+00 -9.638927384983086100e+00 -9.813810613554514006e+00
3.629999999999999893e-01 6.993415818341444989e+00 -9.644770938801411120e+00 -9.834969267372839496e+00
3.644999999999999907e-01 6.952325039303108412e+00 -9.646940989268319555e+00 -9.842283532125462031e+00
3.659999999999999920e-01 7.663313519425388520e+00 -9.638724166288893613e+00 -9.819202809146036159e+00
3.674999999999999933e-01 7.851722685941121327e+00 -9.642108385487448530e+00 -9.821737728344590579e+00
3.689999999999999947e-01 7.287483966078212916e+00 -9.644931848207502156e+00 -9.816806719636073097e+00
3.704999999999999960e-01 6.826644501345359828e+00 -9.651311984368925678e+00 -9.833519927226069157e+00
3.719999999999999973e-01 6.233818576103487885e+00 -9.659629481039369026e+00 -9.848888438182227034e+00
3.734999999999999987e-01 7.031260474708606267e+00 -9.652777968148535948e+00 -9.826946711005678736e+00
3.750000000000000000e-01 7.196387338654675503e+00 -9.655606675631034364e+00 -9.838594589916748845e+00
3.765000000000000013e-01 6.957712023716483785e+00 -9.660991961997803301e+00 -9.855393947712087765e+00
3.780000000000000027e-01 6.837045957092469095e+00 -9.659954128621818015e+00 -9.841598100050388709e+00
3.795000000000000040e-01 7.541263423119053400e+00 -9.658601648309517174e+00 -9.846449519738088796e+00
3.810000000000000053e-01 6.705377277556340943e+00 -9.666627251015087907e+00 -9.865570679586516789e+00
3.825000000000000067e-01 5.897724661873844809e+00 -9.669362652411866321e+00 -9.869701123840437518e+00
3.840000000000000080e-01 6.727074146107643315e+00 -9.665260882463785563e+00 -9.853922611035214274e+00
3.855000000000000093e-01 6.191951443146063383e+00 -9.677003685425363599e+00 -9.871862813996791886e+00
3.870000000000000107e-01 7.515655123015454464e+00 -9.662236334127401349e+00 -9.819682605555973609e+00
3.885000000000000120e-01 6.748489470023011805e+00 -9.670519687119844221e+00 -9.849208101405558580e+00
3.900000000000000133e-01 7.194197339899650601e+00 -9.669536874386063019e+00 -9.859791902957491416e+00
3.915000000000000147e-01 6.317011588371444830e+00 -9.677364811628551777e+00 -9.869622883057123985e+00
3.930000000000000160e-01 5.230020785445347542e+00 -9.685156600268937765e+00 -9.883171614554651541e+00
3.945000000000000173e-01 5.776670643980610365e+00 -9.685796041733675921e+00 -9.873177870305104520e+00
3.960000000000000187e-01 6.351698305403091993e+00 -9.680762651739764024e+00 -9.854856566025478770e+00
3.975000000000000200e-01 5.889609482562404352e+00 -9.689152531723307149e+00 -9.888281503151878482e+00
3.990000000000000213e-01 5.528034174017626867e+00 -9.692804240268085181e+00 -9.886666311696655995e+00
4.005000000000000226e-01 5.888690949751593351e+00 -9.688005193105546198e+00 -9.868261207391260115e+00
4.020000000000000240e-01 5.436258379742344715e+00 -9.693608348829082288e+00 -9.889228320257652527e+00
4.035000000000000253e-01 5.752259319677405003e+00 -9.696803880322594438e+00 -9.895110051751165869e+00
4.050000000000000266e-01 5.980292339525215439e+00 -9.696847260474784846e+00 -9.884633017617641570e+00
4.064999999999999725e-01 6.224370294963717853e+00 -9.694843333607710889e+00 -9.874377247893423970e+00
4.079999999999999738e-01 5.781446041666077562e+00 -9.694951744048205811e+00 -9.876765815476778343e+00
4.094999999999999751e-01 5.083403863872110406e+00 -9.705051007556459552e+00 -9.907970664699316643e+00
4.109999999999999765e-01 5.546435188674006866e+00 -9.702996797040277954e+00 -9.891077054183135431e+00
4.124999999999999778e-01 5.388001443159195603e+00 -9.705917199697946529e+00 -9.896234671126517668e+00
4.139999999999999791e-01 6.213484054410345792e+00 -9.697018759875366101e+00 -9.868390988446794410e+00
4.154999999999999805e-01 5.541573020933954652e+00 -9.708849707637472903e+00 -9.901258107637472605e+00
4.169999999999999818e-01 5.415344055517474331e+00 -9.710430930196809030e+00 -9.900678001625381697e+00
4.184999999999999831e-01 6.338675728086492711e+00 -9.704517500484934445e+00 -9.879127600484935101e+00
4.199999999999999845e-01 6.141778037133274637e+00 -9.709337305723867217e+00 -9.892146705723867228e+00
4.214999999999999858e-01 5.553608124002515467e+00 -9.712065275997481706e+00 -9.893454061711766556e+00
4.229999999999999871e-01 5.650388844319907733e+00 -9.709527355680091176e+00 -9.884782112822948719e+00
4.244999999999999885e-01 4.649180196563554190e+00 -9.719876332007872932e+00 -9.908706574865016492e+00
4.259999999999999898e-01 5.053347893492579956e+00 -9.721529049364562525e+00 -9.921779963650276812e+00
4.274999999999999911e-01 5.193331933575686676e+00 -9.721886466424312090e+00 -9.916250580710027407e+00
4.289999999999999925e-01 5.961968029562591198e+00 -9.713066284723121058e+00 -9.891939984723121526e+00
4.304999999999999938e-01 4.871863322769756977e+00 -9.722637977230242257e+00 -9.917408691515957386e+00
4.319999999999999951e-01 4.900289240223246523e+00 -9.723083602633895595e+00 -9.923029345491038100e+00
4.334999999999999964e-01 5.256981494658729659e+00 -9.723915562484126696e+00 -9.920238619626983834e+00
4.349999999999999978e-01 5.195170084521487652e+00 -9.725915044049941116e+00 -9.912754586907082555e+00
4.364999999999999991e-01 5.229077865395000302e+00 -9.727877691747854882e+00 -9.920600720319283639e+00
4.380000000000000004e-01 5.358009121429516242e+00 -9.729443678570483200e+00 -9.925341292856195707e+00
4.395000000000000018e-01 5.533096708199199298e+00 -9.726178948943658753e+00 -9.918484334657943435e+00
4.410000000000000031e-01 5.252742052702137343e+00 -9.722321447297861852e+00 -9.918722790155003466e+00
4.425000000000000044e-01 5.372546581931786136e+00 -9.717827589496783602e+00 -9.911553689496784614e+00
4.440000000000000058e-01 5.007760294305535709e+00 -9.718472091408749236e+00 -9.915654662837319222e+00
4.455000000000000071e-01 4.469910331093291944e+00 -9.719391083192421732e+00 -9.912617454620994195e+00
4.470000000000000084e-01 6.106930976417475065e+00 -9.706267409296808424e+00 -9.884965537868236396e+00
4.485000000000000098e-01 5.052407942967338528e+00 -9.711035799889803144e+00 -9.895855342746946448e+00
4.500000000000000111e-01 6.167884086284654899e+00 -9.703417385143916718e+00 -9.872864685143916574e+00
4.515000000000000124e-01 6.104349404763738107e+00 -9.704879352379116142e+00 -9.877432695236258553e+00
4.530000000000000138e-01 5.097305325365748985e+00 -9.706966203205679378e+00 -9.887751417491392303e+00
4.545000000000000151e-01 4.807261846475814338e+00 -9.707811053524185496e+00 -9.892669567809900144e+00
4.560000000000000164e-01 4.890451823617349092e+00 -9.707653490668365137e+00 -9.896206462096936107e+00
4.575000000000000178e-01 5.321392398023473191e+00 -9.707597630547953216e+00 -9.912063730547954421e+00
4.590000000000000191e-01 5.022646425208455057e+00 -9.709667517648686186e+00 -9.912969531934400891e+00
4.605000000000000204e-01 5.981796760681991287e+00 -9.698516482175147502e+00 -9.879220425032290365e+00
4.620000000000000218e-01 5.068953402806384290e+00 -9.707409440050756899e+00 -9.905804725765042562e+00
4.635000000000000231e-01 4.819433492796507679e+00 -9.707346807203489192e+00 -9.907477378632060905e+00
4.650000000000000244e-01 4.767544171862711622e+00 -9.705784913851573492e+00 -9.904684642423001506e+00
4.665000000000000258e-01 4.384142581210793921e+00 -9.716570161646348680e+00 -9.922788504503490259e+00
4.680000000000000271e-01 5.272615862042032475e+00 -9.715161209386536711e+00 -9.903149409386536206e+00
4.694999999999999729e-01 5.502851155553182494e+00 -9.718417658732530384e+00 -9.909386758732530609e+00
4.709999999999999742e-01 4.408821317222194835e+00 -9.729976839920659870e+00 -9.932016182777804403e+00
4.724999999999999756e-01 4.104087773951082596e+00 -9.731858640334628774e+00 -9.934488068906057734e+00
4.739999999999999769e-01 5.123583381208785426e+00 -9.728906261648354814e+00 -9.915835733076926672e+00
4.754999999999999782e-01 5.587896708745461183e+00 -9.726774991254536928e+00 -9.903082105540251590e+00
4.769999999999999796e-01 5.375753469163919718e+00 -9.730738516550365702e+00 -9.908539302264651738e+00
4.784999999999999809e-01 4.389197946491057323e+00 -9.742214296366082493e+00 -9.933557010651796304e+00
4.799999999999999822e-01 4.702247281892159236e+00 -9.735743346679267773e+00 -9.920228918107838467e+00
4.814999999999999836e-01 4.731504330813754322e+00 -9.741831526329102431e+00 -9.940956297757674420e+00
4.829999999999999849e-01 5.232349091555041909e+00 -9.740730837016386090e+00 -9.929289951302100903e+00
4.844999999999999862e-01 5.395932990982203137e+00 -9.738295937589224849e+00 -9.917141323303511058e+00
4.859999999999999876e-01 4.756727455956974993e+00 -9.746667886900166167e+00 -9.935778515471593408e+00
4.874999999999999889e-01 4.524363913336642895e+00 -9.748379515234786297e+00 -9.946299272377643774e+00
4.889999999999999902e-01 4.345996647116912470e+00 -9.752153424311657659e+00 -9.957541824311656242e+00
4.904999999999999916e-01 5.081861369860504851e+00 -9.751091287282351416e+00 -9.948172430139493372e+00
4.919999999999999929e-01 5.686109508411421487e+00 -9.744009948731433113e+00 -9.922298820160003530e+00
4.934999999999999942e-01 4.641332489609254708e+00 -9.751459538962171436e+00 -9.934661838962171032e+00
4.949999999999999956e-01 4.343604597432044301e+00 -9.755831102567954716e+00 -9.953492531139383814e+00
4.964999999999999969e-01 4.874987258710570259e+00 -9.751876741289429162e+00 -9.937643769860857290e+00
4.979999999999999982e-01 4.757936185985510491e+00 -9.754556885443060210e+00 -9.934960556871631709e+00
4.994999999999999996e-01 3.949385663221725906e+00 -9.761850265349702127e+00 -9.962946551063987854e+00
5.010000000000000009e-01 4.214861402951125768e+00 -9.761321568477447030e+00 -9.958272739906018245e+00
5.024999999999999467e-01 5.195986260558385084e+00 -9.755773096584469783e+00 -9.942515896584469104e+00
5.040000000000000036e-01 4.718527377138110879e+00 -9.762961437147602339e+00 -9.954997951433316672e+00
5.054999999999999494e-01 5.347101893780541459e+00 -9.758039320505170977e+00 -9.935712177648028387e+00
5.070000000000000062e-01 4.557998380142995742e+00 -9.762661191285577189e+00 -9.947939191285575689e+00
5.084999999999999520e-01 4.889488263021300796e+00 -9.764268308407269004e+00 -9.947829108407269416e+00
5.100000000000000089e-01 4.400785826349816077e+00 -9.766200702221611962e+00 -9.956733416507326240e+00
5.114999999999999547e-01 4.381211068344272874e+00 -9.760587088798581945e+00 -9.955392345941438847e+00
5.130000000000000115e-01 5.576839701501802082e+00 -9.751038755641053157e+00 -9.935087155641053158e+00
5.144999999999999574e-01 5.155404581172351897e+00 -9.752712861684790013e+00 -9.939673804541932611e+00
5.160000000000000142e-01 5.202894276987285238e+00 -9.746884765869856082e+00 -9.922716751584141903e+00
5.174999999999999600e-01 5.185291644287941537e+00 -9.748844212854912428e+00 -9.932612012854912464e+00
5.190000000000000169e-01 5.205463824125665440e+00 -9.747140404445760353e+00 -9.929771404445761007e+00
5.204999999999999627e-01 5.195335100404641082e+00 -9.745404528166787372e+00 -9.923101556738215479e+00
5.220000000000000195e-01 5.852261185596210780e+00 -9.740298357260931184e+00 -9.915676771546644730e+00
5.234999999999999654e-01 5.041716363596009387e+00 -9.742915164975416431e+00 -9.916128250689702384e+00
5.250000000000000222e-01 4.696040632581125251e+00 -9.745306238847444291e+00 -9.927366353133157517e+00
5.264999999999999680e-01 4.259086847867250114e+00 -9.749953623561321336e+00 -9.949552823561321091e+00
5.280000000000000249e-01 4.998019293337236491e+00 -9.742696206662762037e+00 -9.930471635234189520e+00
5.294999999999999707e-01 4.510106538584002678e+00 -9.744826089987425277e+00 -9.932036661415995837e+00
5.310000000000000275e-01 4.734638581767638854e+00 -9.741192203946644312e+00 -9.923070518232359305e+00
5.324999999999999734e-01 5.310979706758304886e+00 -9.738350778955979337e+00 -9.919524864670265174e+00
5.340000000000000302e-01 4.413507054564787424e+00 -9.744751074006639868e+00 -9.935007702578069200e+00
5.354999999999999760e-01 5.289334909048804434e+00 -9.737596562379765786e+00 -9.917036290951193322e+00
5.370000000000000329e-01 5.526761839782157182e+00 -9.742458974503554359e+00 -9.923577845932125996e+00
5.384999700000000500e-01 5.119134981278756769e+00 -9.750413990149812804e+00 -9.930023633006957340e+00
5.400000000000000355e-01 4.923225779691646764e+00 -9.755114748879782027e+00 -9.945724148879781623e+00
5.415000300000000211e-01 4.245315648835495281e+00 -9.761469694021648991e+00 -9.952853108307362362e+00
5.430000000000000382e-01 5.544116002212337690e+00 -9.756997297787659562e+00 -9.930590240644802336e+00
5.444999700000000553e-01 4.816811136700566820e+00 -9.762617177585147132e+00 -9.941324634728005094e+00
5.460000000000000409e-01 3.824215349482223303e+00 -9.767906879089203187e+00 -9.956814593374918587e+00
5.475000300000000264e-01 5.010352911189729141e+00 -9.763886274524555375e+00 -9.936257688810268718e+00
5.490000000000000435e-01 5.034289520715528710e+00 -9.765572736427326817e+00 -9.935735593570184321e+00
5.504999699999999496e-01 4.284168046657814699e+00 -9.771703881913614609e+00 -9.959757396199327317e+00
5.520000000000000462e-01 4.172141357917277915e+00 -9.776063170654149204e+00 -9.974687999225578139e+00
5.535000300000000317e-01 5.109046581945403176e+00 -9.769815532340309971e+00 -9.940830732340309339e+00
5.550000000000000488e-01 5.869305131597803538e+00 -9.765048139830765805e+00 -9.917038711259337447e+00
5.564999699999999550e-01 5.243949875762826451e+00 -9.772395867094315847e+00 -9.949690267094315033e+00
5.580000000000000515e-01 4.026369397915850357e+00 -9.778994859227005065e+00 -9.969742159227005018e+00
5.595000300000000371e-01 4.432340825185896449e+00 -9.778201003385532886e+00 -9.960682489099818682e+00
5.610000000000000542e-01 5.147602712964522098e+00 -9.776117187035474387e+00 -9.951777801321188832e+00
5.624999699999999603e-01 5.374363644714852839e+00 -9.775266940999433274e+00 -9.954368726713719084e+00
5.639999999999999458e-01 4.779799347057259951e+00 -9.779581110085596052e+00 -9.958307310085595887e+00
5.655000300000000424e-01 4.785252661085376502e+00 -9.781361467486050287e+00 -9.965744796057478538e+00
5.669999999999999485e-01 4.445996427585203747e+00 -9.785072915271936012e+00 -9.971499129557649610e+00
5.684999699999999656e-01 4.284429230307814862e+00 -9.785134226835040749e+00 -9.966001455406470200e+00
5.699999999999999512e-01 4.976569653303176466e+00 -9.780849446696821659e+00 -9.954258332411107801e+00
5.715000300000000477e-01 5.141101965916606176e+00 -9.781064262654821206e+00 -9.952263319797676644e+00
5.729999999999999538e-01 5.104603294329912444e+00 -9.782995762812943141e+00 -9.961579234241515479e+00
5.744999699999999709e-01 5.202083651152426214e+00 -9.783212577419000411e+00 -9.956065591704716056e+00
5.759999999999999565e-01 4.734058763576877382e+00 -9.787614107851691614e+00 -9.956299579280262435e+00
5.775000300000000530e-01 5.380591472058773306e+00 -9.784153299369796386e+00 -9.954058842226940484e+00
5.789999999999999591e-01 5.630997473891392602e+00 -9.784995326108607117e+00 -9.955803197537179017e+00
5.804999699999999763e-01 4.991892496255493583e+00 -9.786426375173077119e+00 -9.952479232315933899e+00
5.819999999999999618e-01 5.277772266628284470e+00 -9.785762304800284639e+00 -9.946548804800285026e+00
5.835000299999999473e-01 5.397646768005406770e+00 -9.789161874851734169e+00 -9.957172446280305067e+00
5.849999999999999645e-01 5.327730268793015256e+00 -9.789114974064126784e+00 -9.959912916921270565e+00
5.864999699999999816e-01 5.476942782170715063e+00 -9.790015946400712821e+00 -9.970450646400713879e+00
5.879999999999999671e-01 4.817805750184772862e+00 -9.792971549815225885e+00 -9.967323364100939997e+00
5.895000299999999527e-01 4.506546298372356318e+00 -9.795149544484782922e+00 -9.966204201627640202e+00
5.909999999999999698e-01 5.162532980539602079e+00 -9.792969076603254663e+00 -9.962197233746111991e+00
5.924999699999999869e-01 5.154887238720972320e+00 -9.794081846993311302e+00 -9.953488289850453086e+00
5.939999999999999725e-01 6.259431943816339938e+00 -9.788381627612228186e+00 -9.943867770469370981e+00
5.955000299999999580e-01 4.834581363905808615e+00 -9.797061193237045273e+00 -9.965261164665616178e+00
5.969999999999999751e-01 5.198445481054049466e+00 -9.794432390374520736e+00 -9.953402447517378349e+00
5.984999699999999923e-01 4.767967166149229996e+00 -9.796840748136482091e+00 -9.954223662422196028e+00
5.999999999999999778e-01 4.727750718943664054e+00 -9.798359566770619367e+00 -9.962797881056332017e+00
6.015000299999999633e-01 4.654434692918954397e+00 -9.801744349938189771e+00 -9.976504249938189517e+00
6.029999999999999805e-01 5.822009069828283145e+00 -9.794449887314570447e+00 -9.957049358743143230e+00
6.044999699999999976e-01 4.851702435126666657e+00 -9.802753236301903428e+00 -9.973502479159046530e+00
6.059999999999999831e-01 4.807409088846252843e+00 -9.800547254010890441e+00 -9.966507511153748666e+00
6.075000299999999687e-01 5.190944727014398907e+00 -9.801016915842740929e+00 -9.964103687271313348e+00
6.089999999999999858e-01 5.383049331074280630e+00 -9.797928583211430009e+00 -9.955848283211430783e+00
6.104999700000000029e-01 4.750778629617979476e+00 -9.803119027524878959e+00 -9.972389441810593169e+00
6.119999999999999885e-01 4.368715494384876052e+00 -9.805383662757980900e+00 -9.974666719900836753e+00
6.135000299999999740e-01 5.007608478235255234e+00 -9.803817336050457243e+00 -9.970169707479028531e+00
6.149999999999999911e-01 4.977544705160841687e+00 -9.804299580553442084e+00 -9.967349094839155654e+00
6.164999700000000082e-01 4.356328475461044292e+00 -9.807557767396096082e+00 -9.978924653110382792e+00
6.179999999999999938e-01 5.452096946867003524e+00 -9.801572910275851314e+00 -9.960214281704423911e+00
6.195000299999999793e-01 5.629248671930517034e+00 -9.802446413783767909e+00 -9.959811399498054385e+00
6.209999999999999964e-01 4.982373631479015685e+00 -9.805191997092409295e+00 -9.966512582806695164e+00
6.224999700000000136e-01 4.993527554660923684e+00 -9.806518116767646731e+00 -9.974538459624788800e+00
6.239999999999999991e-01 5.604876170912211464e+00 -9.804697229087786070e+00 -9.975277100516358075e+00
6.255000299999999847e-01 5.618979461049075752e+00 -9.803917924665210393e+00 -9.966329353236638156e+00
6.270000000000000018e-01 5.141894548450425262e+00 -9.804941294406715357e+00 -9.959399651549572852e+00
6.284999700000000189e-01 5.392657162541041771e+00 -9.805402937458955748e+00 -9.963543908887528389e+00
6.300000000000000044e-01 5.257300175889117355e+00 -9.806007366968024996e+00 -9.964812195539453299e+00
6.315000299999999900e-01 5.007283569005261725e+00 -9.809297830994736955e+00 -9.969968059566165053e+00
6.330000000000000071e-01 5.163528750678494816e+00 -9.809965206464362097e+00 -9.981952392178648381e+00
6.344999700000000242e-01 4.701441450608752959e+00 -9.811831020819818505e+00 -9.984930963676962534e+00
6.360000000000000098e-01 5.092744541638063893e+00 -9.809838844076221420e+00 -9.969789172647649522e+00
6.375000299999999953e-01 4.810203718258676986e+00 -9.810381038884179006e+00 -9.967579167455607347e+00
6.390000000000000124e-01 5.103943246099751363e+00 -9.808736939614531636e+00 -9.962770311043103177e+00
6.404999700000000296e-01 4.842580283706604760e+00 -9.812788044864822368e+00 -9.978624759150537926e+00
6.420000000000000151e-01 4.914979132765315839e+00 -9.810970510091825858e+00 -9.980038695806111804e+00
6.435000300000000006e-01 4.891604058894090556e+00 -9.811272612534478910e+00 -9.974088669677335872e+00
6.450000000000000178e-01 5.851110755992319667e+00 -9.809423772579108913e+00 -9.965748101150536442e+00
6.464999700000000349e-01 6.437383525735173251e+00 -9.805983517121969584e+00 -9.953600031407683346e+00
6.480000000000000204e-01 5.545855241508695244e+00 -9.810929501348446991e+00 -9.962933015634162004e+00
6.495000300000000060e-01 5.218554454344266347e+00 -9.812632088512875939e+00 -9.974995545655731988e+00
6.510000000000000231e-01 5.020526857841574042e+00 -9.813984370729851747e+00 -9.979947985015567014e+00
6.524999700000000402e-01 5.182258182518713951e+00 -9.814264703195572537e+00 -9.970766231766999610e+00
6.540000000000000258e-01 5.661888444889005001e+00 -9.811247969396706736e+00 -9.960152183682421168e+00
6.555000300000000113e-01 5.360090481398527729e+00 -9.813747704315758824e+00 -9.967977118601472952e+00
6.570000000000000284e-01 4.950489985348774269e+00 -9.817467628936936919e+00 -9.978112943222651410e+00
6.584999700000000455e-01 5.588195544670941928e+00 -9.814047941043344991e+00 -9.969299683900487707e+00
6.600000000000000311e-01 4.895252890432963966e+00 -9.818397052424176152e+00 -9.978448523852748053e+00
6.615000300000000166e-01 5.223574858782830788e+00 -9.815922055502880994e+00 -9.976618869788596911e+00
6.630000000000000338e-01 4.981639999868241020e+00 -9.818293328703186162e+00 -9.979798585846044290e+00
6.644999700000000509e-01 5.168539759032242387e+00 -9.818313626682041217e+00 -9.974737940967756344e+00
6.660000000000000364e-01 5.346504153324687536e+00 -9.816646175246738437e+00 -9.963683175246737633e+00
6.675000300000000220e-01 4.957416018597012197e+00 -9.817093124260130921e+00 -9.963926224260131193e+00
6.690000000000000391e-01 4.610728190416077510e+00 -9.821472109583922361e+00 -9.985128709583921847e+00
6.704999699999999452e-01 4.720669257249813455e+00 -9.821091014178756851e+00 -9.981751685607328284e+00
6.720000000000000417e-01 4.959262093557292417e+00 -9.818431392156991677e+00 -9.969847292156991614e+00
6.735000300000000273e-01 4.627400963466365980e+00 -9.821995150819347487e+00 -9.984655879390775368e+00
6.750000000000000444e-01 5.130571559393176884e+00 -9.819645312035394369e+00 -9.974202997749680222e+00
6.764999699999999505e-01 5.573298184357836860e+00 -9.818740758499304278e+00 -9.971595715642161295e+00
6.780000000000000471e-01 5.193515141655943523e+00 -9.821976672629769922e+00 -9.980454172629769971e+00
6.795000300000000326e-01 5.232659552264726344e+00 -9.821472576306701896e+00 -9.982764933449558953e+00
6.810000000000000497e-01 5.031699965451174705e+00 -9.820963377405966810e+00 -9.975787177405965878e+00
6.824999699999999558e-01 5.164494970214880354e+00 -9.819391286927974249e+00 -9.966053372642260655e+00
6.840000000000000524e-01 5.184191727258097515e+00 -9.820487272741901918e+00 -9.971511958456186875e+00
6.855000300000000379e-01 5.753538785837573499e+00 -9.817726785590993543e+00 -9.961952099876707933e+00
6.870000000000000551e-01 4.813507552072712414e+00 -9.825326205070142649e+00 -9.985107290784428713e+00
6.884999699999999612e-01 5.385762329512719049e+00 -9.820341770487278410e+00 -9.976543213344422512e+00
6.899999999999999467e-01 4.837680279122370308e+00 -9.823812806591915248e+00 -9.981657020877628739e+00
6.915000300000000433e-01 5.131409949868064757e+00 -9.821827764417648154e+00 -9.976099221560506436e+00
6.929999999999999494e-01 5.767902747580324174e+00 -9.818202352419676870e+00 -9.968874766705390300e+00
6.944999699999999665e-01 4.837544404642407869e+00 -9.824327481071875923e+00 -9.982248738214734018e+00
6.959999999999999520e-01 4.609844939423160426e+00 -9.825079317719692895e+00 -9.986186989148265525e+00
6.975000300000000486e-01 4.741422900600214874e+00 -9.825238656542637727e+00 -9.987747699399781354e+00
6.989999999999999547e-01 4.539545408002517490e+00 -9.824414520568911513e+00 -9.982909249140339725e+00
7.004999699999999718e-01 4.559648194274636523e+00 -9.825262134296790961e+00 -9.987467105725361449e+00
7.019999999999999574e-01 4.962645563759618739e+00 -9.825639479097523221e+00 -9.985045350526094765e+00
7.035000300000000539e-01 4.913721779133625844e+00 -9.825437049437802273e+00 -9.985015520866372896e+00
7.049999999999999600e-01 4.399282531368463367e+00 -9.828186640060108559e+00 -9.988475540060107960e+00
7.064999699999999772e-01 5.202416410511590428e+00 -9.822361260916981252e+00 -9.972210860916980835e+00
7.079999999999999627e-01 5.023092006878918880e+00 -9.824538393121077462e+00 -9.979862421692507368e+00
7.095000299999999482e-01 5.777689297146736180e+00 -9.822774917138977102e+00 -9.975606159996118549e+00
7.109999999999999654e-01 5.602431114859898642e+00 -9.823958285140101054e+00 -9.976335213711529093e+00
7.124999699999999825e-01 5.472186050324555850e+00 -9.818812749675441154e+00 -9.968781063961156264e+00
7.139999999999999680e-01 4.632101265542473811e+00 -9.820273363028952929e+00 -9.978354848743238747e+00
7.155000299999999536e-01 5.284335308334503267e+00 -9.813805720236921104e+00 -9.968193291665492950e+00
7.169999999999999707e-01 5.017009583391608629e+00 -9.812543530894103583e+00 -9.965269173751247322e+00
7.184999699999999878e-01 4.954248395563018548e+00 -9.809394890151265756e+00 -9.957321747294123782e+00
7.199999999999999734e-01 4.666117478535007024e+00 -9.811374035750706213e+00 -9.964240650036419567e+00
7.215000299999999589e-01 5.544646808417489581e+00 -9.805936934439653641e+00 -9.947874163011080739e+00
7.229999999999999760e-01 5.876754932477689763e+00 -9.802156267522306621e+00 -9.943916867522306191e+00
7.244999699999999931e-01 5.133996155820902629e+00 -9.807731558464810817e+00 -9.967287258464809341e+00
7.259999999999999787e-01 5.102020498102286084e+00 -9.808721159040571180e+00 -9.964935844754856831e+00
7.275000299999999642e-01 5.192276506579558415e+00 -9.805920407706155473e+00 -9.956152364849012670e+00
7.289999999999999813e-01 4.771687013955011381e+00 -9.808520257473560378e+00 -9.966506057473559110e+00
7.304999699999999985e-01 4.512433468445781415e+00 -9.808231388697075559e+00 -9.970756917268502661e+00
7.319999999999999840e-01 4.981630175674563787e+00 -9.805257881468291359e+00 -9.963709652896863389e+00
7.335000299999999696e-01 6.350767111191396808e+00 -9.796557603094317557e+00 -9.933223274522887891e+00
7.349999999999999867e-01 5.499055678849535056e+00 -9.802538092579036189e+00 -9.951235392579036443e+00
7.364999700000000038e-01 5.303037327119481503e+00 -9.801570772880516813e+00 -9.949837387166232006e+00
7.379999999999999893e-01 5.257572076161551422e+00 -9.800078338124160737e+00 -9.940474752409874881e+00
7.395000299999999749e-01 4.235498472676860970e+00 -9.806275813037423461e+00 -9.965159013037423463e+00
7.409999999999999920e-01 4.725665063099867780e+00 -9.803626036900130458e+00 -9.961145051185845034e+00
7.424999700000000091e-01 5.585047581867366162e+00 -9.798773803846918540e+00 -9.948819446704060709e+00
7.439999999999999947e-01 4.735808906533071294e+00 -9.804411507752641697e+00 -9.963253022038355056e+00
7.455000299999999802e-01 5.730463297807981249e+00 -9.798680287906305963e+00 -9.953945845049162244e+00
7.469999999999999973e-01 5.188077873280818153e+00 -9.801066369576322046e+00 -9.958869512433464521e+00
7.484999700000000145e-01 5.276522653353330483e+00 -9.797099603789524380e+00 -9.949229589503810089e+00
7.500000000000000000e-01 5.185416230114114455e+00 -9.799150227028743387e+00 -9.950021998457314609e+00
7.515000299999999855e-01 5.433352863999980187e+00 -9.797102821714304355e+00 -9.949076193142875724e+00
7.530000000000000027e-01 5.194639672327026503e+00 -9.797052427672969799e+00 -9.952516156244398005e+00
7.544999700000000198e-01 4.992600961460572861e+00 -9.798703167110852874e+00 -9.957421995682281590e+00
7.560000000000000053e-01 5.154431038022726952e+00 -9.795327404834413443e+00 -9.950439147691556130e+00
7.575000299999999909e-01 5.284078447892071040e+00 -9.794873680679357264e+00 -9.955393780679356652e+00
7.590000000000000080e-01 4.898618879542315341e+00 -9.796344034743396989e+00 -9.958733191886253167e+00
7.604999700000000251e-01 4.731395211015255953e+00 -9.795289774699028840e+00 -9.953936231841884918e+00
7.620000000000000107e-01 5.218254606322288325e+00 -9.792265365106283426e+00 -9.945763822249141128e+00
7.635000299999999962e-01 6.094132753928274582e+00 -9.786501988928867135e+00 -9.926166974643152230e+00
7.650000000000000133e-01 5.661122484894809403e+00 -9.788642429390904454e+00 -9.939705243676618451e+00
7.664999700000000304e-01 4.641748106081635683e+00 -9.789606522489792795e+00 -9.952076179632650010e+00
7.680000000000000160e-01 5.362129638888033512e+00 -9.780688189683392153e+00 -9.930763261111964724e+00
7.695000300000000015e-01 4.658857057223999121e+00 -9.779923328490285783e+00 -9.935986085633143006e+00
7.710000000000000187e-01 5.453681763312097530e+00 -9.772848350973616149e+00 -9.923614265259329770e+00
7.724999700000000358e-01 4.552099492828645566e+00 -9.777078207171351565e+00 -9.940861664314208923e+00
7.740000000000000213e-01 4.922027410273706494e+00 -9.771165532583435009e+00 -9.937751746869148306e+00
7.755000300000000069e-01 5.540709775004080129e+00 -9.765544553567346853e+00 -9.929626982138776370e+00
7.770000000000000240e-01 4.632933703262152036e+00 -9.770457468166418025e+00 -9.940812782452130847e+00
7.784999700000000411e-01 4.988004930967990802e+00 -9.765300197603435706e+00 -9.927445640460579313e+00
7.800000000000000266e-01 5.483777765721031372e+00 -9.761362819993255613e+00 -9.922412562850396966e+00
7.815000300000000122e-01 5.267609323755149120e+00 -9.759100304816278992e+00 -9.917178090530565981e+00
7.830000000000000293e-01 5.778396721048546070e+00 -9.754349693237166719e+00 -9.910962664665738941e+00
7.844999700000000464e-01 5.226281408049350929e+00 -9.756970891950649261e+00 -9.910988634807791797e+00
7.860000000000000320e-01 5.465090549740670767e+00 -9.753265621687898346e+00 -9.904713321687898642e+00
7.875000300000000175e-01 5.026501262092315514e+00 -9.753757023621966837e+00 -9.915007452193396631e+00
7.890000000000000346e-01 5.461717803677155203e+00 -9.752014110608557829e+00 -9.913621110608557885e+00
7.904999700000000518e-01 5.468014482327104631e+00 -9.747384889101464722e+00 -9.901696031958607591e+00
7.920000000000000373e-01 5.314358463264685639e+00 -9.747842793878168877e+00 -9.903678451021026063e+00
7.935000300000000228e-01 5.756786862197337484e+00 -9.743859709231230681e+00 -9.898761994945516562e+00
7.950000000000000400e-01 5.589066794580038078e+00 -9.738150562562818635e+00 -9.897601762562818095e+00
7.964999699999999461e-01 5.430383997055651335e+00 -9.731536345801490739e+00 -9.888161860087205213e+00
7.980000000000000426e-01 5.106655635084679901e+00 -9.728742307772460407e+00 -9.893962122058173492e+00
7.995000300000000282e-01 5.075965966971073939e+00 -9.726150890171782137e+00 -9.891830433028925285e+00
8.010000000000000453e-01 5.665262107910772116e+00 -9.719912406374941582e+00 -9.888979492089227108e+00
8.024999699999999514e-01 5.626384080499024165e+00 -9.717261862358117952e+00 -9.892094719500976296e+00
8.040000000000000480e-01 4.923176193290039748e+00 -9.717773278138530202e+00 -9.889734449567102459e+00
8.055000300000000335e-01 5.470152704328846482e+00 -9.709129438528293576e+00 -9.871587838528293801e+00
8.070000000000000506e-01 5.293156442839810794e+00 -9.708715171445902570e+00 -9.868755514303044762e+00
8.084999699999999567e-01 5.237641717369138306e+00 -9.705740039773719019e+00 -9.863949954059432201e+00
8.100000000000000533e-01 5.337917122420442695e+00 -9.706060634722412317e+00 -9.879650163293840492e+00
8.115000300000000388e-01 5.611394058638721205e+00 -9.700248598504135344e+00 -9.870655498504135039e+00
8.129999999999999449e-01 5.416465354992777037e+00 -9.696757330721506918e+00 -9.862608045007222657e+00
8.144999699999999621e-01 5.978991034549776984e+00 -9.691429536878795048e+00 -9.855983108307366791e+00
8.159999999999999476e-01 5.505793977761300084e+00 -9.692374479381555830e+00 -9.866223765095840648e+00
8.175000300000000442e-01 5.548622727874041871e+00 -9.688640957840243928e+00 -9.857203586411671381e+00
8.189999999999999503e-01 6.154614399317299700e+00 -9.681773857825554330e+00 -9.837149672111268117e+00
8.204999699999999674e-01 6.220840443963457034e+00 -9.678694798893683782e+00 -9.843319627465112021e+00
8.219999999999999529e-01 5.632263742496331105e+00 -9.680524900360811813e+00 -9.853295657503668536e+00
8.235000300000000495e-01 5.783281409337499568e+00 -9.678368576376783494e+00 -9.845389319233927239e+00
8.249999999999999556e-01 5.532481987235643217e+00 -9.676123769907214012e+00 -9.848885869907213930e+00
8.264999699999999727e-01 5.326394071152634524e+00 -9.673844728847365460e+00 -9.853367271704508212e+00
8.279999999999999583e-01 5.731426256288781218e+00 -9.671336772282643324e+00 -9.846936786568358357e+00
8.295000300000000548e-01 5.735124228242314715e+00 -9.665011086043397981e+00 -9.832874243186255470e+00
8.309999999999999609e-01 5.405749386654481015e+00 -9.666819884774090710e+00 -9.850145384774091184e+00
8.324999699999999780e-01 5.143160326718046349e+00 -9.662842958996238352e+00 -9.839682101853380658e+00
8.339999999999999636e-01 5.316297072434077009e+00 -9.660428141851634010e+00 -9.835137898994492645e+00
8.355000299999999491e-01 5.851753880579195766e+00 -9.654430619420800497e+00 -9.828997019420800285e+00
8.369999999999999662e-01 4.904393579117575896e+00 -9.649558149453852707e+00 -9.839316392310994530e+00
8.384999699999999834e-01 4.537411906328557620e+00 -9.644019593671441015e+00 -9.826964793671439935e+00
8.399999999999999689e-01 5.792143172155352460e+00 -9.630357370701791098e+00 -9.800175727844647966e+00
8.415000299999999545e-01 5.011805918840467555e+00 -9.627080466873815467e+00 -9.809891138302386793e+00
8.429999999999999716e-01 4.349461545529909046e+00 -9.629934283041515997e+00 -9.837659183041516542e+00
8.444999699999999887e-01 5.516558647873857524e+00 -9.611054394983282734e+00 -9.789106266411854662e+00
8.459999999999999742e-01 5.882258678899040305e+00 -9.603198878243814463e+00 -9.778500121100957898e+00
8.475000299999999598e-01 6.083368752029926441e+00 -9.600576990827216051e+00 -9.779920262255787478e+00
8.489999999999999769e-01 6.004324551881849104e+00 -9.597588576689579654e+00 -9.779619033832435804e+00
8.504999699999999940e-01 5.199638960045772862e+00 -9.597554697097082865e+00 -9.797305468525655314e+00
8.519999999999999796e-01 5.089227715487623982e+00 -9.592713413083803431e+00 -9.795597627369517113e+00
8.535000299999999651e-01 5.324092217101316749e+00 -9.581537940041538803e+00 -9.770842282898680509e+00
8.549999999999999822e-01 5.899436720687594615e+00 -9.574783679312403706e+00 -9.765288250740974618e+00
8.564999699999999994e-01 4.722492679491026024e+00 -9.580750249080402625e+00 -9.794937091937544693e+00
8.579999999999999849e-01 5.117241546986663892e+00 -9.572123667299047511e+00 -9.775716053013333351e+00
8.595000299999999704e-01 5.419551864682528475e+00 -9.568026506746040383e+00 -9.779384349603184035e+00
8.609999999999999876e-01 4.815657888138000331e+00 -9.559012697576285689e+00 -9.756960640433428367e+00
8.624999700000000047e-01 5.046911070821174405e+00 -9.558866014893109053e+00 -9.767328414893109212e+00
8.639999999999999902e-01 6.045692866429055456e+00 -9.545817176428084139e+00 -9.737846804999511718e+00
8.655000299999999758e-01 5.661367530514127111e+00 -9.540323512343016787e+00 -9.732907198057301201e+00
8.669999999999999929e-01 4.681442175539055839e+00 -9.542062810175227838e+00 -9.749071038746656370e+00
8.684999700000000100e-01 3.857463969479717036e+00 -9.543141001948852065e+00 -9.766985287663137782e+00
8.699999999999999956e-01 4.589750080539269916e+00 -9.533976648032158607e+00 -9.761628576603586183e+00
8.715000299999999811e-01 4.657219049745028983e+00 -9.530426550254970763e+00 -9.756337850254970689e+00
8.729999999999999982e-01 5.655732275036202239e+00 -9.517529982106653463e+00 -9.718775396392366872e+00
8.744999700000000153e-01 5.596882638894937756e+00 -9.513086475390773344e+00 -9.722264589676488100e+00
8.760000000000000009e-01 5.239943024029049212e+00 -9.511316304542376088e+00 -9.725268347399520508e+00
8.775000299999999864e-01 6.404656256942507397e+00 -9.494572143057490976e+00 -9.690127014486062507e+00
8.790000000000000036e-01 4.231438021052870369e+00 -9.506769150375701471e+00 -9.723559021804273783e+00
8.804999700000000207e-01 3.931099770489907996e+00 -9.504027129510092209e+00 -9.735512786652948947e+00
8.820000000000000062e-01 3.430401388178879074e+00 -9.502837768963978249e+00 -9.740327411821120052e+00
8.835000299999999918e-01 4.440254700387935571e+00 -9.494196913897777534e+00 -9.733226756754920217e+00
8.850000000000000089e-01 5.690809247443368690e+00 -9.476550952556626939e+00 -9.687340481128055458e+00
8.864999700000000260e-01 5.282570912263953034e+00 -9.479034773450331741e+00 -9.703401444878902993e+00
8.880000000000000115e-01 3.554454863705142742e+00 -9.487224107723426059e+00 -9.737174679151998191e+00
8.895000299999999971e-01 4.596022784943954775e+00 -9.473330886484616187e+00 -9.699366043627472678e+00
8.910000000000000142e-01 5.079575787502969675e+00 -9.465026698211314482e+00 -9.675062483925600532e+00
8.924999700000000313e-01 4.192683040231282021e+00 -9.462687116911572716e+00 -9.684707402625857497e+00
8.940000000000000169e-01 4.610793140770201859e+00 -9.458247630658368266e+00 -9.695262887801224139e+00
8.955000300000000024e-01 4.851717486350278108e+00 -9.450254927935434424e+00 -9.671727827935432842e+00
8.970000000000000195e-01 4.795120331120788393e+00 -9.446153068879210579e+00 -9.673512297450638897e+00
8.984999700000000367e-01 4.740178844145354731e+00 -9.442811341568928540e+00 -9.673417655854644082e+00
9.000000000000000222e-01 5.602603051849611049e+00 -9.429856176721814975e+00 -9.661035391007530393e+00
9.015000300000000077e-01 5.320088636948057115e+00 -9.427202177337656863e+00 -9.653365234480512314e+00
9.030000000000000249e-01 5.497358424789918985e+00 -9.419163303781507679e+00 -9.635051146638650366e+00
9.044999700000000420e-01 6.768752441794694263e+00 -9.408520643919588977e+00 -9.624874158205303232e+00
9.060000000000000275e-01 6.433790714599380678e+00 -9.405440671114904561e+00 -9.609445842543475891e+00
9.075000300000000131e-01 5.278398925689987919e+00 -9.405794302881441027e+00 -9.634196974310011541e+00
9.090000000000000302e-01 3.422177328760389159e+00 -9.413315156953895979e+00 -9.681019514096751877e+00
9.104999700000000473e-01 3.884882807584432385e+00 -9.405074720986995374e+00 -9.664688549558423603e+00
9.120000000000000329e-01 4.774033103294668123e+00 -9.397981953848187686e+00 -9.653411625276760333e+00
9.135000300000000184e-01 5.689656755293304613e+00 -9.386350330420979660e+00 -9.627982501849549735e+00
9.150000000000000355e-01 4.523840302763586507e+00 -9.388536868664981938e+00 -9.645388440093553228e+00
9.164999700000000527e-01 4.391952343975029649e+00 -9.378722213167826283e+00 -9.620359227453540996e+00
9.180000000000000382e-01 4.447671477411342167e+00 -9.380011994017225518e+00 -9.632992451160083291e+00
9.195000300000000237e-01 3.886738670821365815e+00 -9.375481400607203142e+00 -9.635291929178631420e+00
9.210000000000000409e-01 3.772816606022415087e+00 -9.373617151120440028e+00 -9.644894379691868025e+00
9.224999699999999470e-01 5.168559738635282841e+00 -9.358952547079001150e+00 -9.612613275650428335e+00
9.240000000000000435e-01 5.241432810207598436e+00 -9.353613846935257214e+00 -9.608381704078114538e+00
9.255000300000000291e-01 5.077044359693811515e+00 -9.348984926020472486e+00 -9.606514554591901955e+00
9.270000000000000462e-01 4.616101497261464459e+00 -9.339140945595676868e+00 -9.587939045595677001e+00
9.284999699999999523e-01 4.303465678738239930e+00 -9.339086306976044582e+00 -9.593979792690330299e+00
9.300000000000000488e-01 6.093481217305543041e+00 -9.324593311265882534e+00 -9.567031382694453967e+00
9.315000300000000344e-01 6.628156651696754054e+00 -9.308005776874672677e+00 -9.536927548303243185e+00
9.330000000000000515e-01 4.994509091860066974e+00 -9.316174022425645518e+00 -9.568115793854216733e+00
9.344999699999999576e-01 4.343311422399926514e+00 -9.309918406171499683e+00 -9.561126163314357385e+00
9.360000000000000542e-01 4.792846528129997452e+00 -9.301184029012858900e+00 -9.568710271870003226e+00
9.375000300000000397e-01 4.969581518992992386e+00 -9.301865452435578163e+00 -9.570452638149864910e+00
9.389999999999999458e-01 4.906036361862494033e+00 -9.289623666708932248e+00 -9.558123209566074863e+00
9.404999699999999629e-01 4.516896798689604253e+00 -9.285124187024679898e+00 -9.560050487024678745e+00
9.419999999999999485e-01 4.910511428775816256e+00 -9.280335356938467228e+00 -9.542737871224181490e+00
9.435000300000000450e-01 4.069520218989351790e+00 -9.280232081010646894e+00 -9.561735052439217952e+00
9.449999999999999512e-01 5.105873135988197475e+00 -9.260750706868945414e+00 -9.535195649726087908e+00
9.464999699999999683e-01 3.914366350497113345e+00 -9.268784335217169712e+00 -9.571007935217169305e+00
9.479999999999999538e-01 3.910685319161023799e+00 -9.259555452267546727e+00 -9.562289609410404623e+00
9.495000300000000504e-01 4.638421151489810157e+00 -9.252273177081619338e+00 -9.525370391367333767e+00
9.509999999999999565e-01 6.090786385356308230e+00 -9.233205628929400888e+00 -9.485382571786544759e+00
9.524999699999999736e-01 5.437681477400266417e+00 -9.232255565456874535e+00 -9.473407694028303183e+00
9.539999999999999591e-01 5.622102170179875458e+00 -9.216503529820121443e+00 -9.457177415534406606e+00
9.555000299999999447e-01 5.231987001562862005e+00 -9.220445755579994795e+00 -9.502147069865708673e+00
9.569999999999999618e-01 5.716445937781653441e+00 -9.209547005075487291e+00 -9.459177190789773704e+00
9.584999699999999789e-01 5.097554721389396803e+00 -9.205640021467745626e+00 -9.469038735753459335e+00
9.599999999999999645e-01 5.896671952284588514e+00 -9.197993962001124402e+00 -9.495701947715410540e+00
9.615000299999999500e-01 3.429998025266087325e+00 -9.217696274733912176e+00 -9.536670560448197165e+00
9.629999999999999671e-01 4.636573049213531306e+00 -9.192371950786466073e+00 -9.499356407929322899e+00
9.644999699999999843e-01 5.020656909734766415e+00 -9.184732290265232635e+00 -9.495864075979518759e+00
9.659999999999999698e-01 3.879424206924143803e+00 -9.177932678790140741e+00 -9.490304621647283057e+00
9.675000299999999553e-01 3.940255192513570037e+00 -9.169955336057856954e+00 -9.496756307486428739e+00
9.689999999999999725e-01 4.189930403746052079e+00 -9.170916567682516174e+00 -9.491685153396803187e+00
9.704999699999999896e-01 6.329019297853992754e+00 -9.134436316431719050e+00 -9.391341645003148386e+00
9.719999999999999751e-01 8.310829475126046972e+00 -9.105833796302524874e+00 -9.315661196302524871e+00
9.735000299999999607e-01 7.598265187086180816e+00 -9.101273370056677692e+00 -9.277231327199533695e+00
9.749999999999999778e-01 8.825037827914108846e+00 -9.079803886371603738e+00 -9.265282686371604015e+00
9.764999699999999949e-01 1.015880742646521995e+01 -9.061552716391922502e+00 -9.247579759249063613e+00
9.779999999999999805e-01 7.770902583220882676e+00 -9.078233445350546660e+00 -9.323337031064831137e+00
9.795000299999999660e-01 6.253437549499027526e+00 -9.085624564786686008e+00 -9.372779650500971727e+00
9.809999999999999831e-01 5.202648004989413266e+00 -9.081241209296299743e+00 -9.336388423582013374e+00
9.824999700000000002e-01 5.964133978740258968e+00 -9.063164564116885202e+00 -9.349971464116885400e+00
9.839999999999999858e-01 5.267645499995490255e+00 -9.068657985718793668e+00 -9.390773071433079267e+00
9.855000299999999713e-01 3.998576819868921106e+00 -9.065309922988221913e+00 -9.411643880131078888e+00
9.869999999999999885e-01 3.511304903562239232e+00 -9.060897525009188769e+00 -9.416285739294904644e+00
9.884999700000000056e-01 3.637778923172060530e+00 -9.056004676827937416e+00 -9.413558176827937274e+00
9.899999999999999911e-01 3.501555193846156655e+00 -9.035628420439556052e+00 -9.369495863296698701e+00
9.915000299999999767e-01 3.788950537924675288e+00 -9.029853776361036921e+00 -9.379267376361038799e+00
9.929999999999999938e-01 3.599028634694594331e+00 -9.013540293876832976e+00 -9.339348436733976300e+00
9.944999700000000109e-01 3.757858370727912956e+00 -9.005112186414942599e+00 -9.381817014986371106e+00
9.959999999999999964e-01 4.627302918503209739e+00 -8.992677795782503480e+00 -9.347959910068217582e+00
9.975000299999999820e-01 5.090796814446044039e+00 -8.973495514125383821e+00 -9.304334742696811489e+00
9.989999999999999991e-01 4.018520451930578830e+00 -8.961384605212277421e+00 -9.305087590926563124e+00
1.000499999999999945e+00 4.262735305397374219e+00 -8.958129151745481522e+00 -9.320333066031196267e+00
1.002000000000000002e+00 3.532996498755661463e+00 -8.957469401244336993e+00 -9.341348701244337249e+00
1.003500000000000059e+00 3.968789743545780624e+00 -8.936191156454217577e+00 -9.300384756454217694e+00
1.004999999999999893e+00 4.408461322735275800e+00 -8.923592448693295154e+00 -9.283787834407581485e+00
1.006499999999999950e+00 3.808609090718913848e+00 -8.906906037852513336e+00 -9.303688566423941708e+00
1.008000000000000007e+00 1.600196473318691304e+00 -8.922309440967023164e+00 -9.359048098109880698e+00
1.009500000000000064e+00 3.737785182069549350e+00 -8.871923675073308146e+00 -9.237919789359022360e+00
1.010999999999999899e+00 4.386079785647968521e+00 -8.858874642923458609e+00 -9.187996585780602743e+00
1.012499999999999956e+00 6.020978424157688025e+00 -8.832654432985167503e+00 -9.107476890128024749e+00
1.014000000000000012e+00 5.078973951986851532e+00 -8.829479190870291205e+00 -9.185821748013147214e+00
1.015500000000000069e+00 3.830099794950887926e+00 -8.836713205049111508e+00 -9.248037962191968830e+00
1.016999999999999904e+00 5.071194236006794753e+00 -8.804122192564630467e+00 -9.166739135421773099e+00
1.018499999999999961e+00 5.015793272396017244e+00 -8.784864870461124298e+00 -9.206981313318266302e+00
1.020000000000000018e+00 2.905302901358734147e+00 -8.802855098641266807e+00 -9.272864841498408950e+00
1.021500000000000075e+00 2.818113405848150066e+00 -8.783801594151848136e+00 -9.253496179866134597e+00
1.022999999999999909e+00 3.833685068816240715e+00 -8.749564216898043867e+00 -9.175456659755186095e+00
1.024499999999999966e+00 3.009665458928028059e+00 -8.750789969643399502e+00 -9.217045141071970704e+00
1.026000000000000023e+00 4.069675859133024431e+00 -8.717914855152690379e+00 -9.203679940866976494e+00
1.027500000000000080e+00 3.435280695236674120e+00 -8.715938447620466434e+00 -9.171470476191895926e+00
1.028999999999999915e+00 4.507254678757510291e+00 -8.681578606956772859e+00 -9.120919521242488059e+00
1.030499999999999972e+00 3.920450235498581293e+00 -8.662709621644275160e+00 -9.132511635929988714e+00
1.032000000000000028e+00 2.414418934118900850e+00 -8.670087494452525689e+00 -9.192761151595384206e+00
1.033500000000000085e+00 2.598733057562021997e+00 -8.639549513866549901e+00 -9.146459385295120370e+00
1.034999999999999920e+00 4.146444603056052003e+00 -8.590717539801088876e+00 -9.041769625515373221e+00
1.036499999999999977e+00 3.378452282113666882e+00 -8.596599432172046917e+00 -9.075527389314903104e+00
1.038000000000000034e+00 5.175235663389248231e+00 -8.525552908039321309e+00 -8.939331093753606794e+00
1.039500000000000091e+00 3.918629172678912198e+00 -8.539713970178230085e+00 -9.021807170178229640e+00
1.040999999999999925e+00 3.825110378634793307e+00 -8.527193478508063862e+00 -8.991047378508064014e+00
1.042499999999999982e+00 3.296064992765051826e+00 -8.489206435806375239e+00 -8.993260164377803179e+00
1.044000000000000039e+00 3.016673155148195562e+00 -8.480826844851804935e+00 -9.058402016280375335e+00
1.045500000000000096e+00 1.588166434433043506e+00 -8.465913565566955512e+00 -9.035314051281240211e+00
1.046999999999999931e+00 6.298704399267357701e+00 -8.381664172161212178e+00 -8.842891600732642132e+00
1.048499999999999988e+00 5.629937618297818247e+00 -8.397916524559324358e+00 -8.927162495987895241e+00
1.050000000000000044e+00 3.196100088741472334e+00 -8.367612196972812555e+00 -8.903108082687097635e+00
1.051500000000000101e+00 2.247304664957184173e+00 -8.371502477899957384e+00 -8.925383763614243904e+00
1.052999999999999936e+00 4.012053915588483122e+00 -8.325698655840087170e+00 -8.872924612982945547e+00
1.054499999999999993e+00 2.838306694992155599e+00 -8.322757876436414293e+00 -8.910998133579271396e+00
1.056000000000000050e+00 2.713208286095403210e+00 -8.297065713904594020e+00 -8.885671928190308932e+00
1.057500000000000107e+00 4.549225828967271568e+00 -8.215341313889869213e+00 -8.721906028175583359e+00
1.058999999999999941e+00 4.939191035104377292e+00 -8.212344536324193811e+00 -8.721579393467051133e+00
1.060499999999999998e+00 2.345846187430916885e+00 -8.236108383997652993e+00 -8.862213841140510695e+00
1.062000000000000055e+00 4.632311854584402866e+00 -8.131902573987025207e+00 -8.670905145415597204e+00
1.063499999999999890e+00 3.441810605201370166e+00 -8.152021109084342854e+00 -8.679078251941486855e+00
1.064999999999999947e+00 3.409751007917400045e+00 -8.099275563511168841e+00 -8.743233706368311431e+00
1.066500000000000004e+00 3.433049774224265605e+00 -8.085290082918589860e+00 -8.742449797204304929e+00
1.068000000000000060e+00 4.619847901327085893e+00 -8.028443527244341738e+00 -8.551579098672911883e+00
1.069499999999999895e+00 4.481503529287200749e+00 -7.957722470712797147e+00 -8.547417327855654889e+00
1.070999999999999952e+00 4.976413083879311472e+00 -7.960454916120687230e+00 -8.610620773263544692e+00
1.072500000000000009e+00 2.526385562305785371e+00 -7.971285151979927264e+00 -8.676576294837071046e+00
1.074000000000000066e+00 2.163381390339520038e+00 -7.905860038231908860e+00 -8.634673466803336694e+00
1.075499999999999901e+00 2.610095993752524990e+00 -7.874448720533189672e+00 -8.661413577676047026e+00
1.076999899999999899e+00 2.134074883169937209e+00 -7.782553831115775367e+00 -8.487161973972918716e+00
1.078500000000000014e+00 1.960670086942865709e+00 -7.783325770199991389e+00 -8.571007055914277473e+00
1.080000000000000071e+00 5.336371425455865847e-01 -7.768931714597270499e+00 -8.652537143168698819e+00
1.081499999999999906e+00 1.194495533749803329e+00 -7.644944323393053409e+00 -8.458481180535910582e+00
1.083000100000000021e+00 2.072020458892064099e+00 -7.620678255393650957e+00 -8.362922255393650417e+00
1.084500000000000020e+00 4.519868168889930260e+00 -7.508574402538640058e+00 -8.250217402538639888e+00
1.086000000000000076e+00 3.852269978644534021e+00 -7.452772021355466237e+00 -8.310552164212609227e+00
1.087499999999999911e+00 2.692524255638028663e+00 -7.432945887219112535e+00 -8.319067315790540817e+00
1.088999899999999910e+00 -1.174105061496605984e+00 -7.386134632925177357e+00 -8.541691918639463310e+00
1.090500000000000025e+00 1.976551771541696922e+00 -7.285857085601159078e+00 -8.351122228458301322e+00
1.092000000000000082e+00 3.616431004835614971e+00 -7.206019709450099064e+00 -8.132003852307240876e+00
1.093499999999999917e+00 3.399561265564514656e+00 -7.031247020149768545e+00 -8.041268305864054611e+00
1.095000100000000032e+00 1.644214466895295601e+00 -6.952912104533274018e+00 -7.704055818818988932e+00
1.096500000000000030e+00 -7.896257048504118359e-02 -6.880771141913611721e+00 -8.030510999056469146e+00
1.098000000000000087e+00 -1.043448958600086129e+00 -6.862695101457227942e+00 -8.210644244314369899e+00
1.099499999999999922e+00 3.715414383760991868e+00 -6.598272187667578947e+00 -7.519858330524721524e+00
1.100999899999999920e+00 4.432447251823035117e+00 -6.354540605319820123e+00 -7.261602176748391813e+00
1.102500000000000036e+00 8.372428200875408066e-01 -6.498148179912458744e+00 -7.623167179912458735e+00
1.104000000000000092e+00 2.123609908424992199e+00 -6.332660377289293763e+00 -7.480570520146436309e+00
1.105499999999999927e+00 4.103951573125394603e+00 -6.236575855446033323e+00 -7.162459141160319120e+00
1.107000100000000042e+00 4.577870299317497782e+00 -6.262316557825357677e+00 -7.298029557825358893e+00
1.108500000000000041e+00 5.526455620351519826e+00 -5.942065951077049490e+00 -6.943008951077048962e+00
1.110000000000000098e+00 2.989181401009624039e-01 -6.129962145613322200e+00 -7.429973431327607791e+00
1.111499999999999932e+00 -5.092019179106053173e-01 -6.122008060767748283e+00 -7.589965632196319589e+00
1.112999899999999931e+00 4.080885267176217468e-01 -6.001661616139521094e+00 -7.691547044710949521e+00
1.114500000000000046e+00 1.868235792937882778e+00 -5.904385492776401456e+00 -7.496241207062116274e+00
1.116000000000000103e+00 3.900149556159446362e+00 -5.735621015269124712e+00 -7.350249015269125330e+00
1.117499999999999938e+00 2.225220587485873480e+00 -5.688355698228411583e+00 -7.202490983942697156e+00
1.119000100000000053e+00 4.576346801139255405e+00 -5.579791770289315167e+00 -7.046052770289314537e+00
1.120500000000000052e+00 7.361237157455439828e+00 -5.148988413973131451e+00 -6.412622842544560164e+00
1.122000000000000108e+00 2.277876119026755575e+00 -5.311193738116101848e+00 -6.528996452401815809e+00
1.123499999999999943e+00 1.478762051702165792e+00 -5.185811519726406082e+00 -6.215836805440691393e+00
1.124999899999999942e+00 -1.689208536071729938e+00 -5.142210678928871737e+00 -6.766782821786014424e+00
1.126500000000000057e+00 -6.861178952131030684e-01 -4.898023323784530980e+00 -6.204873038070245705e+00
1.127999999999999892e+00 -1.771008351880032805e+00 -4.836701780451460486e+00 -7.041085209022888591e+00
1.129499999999999948e+00 2.767846579833216580e+00 -4.649724705881067344e+00 -6.654096563023923494e+00
1.131000100000000064e+00 3.197649575164049907e-01 -4.568333899626450645e+00 -6.973500042483593120e+00
1.132500000000000062e+00 -2.294468117186519329e+00 -4.271697260043661792e+00 -7.142305117186518615e+00
1.133999999999999897e+00 -3.905741037285584305e+00 -4.174617465857012988e+00 -7.279421037285584539e+00
1.135499999999999954e+00 5.166261562549118835e+00 -3.461473723165166660e+00 -4.401394008879452535e+00
1.136999899999999952e+00 6.981471047394096630e+00 -2.892817666891615680e+00 -3.278091381177329566e+00
1.138500000000000068e+00 2.541424024996700837e+00 -2.956961260717585027e+00 -4.230605403574727141e+00
1.139999999999999902e+00 7.915070167668289969e+00 -2.135616689474565177e+00 -2.652335118045994200e+00
1.141499999999999959e+00 6.779473961819668659e+00 -1.526751752466044110e+00 -1.137669895323186964e+00
1.143000100000000074e+00 3.265627036968265173e+00 -1.562324963031734626e+00 -2.391168820174590870e+00
1.144500000000000073e+00 4.937312921817241573e+00 -1.115446496113285946e-01 -2.391279935325613337e+00
1.145999999999999908e+00 -6.559004060852738682e+00 -4.027392037098813660e-01 -6.283437775138453141e+00
1.147499999999999964e+00 -2.828330403360981293e+00 1.097064739496159902e+00 -4.335790403360982204e+00
1.148999899999999963e+00 2.971671258868777699e+00 4.599025401725919338e+00 -8.522291697026496138e-01
