0.000000000000000000e+00 -7.677328603579151256e+00 1.949952425356370256e+01 -7.677328603579151256e+00
1.500000000000000031e-03 -7.677199322226767819e+00 4.223958392058946743e+00 -7.677199322226767819e+00
3.000000000000000062e-03 -7.677068938400427811e+00 6.466842044567133740e-01 -7.677068938400427811e+00
4.499999999999999660e-03 -7.676937452085550895e+00 -8.797897377998378232e-01 -7.676937452085550895e+00
6.000000000000000125e-03 -7.676804863270149326e+00 -1.860386006127293435e+00 -7.676804863270149326e+00
7.499999999999999722e-03 -7.676671171944843053e+00 -2.404678457659128910e+00 -7.676671171944843053e+00
8.999999999999999320e-03 -7.676536378102843727e+00 -2.859938806674272804e+00 -7.676536378102843727e+00
1.050000000000000065e-02 -7.676400481739964476e+00 -3.279602767454250056e+00 -7.676400481739964476e+00
1.200000000000000025e-02 -7.676263482854619902e+00 -3.540715339997477784e+00 -7.676263482854619902e+00
1.349999999999999985e-02 -7.676125381447819862e+00 -3.793109238590677279e+00 -7.676125381447819862e+00
1.499999999999999944e-02 -7.675986177523175691e+00 -3.988422748951747643e+00 -7.675986177523175691e+00
1.650000000000000078e-02 -7.675845871086896643e+00 -4.132602156801182147e+00 -7.675845871086896643e+00
1.799999999999999864e-02 -7.675704462147789897e+00 -4.309041462147790824e+00 -7.675704462147789897e+00
1.949999999999999997e-02 -7.675561950717264104e+00 -4.426251379288692611e+00 -7.671777561860121608e+00
2.100000000000000130e-02 -7.559013672523607674e+00 -4.560773765380751854e+00 -7.450622393952179401e+00
2.249999999999999917e-02 -6.651213177583427338e+00 -4.642802334726284563e+00 -6.895464134726283945e+00
2.400000000000000050e-02 -5.323041373058779335e+00 -4.626521801630207875e+00 -6.184251658773064264e+00
2.549999999999999836e-02 -5.485283880400034562e+00 -4.742823594685749100e+00 -6.391466966114320414e+00
2.699999999999999969e-02 1.867200003684077458e-01 -4.706977285345876894e+00 -5.310021856774448601e+00
2.850000000000000103e-02 1.829344055493383792e+01 -4.326663730780445860e+00 -3.772519159351875206e+00
2.999999999999999889e-02 3.705966221183809495e+01 -4.281867645304760828e+00 1.348090211838094632e+00
3.150000000000000022e-02 3.878275178281918443e+02 1.189606542477556594e+00 1.105314068533470007e+01
3.300000000000000155e-02 1.004691613118245982e+03 6.954713118246012904e+00 1.540456740396029645e+01
3.450000000000000289e-02 1.051320652367677440e+03 6.783090939106070749e+00 1.276821379624892749e+01
3.599999999999999728e-02 9.739300927193033885e+02 6.385552290732044334e+00 8.954272719303475014e+00
3.749999999999999861e-02 9.301314627445099177e+02 6.257471744509925493e+00 8.368224173081351580e+00
3.899999999999999994e-02 8.621125481575372760e+02 5.666117157537395421e+00 9.239522443251683370e+00
4.050000000000000128e-02 8.163721632440523308e+02 5.353313244052402275e+00 8.167177529766686206e+00
4.200000000000000261e-02 7.608617794325758723e+02 4.815852861147441821e+00 8.339450861147437166e+00
4.349999999999999700e-02 7.057402395801980219e+02 4.208370865912403502e+00 6.170255437340975035e+00
4.499999999999999833e-02 6.787695008297203003e+02 3.882938544006027115e+00 6.337037258291742248e+00
4.649999999999999967e-02 6.247131203239415527e+02 3.060465181084442321e+00 5.963256895370157906e+00
4.800000000000000100e-02 6.033390123485155527e+02 2.540790205658344014e+00 5.041135205658343388e+00
4.950000000000000233e-02 5.792862626176643062e+02 1.955866617664383966e+00 3.874924903378669683e+00
5.099999999999999672e-02 5.632891711313222913e+02 1.687414988465210541e+00 3.602361417036636482e+00
5.249999999999999806e-02 5.208075807465636444e+02 1.110268317992293419e+00 3.169263889420863123e+00
5.399999999999999939e-02 5.121593057490316596e+02 8.619098918888026262e-01 3.889436606174515809e+00
5.550000000000000072e-02 4.825581318529381178e+02 4.574367100810317055e-01 3.752441138652459429e+00
5.700000000000000205e-02 4.402736876296354467e+02 -3.206908465018365462e-02 2.973433915349815493e+00
5.850000000000000339e-02 4.339056445076162163e+02 -1.511956352408745374e-01 1.893715793330552621e+00
5.999999999999999778e-02 4.093273310582274007e+02 -5.045682274868177331e-01 1.421161915370324103e+00
6.149999999999999911e-02 3.806307329956707122e+02 -8.925390043292278364e-01 1.421080709956486388e+00
6.300000000000000044e-02 3.717076074627165667e+02 -1.007279965854772641e+00 7.527727484309423289e-01
6.450000000000000178e-02 3.415142116021330025e+02 -1.353507540724141478e+00 2.468583164187165835e-01
6.600000000000000311e-02 3.102206025566850940e+02 -1.722788014743461105e+00 -6.239265861720326711e-01
6.750000000000000444e-02 2.918420946119928772e+02 -1.994149388007167012e+00 -7.415736737214526642e-01
6.900000000000000577e-02 2.877529591965305258e+02 -2.103347232040857939e+00 -7.862815177551443213e-01
7.049999999999999323e-02 2.645856963101987276e+02 -2.382457975515573700e+00 -1.057449689801288173e+00
7.199999999999999456e-02 2.391032630957521690e+02 -2.704583904247803261e+00 -1.586548189962088351e+00
7.349999999999999589e-02 2.268464166959433896e+02 -2.896872018342329547e+00 -2.183793589770901100e+00
7.499999999999999722e-02 2.143514428249505954e+02 -3.042806175049387107e+00 -2.151398032192243903e+00
7.649999999999999856e-02 1.997899843398067787e+02 -3.269625374478933644e+00 -2.209044231621790644e+00
7.799999999999999989e-02 1.878952840975421736e+02 -3.433742902457804114e+00 -2.564824188172090125e+00
7.950000000000000122e-02 1.760354992408988437e+02 -3.611047187672554948e+00 -3.026589901958269380e+00
8.100000000000000255e-02 1.678534154840447741e+02 -3.759844087383762634e+00 -3.191647658812334143e+00
8.250000000000000389e-02 1.553976042554311050e+02 -3.898112173140296122e+00 -3.088812030283153653e+00
8.400000000000000522e-02 1.325241312692206748e+02 -4.228932730779327187e+00 -3.498528873636469250e+00
8.550000000000000655e-02 1.302443479538593749e+02 -4.259941617569173999e+00 -3.756130331854888205e+00
8.699999999999999400e-02 1.225893257377906735e+02 -4.404486547923601947e+00 -3.981306262209316493e+00
8.849999999999999534e-02 1.153327231923124430e+02 -4.494793379116100773e+00 -3.942027950544672255e+00
8.999999999999999667e-02 1.071089531744344043e+02 -4.629922968422733653e+00 -4.195897539851305424e+00
9.149999999999999800e-02 1.023373971125921287e+02 -4.693345315979296828e+00 -4.008742315979297643e+00
9.299999999999999933e-02 9.148437500664725519e+01 -4.890687993352729634e+00 -4.266312421924157938e+00
9.450000000000000067e-02 9.134792257074457211e+01 -4.897480714969693949e+00 -4.441079429255408328e+00
9.600000000000000200e-02 8.581743266188341579e+01 -5.019763766688010165e+00 -4.487734195259439396e+00
9.750000000000000333e-02 7.995090527991764873e+01 -5.084010005796638865e+00 -4.640979577225211372e+00
9.900000000000000466e-02 7.096532471041285817e+01 -5.218763432444262662e+00 -4.780249146729977028e+00
1.005000000000000060e-01 6.682525238178928362e+01 -5.293115761067857861e+00 -4.884959046782142877e+00
1.019999999999999934e-01 6.247860829389302495e+01 -5.371460134678400777e+00 -5.102443420392686058e+00
1.034999999999999948e-01 5.986147101799625858e+01 -5.432616267718016090e+00 -5.277827982003730156e+00
1.049999999999999961e-01 5.604816483965429796e+01 -5.491964874631403148e+00 -5.302010017488544946e+00
1.064999999999999974e-01 5.237846404441987858e+01 -5.542360955580119430e+00 -5.460847384151548134e+00
1.079999999999999988e-01 4.901578720355740870e+01 -5.613015082156872282e+00 -5.440913510728300650e+00
1.095000000000000001e-01 4.710727003118592648e+01 -5.644746254528355323e+00 -5.462687254528356462e+00
1.110000000000000014e-01 4.298085538427900332e+01 -5.700176044292422972e+00 -5.474428615720993818e+00
1.125000000000000028e-01 4.480332469123622730e+01 -5.698839880192344332e+00 -5.571534880192344552e+00
1.140000000000000041e-01 4.345750509474031276e+01 -5.727232476688247864e+00 -5.650084190973961640e+00
1.155000000000000054e-01 3.961920373747145163e+01 -5.762728833957115882e+00 -5.709777405385687565e+00
1.170000000000000068e-01 3.992471204782148675e+01 -5.742465666464216412e+00 -5.711063237892788358e+00
1.184999999999999942e-01 3.613840288275117985e+01 -5.790697545820238545e+00 -5.719391688677381680e+00
1.199999999999999956e-01 3.557912767064727433e+01 -5.787527757924150862e+00 -5.731802043638436928e+00
1.214999999999999969e-01 3.440061498275107965e+01 -5.812543160106063311e+00 -5.773712160106063251e+00
1.229999999999999982e-01 3.427149196172991452e+01 -5.805651323984362122e+00 -5.747934323984361882e+00
1.244999999999999996e-01 3.342505860739142776e+01 -5.833107678322851264e+00 -5.786726964037137044e+00
1.260000000000000009e-01 3.223680491954065985e+01 -5.838073080459336595e+00 -5.787393937602193894e+00
1.275000000000000022e-01 3.178324232655153736e+01 -5.850889102019885435e+00 -5.822183244877028763e+00
1.290000000000000036e-01 3.183032082822399644e+01 -5.849421886061710651e+00 -5.851826171775996954e+00
1.305000000000000049e-01 2.826246328149827036e+01 -5.898334147073152067e+00 -5.840912147073152205e+00
1.320000000000000062e-01 3.067632968616917566e+01 -5.874062313830823889e+00 -5.798069028116538348e+00
1.335000000000000075e-01 2.985840575631467786e+01 -5.890096672256753152e+00 -5.886619815113895982e+00
1.350000000000000089e-01 3.014380149172447432e+01 -5.882582079704096856e+00 -5.860088508275525854e+00
1.365000000000000102e-01 3.001795689218570828e+01 -5.898949964957142633e+00 -5.911334250671427704e+00
1.380000000000000115e-01 2.677802338605441079e+01 -5.941987042517018480e+00 -6.009960042517018763e+00
1.395000000000000129e-01 2.783315954454116437e+01 -5.928037884030261218e+00 -5.964130312601689354e+00
1.409999999999999865e-01 2.603818965313974587e+01 -5.982687632574538839e+00 -6.046866775431681162e+00
1.424999999999999878e-01 2.673120228305564439e+01 -6.000984145515777968e+00 -6.049626002658634150e+00
1.439999999999999891e-01 2.470840886263467695e+01 -6.053752994508178276e+00 -6.112326280222463382e+00
1.454999999999999905e-01 2.623690082022008241e+01 -6.041821465494201071e+00 -6.098520179779915118e+00
1.469999999999999918e-01 2.357205958415256575e+01 -6.099936844418859749e+00 -6.187881844418860133e+00
1.484999999999999931e-01 2.333266229705600026e+01 -6.094916988658283685e+00 -6.176928845801141321e+00
1.499999999999999944e-01 2.308795610155169697e+01 -6.105872755591153833e+00 -6.176931612734010812e+00
1.514999999999999958e-01 2.274379956882987841e+01 -6.124936574027266545e+00 -6.182701431170123385e+00
1.529999999999999971e-01 2.178883555579245623e+01 -6.157656301350395545e+00 -6.232633158493252168e+00
1.544999999999999984e-01 2.282080120505314369e+01 -6.157099937803995893e+00 -6.230916094946852724e+00
1.559999999999999998e-01 2.159762651636592778e+01 -6.170015626491216487e+00 -6.238859497919788666e+00
1.575000000000000011e-01 2.009052434662510933e+01 -6.202970939089172298e+00 -6.342121324803457583e+00
1.590000000000000024e-01 2.061051040986533778e+01 -6.210044304420372363e+00 -6.343865061563230157e+00
1.605000000000000038e-01 1.922967327726154707e+01 -6.223916579881304756e+00 -6.325800165595590663e+00
1.620000000000000051e-01 1.760648723427186368e+01 -6.253835337156704810e+00 -6.422828922870991164e+00
1.635000000000000064e-01 1.853170370920901178e+01 -6.256499547933841221e+00 -6.443371305076698974e+00
1.650000000000000078e-01 1.859416984466889389e+01 -6.245436169616816358e+00 -6.364329626759673175e+00
1.665000000000000091e-01 1.806968278324488608e+01 -6.260399231040825185e+00 -6.389045945326539133e+00
1.680000000000000104e-01 1.788702538181352608e+01 -6.278568689615039666e+00 -6.430550675329326005e+00
1.695000000000000118e-01 1.708661621153455457e+01 -6.295812659894013841e+00 -6.445780259894013930e+00
1.710000000000000131e-01 1.625525812927944713e+01 -6.302325856434834783e+00 -6.490811742149120711e+00
1.724999999999999867e-01 1.382129256334573419e+01 -6.334460550939978063e+00 -6.554287722368549396e+00
1.739999999999999880e-01 1.489089237059983084e+01 -6.331085257971593272e+00 -6.511097543685878897e+00
1.754999999999999893e-01 1.515243897933421380e+01 -6.332390420665784170e+00 -6.498031806380070385e+00
1.769999999999999907e-01 1.364456238926739218e+01 -6.358565167875465107e+00 -6.556211553589751162e+00
1.784999999999999920e-01 1.508531402868676707e+01 -6.344035799884657933e+00 -6.521488371313228782e+00
1.799999999999999933e-01 1.293674675444867361e+01 -6.370808445551324972e+00 -6.555627445551325039e+00
1.814999999999999947e-01 1.253390770912117702e+01 -6.381681705164533369e+00 -6.588352419450247410e+00
1.829999999999999960e-01 1.155189260669842355e+01 -6.399082150444434625e+00 -6.635309250444434426e+00
1.844999999999999973e-01 1.069909430402914552e+01 -6.410984081685139557e+00 -6.662970710256567841e+00
1.859999999999999987e-01 1.178874422938815414e+01 -6.391103127754699464e+00 -6.628194484897557359e+00
1.875000000000000000e-01 1.203914523961916672e+01 -6.379628674666545152e+00 -6.627917646095117021e+00
1.890000000000000013e-01 9.823364477277662488e+00 -6.397974379865192240e+00 -6.685866651293763674e+00
1.905000000000000027e-01 9.141346227773754052e+00 -6.400156172226246554e+00 -6.687059015083389291e+00
1.920000000000000040e-01 1.014166763365788881e+01 -6.385038480627827084e+00 -6.633598609199255591e+00
1.935000000000000053e-01 9.407090123192288544e+00 -6.399542305379135598e+00 -6.669613862521992509e+00
1.950000000000000067e-01 9.891380838922392726e+00 -6.390181632506175546e+00 -6.641009218220460752e+00
1.965000000000000080e-01 8.735806923391114864e+00 -6.399006819466024787e+00 -6.681850376608881703e+00
1.980000000000000093e-01 9.144054090567433235e+00 -6.399217738003992295e+00 -6.687756966575420847e+00
1.995000000000000107e-01 8.415459482989254170e+00 -6.409736959867888828e+00 -6.705336045582175331e+00
2.010000000000000120e-01 7.605757386049105229e+00 -6.414799242522320810e+00 -6.721490228236605802e+00
2.025000000000000133e-01 6.315347370851318587e+00 -6.427613129148681104e+00 -6.746913614862966924e+00
2.039999999999999869e-01 7.143295008497704046e+00 -6.413284434359438180e+00 -6.702669105788009674e+00
2.054999999999999882e-01 8.285574727230432757e+00 -6.400275972769568611e+00 -6.666584587055282896e+00
2.069999999999999896e-01 6.925326955289176745e+00 -6.422190973282252635e+00 -6.725460944710824229e+00
2.084999999999999909e-01 7.047744549482533927e+00 -6.417674664803177720e+00 -6.721897750517463521e+00
2.099999999999999922e-01 4.935949223759471316e+00 -6.444681333383384114e+00 -6.804227233383384643e+00
2.114999999999999936e-01 5.668077120637875943e+00 -6.447005150790694472e+00 -6.795599550790694110e+00
2.129999999999999949e-01 6.468115954061720352e+00 -6.466858003081135564e+00 -6.811636031652563261e+00
2.144999999999999962e-01 5.136656723686765957e+00 -6.490194204884661922e+00 -6.855211047741804897e+00
2.159999999999999976e-01 5.380201000594853511e+00 -6.490752327976574421e+00 -6.837594242262288624e+00
2.174999999999999989e-01 5.990803355865336854e+00 -6.492616915563232283e+00 -6.822773015563232235e+00
2.190000000000000002e-01 5.980059503432223700e+00 -6.505365667996347412e+00 -6.846100753710633313e+00
2.205000000000000016e-01 5.669867442941314728e+00 -6.503648099915826819e+00 -6.821648971344397516e+00
2.220000000000000029e-01 4.436353174035933655e+00 -6.522749683106922269e+00 -6.866231611678350610e+00
2.235000000000000042e-01 3.851661553499771351e+00 -6.532064675071656445e+00 -6.890464632214513330e+00
2.250000000000000056e-01 3.305195009542607032e+00 -6.545025361885961956e+00 -6.911609947600248383e+00
2.265000000000000069e-01 5.316387970371746263e+00 -6.535987215342538015e+00 -6.857073815342538126e+00
2.280000000000000082e-01 4.330554721334860524e+00 -6.546979550093709577e+00 -6.900380107236566474e+00
2.295000000000000095e-01 4.370529404920016070e+00 -6.550172952222840905e+00 -6.888865752222840477e+00
2.310000000000000109e-01 4.838936877898504463e+00 -6.551864536387208560e+00 -6.879871422101493827e+00
2.325000000000000122e-01 3.853308568467717521e+00 -6.564498788675138030e+00 -6.928565717246566891e+00
2.340000000000000135e-01 4.478893619108291091e+00 -6.569042580891707672e+00 -6.933014595177422024e+00
2.354999999999999871e-01 4.208026172298389156e+00 -6.574123584844466350e+00 -6.946218699130180418e+00
2.369999999999999885e-01 4.029707084799419192e+00 -6.570112015200580302e+00 -6.914154558057722610e+00
2.384999999999999898e-01 4.034882927656035179e+00 -6.579041286629679242e+00 -6.902797729486821687e+00
2.399999999999999911e-01 3.636267986196136448e+00 -6.586922599518147514e+00 -6.926685356661004711e+00
2.414999999999999925e-01 3.219215974316593787e+00 -6.591912668540548914e+00 -6.954254025683406226e+00
2.429999999999999938e-01 3.064516177340375513e+00 -6.600773194088194629e+00 -6.973780094088194659e+00
2.444999999999999951e-01 3.999362737730853823e+00 -6.594361805126286669e+00 -6.943883305126286487e+00
2.459999999999999964e-01 3.703819512234656663e+00 -6.601958530622485277e+00 -6.956747059193913785e+00
2.474999999999999978e-01 4.304768929024518798e+00 -6.593851842404051311e+00 -6.923756670975479643e+00
2.489999999999999991e-01 3.546283987699294649e+00 -6.606941883729275489e+00 -6.935004240872132186e+00
2.505000000000000004e-01 4.163232973569667372e+00 -6.612338555001759488e+00 -6.948208183573188812e+00
2.520000000000000018e-01 4.340000600515300455e+00 -6.606929170913272031e+00 -6.940730256627556827e+00
2.535000000000000031e-01 3.478418725270540079e+00 -6.620017246158029778e+00 -6.968454431872315169e+00
2.550000000000000044e-01 3.517551490281578985e+00 -6.623909566861277298e+00 -6.972959995432705504e+00
2.565000000000000058e-01 4.426765752277873389e+00 -6.619545504864983165e+00 -6.948414676293554137e+00
2.580000000000000071e-01 4.730464796557860119e+00 -6.621364503442139338e+00 -6.942170060584996527e+00
2.595000000000000084e-01 4.218288194131818436e+00 -6.628729305868181321e+00 -6.961072977296752562e+00
2.610000000000000098e-01 3.798942801721869600e+00 -6.633666683992415436e+00 -6.966632212563844462e+00
2.625000000000000111e-01 3.576057618904842528e+00 -6.640690852523727372e+00 -6.977937995380870007e+00
2.640000000000000124e-01 3.534944502397979527e+00 -6.641163269030590399e+00 -6.972442883316304574e+00
2.655000000000000138e-01 3.625566737487520008e+00 -6.645996405369621662e+00 -6.971841533941049995e+00
2.670000000000000151e-01 3.668652323742978005e+00 -6.643514490542734130e+00 -6.958562747685591354e+00
2.685000000000000164e-01 2.818194117874291749e+00 -6.658981424982850506e+00 -7.013939196411421939e+00
2.700000000000000178e-01 2.982814262303257635e+00 -6.661509294839598638e+00 -7.005008566268170256e+00
2.715000000000000191e-01 3.539801470877808498e+00 -6.658126043407904149e+00 -6.985140986265046870e+00
2.730000000000000204e-01 3.666018314586311000e+00 -6.660305199699402046e+00 -6.972905642556544770e+00
2.745000000000000218e-01 4.106490364414709937e+00 -6.664242078442431882e+00 -6.984860607013860800e+00
2.760000000000000231e-01 3.600109191346514415e+00 -6.665918051510626441e+00 -6.997433465796340180e+00
2.775000000000000244e-01 3.503070080648538642e+00 -6.669898790780031561e+00 -7.008417190780031447e+00
2.790000000000000258e-01 3.236958746156599176e+00 -6.677907896700542523e+00 -7.021302982414828975e+00
2.805000000000000271e-01 2.928735044561236123e+00 -6.678243598295905414e+00 -7.012699012581619762e+00
2.819999999999999729e-01 2.977930403979150320e+00 -6.678564896020848352e+00 -7.014607438877991541e+00
2.834999999999999742e-01 2.415020681096052613e+00 -6.686899818903947690e+00 -7.032324747475375837e+00
2.849999999999999756e-01 2.766667304023814111e+00 -6.689229938833328504e+00 -7.030900595976185663e+00
2.864999999999999769e-01 2.786102700871895266e+00 -6.693279756270962721e+00 -7.030249970556676331e+00
2.879999999999999782e-01 2.695060156890204617e+00 -6.693118414538364647e+00 -7.033643028824078769e+00
2.894999999999999796e-01 2.232736671611964319e+00 -6.701531242673748778e+00 -7.061062471245176830e+00
2.909999999999999809e-01 2.766850387425129121e+00 -6.702540426860583267e+00 -7.046840712574868881e+00
2.924999999999999822e-01 3.259586303858108103e+00 -6.695694210427604709e+00 -7.017522681856176447e+00
2.939999999999999836e-01 3.091781849008345517e+00 -6.700233736705938803e+00 -7.042147522420224348e+00
2.954999999999999849e-01 1.619568736685163657e+00 -6.714578091886263422e+00 -7.088522763314834663e+00
2.969999999999999862e-01 2.418853109266924761e+00 -6.708512619304503488e+00 -7.053121905018788773e+00
2.984999999999999876e-01 2.128693537701019878e+00 -6.717110248013264950e+00 -7.082430019441836144e+00
2.999999999999999889e-01 2.281861878646739505e+00 -6.715538807067546578e+00 -7.067403064210403763e+00
3.014999999999999902e-01 3.240077131618119388e+00 -6.704127696953307236e+00 -7.012484082667593377e+00
3.029999999999999916e-01 2.357006581841099901e+00 -6.719919961016041832e+00 -7.060651661016041913e+00
3.044999999999999929e-01 2.984300371682089725e+00 -6.716835956889338988e+00 -7.047561842603625060e+00
3.059999999999999942e-01 2.283100357790824653e+00 -6.722549727923460061e+00 -7.067095070780602839e+00
3.074999999999999956e-01 3.079910682528951504e+00 -6.718348831756761008e+00 -7.036196574613904353e+00
3.089999999999999969e-01 2.752170059684303283e+00 -6.725938583172839103e+00 -7.058710340315696108e+00
3.104999999999999982e-01 2.956582917328050009e+00 -6.721812739814806648e+00 -7.048193625529092898e+00
3.119999999999999996e-01 2.677994826386129290e+00 -6.729197559328155442e+00 -7.062053002185297856e+00
3.135000000000000009e-01 1.970482357782112004e+00 -6.734805856503601973e+00 -7.069691642217887484e+00
3.150000000000000022e-01 2.305983368151466983e+00 -6.732444146134246132e+00 -7.062170046134245815e+00
3.165000000000000036e-01 2.156369142698745911e+00 -6.739721828729824615e+00 -7.093815585872682128e+00
3.180000000000000049e-01 2.323808252340396230e+00 -6.736340104802459372e+00 -7.078883890516745048e+00
3.195000000000000062e-01 1.773512125133374973e+00 -6.742544017723766991e+00 -7.086807317723766708e+00
3.210000000000000075e-01 1.740275474846549209e+00 -6.749719553724878196e+00 -7.102944525153449540e+00
3.225000000000000089e-01 2.619461443817865387e+00 -6.740293884753562281e+00 -7.056582241896419916e+00
3.240000000000000102e-01 3.325176031525761466e+00 -6.737827139902808682e+00 -7.049720568474237226e+00
3.255000000000000115e-01 3.145985523160607755e+00 -6.742774033982248838e+00 -7.047526048267963361e+00
3.270000000000000129e-01 4.460525775338993526e+00 -6.734394896089576754e+00 -7.020102438946719481e+00
3.285000000000000142e-01 2.614690787532292227e+00 -6.751219055324849450e+00 -7.072538026753420581e+00
3.300000000000000155e-01 2.747918844923828097e+00 -6.751154412219028345e+00 -7.061463455076171236e+00
3.315000000000000169e-01 3.144111089837418049e+00 -6.749590795876867055e+00 -7.046903295876866480e+00
3.330000000000000182e-01 2.163611521737403898e+00 -6.758753763976881324e+00 -7.081036163976881070e+00
3.345000000000000195e-01 2.802962854371491730e+00 -6.756038745628507591e+00 -7.074763517057078843e+00
3.360000000000000209e-01 2.412938515770767900e+00 -6.760852741372088914e+00 -7.082569641372089109e+00
3.375000000000000222e-01 2.091123219678259204e+00 -6.764988894607453673e+00 -7.084002280321739065e+00
3.390000000000000235e-01 2.649506108406092686e+00 -6.759580191593906662e+00 -7.062798691593906497e+00
3.405000000000000249e-01 1.580217467121201480e+00 -6.771811832878798398e+00 -7.094087718593083736e+00
3.420000000000000262e-01 2.306886295273899989e+00 -6.768677333297527632e+00 -7.083841904726098981e+00
3.435000000000000275e-01 2.555282020883605121e+00 -6.769836336259251297e+00 -7.079378650544965623e+00
3.449999999999999734e-01 2.761405786253117611e+00 -6.767290013746881883e+00 -7.063855099461167519e+00
3.464999999999999747e-01 2.737649162254347956e+00 -6.773181323459936287e+00 -7.089954909174221775e+00
3.479999999999999760e-01 2.930612434042597414e+00 -6.775409851671688521e+00 -7.091634808814545998e+00
3.494999999999999774e-01 2.417771172485126741e+00 -6.777891884657728738e+00 -7.098319241800585822e+00
3.509999999999999787e-01 2.613756091304036744e+00 -6.775505951553105533e+00 -7.084712437267390861e+00
3.524999999999999800e-01 2.539864761361955381e+00 -6.781313495780902478e+00 -7.093236510066616596e+00
3.539999999999999813e-01 2.555992610662060294e+00 -6.782129532195082078e+00 -7.087198989337938571e+00
3.554999999999999827e-01 2.512822352919513946e+00 -6.781876861366198384e+00 -7.084772761366198601e+00
3.569999999999999840e-01 2.303013273275731798e+00 -6.784519726724267841e+00 -7.095271083867125128e+00
3.584999999999999853e-01 2.420733085441253429e+00 -6.786435985987317565e+00 -7.100511214558745898e+00
3.599999999999999867e-01 2.771552360267176773e+00 -6.785915939732821478e+00 -7.092675496875679109e+00
3.614999999999999880e-01 2.809475668602298803e+00 -6.786044745683414092e+00 -7.091159817111985397e+00
3.629999999999999893e-01 2.848494295578832158e+00 -6.787474190135452723e+00 -7.085812418706881388e+00
3.644999999999999907e-01 2.964736240612406704e+00 -6.787881330816163405e+00 -7.078650702244734916e+00
3.659999999999999920e-01 2.398424074544933227e+00 -6.790328011169352251e+00 -7.096976654026494913e+00
3.674999999999999933e-01 2.104735225358884243e+00 -6.793221531783971479e+00 -7.101637488926828112e+00
3.689999999999999947e-01 1.947683121034454068e+00 -6.797704593251260974e+00 -7.112292093251260994e+00
3.704999999999999960e-01 2.374956332406682691e+00 -6.795887367593315354e+00 -7.103648967593315433e+00
3.719999999999999973e-01 2.267578430308335058e+00 -6.799621598263092537e+00 -7.102354926834521187e+00
3.734999999999999987e-01 2.422618699855603630e+00 -6.799902857287251301e+00 -7.109425171572965496e+00
3.750000000000000000e-01 2.704807140448123093e+00 -6.799000316694732149e+00 -7.104805730980445766e+00
3.765000000000000013e-01 2.965328322911822134e+00 -6.798939548516748310e+00 -7.092979362802462440e+00
3.780000000000000027e-01 2.849939532356066785e+00 -6.800228110501076451e+00 -7.095657096215362003e+00
3.795000000000000040e-01 2.448871482459384019e+00 -6.804133531826329850e+00 -7.097259631826330128e+00
3.810000000000000053e-01 2.283686172612316767e+00 -6.805584255959111317e+00 -7.104238798816253642e+00
3.825000000000000067e-01 3.192959030774576767e+00 -6.799730097796851780e+00 -7.078295526368279411e+00
3.840000000000000080e-01 2.651201627760746860e+00 -6.806688886524966620e+00 -7.097139129382108891e+00
3.855000000000000093e-01 2.528986391526015787e+00 -6.809657222759698314e+00 -7.114252508473983383e+00
3.870000000000000107e-01 3.177215607166161249e+00 -6.805444164262408613e+00 -7.091321321405265721e+00
3.885000000000000120e-01 2.529486274060431583e+00 -6.809951611653853654e+00 -7.107563654510996365e+00
3.900000000000000133e-01 2.158790248728667649e+00 -6.813532236985616386e+00 -7.122536965557045185e+00
3.915000000000000147e-01 2.534904816259900606e+00 -6.812845140882955342e+00 -7.103202755168670279e+00
3.930000000000000160e-01 2.747690118883763688e+00 -6.813802566830521101e+00 -7.105957838259092441e+00
3.945000000000000173e-01 2.323878155970502846e+00 -6.817952458315210684e+00 -7.112781386886639190e+00
3.960000000000000187e-01 3.300858784030983095e+00 -6.814380873111874237e+00 -7.094328387397588642e+00
3.975000000000000200e-01 2.922184145288109214e+00 -6.817012783283319166e+00 -7.095690168997604630e+00
3.990000000000000213e-01 2.766854953391128191e+00 -6.817745060894585762e+00 -7.098180618037442713e+00
4.005000000000000226e-01 2.286890207701335775e+00 -6.822890392298663897e+00 -7.121437949441521198e+00
4.020000000000000240e-01 2.104592193292076807e+00 -6.824736563850779092e+00 -7.119132378136493244e+00
4.035000000000000253e-01 2.533271623805902095e+00 -6.822779990479811651e+00 -7.108570947622668612e+00
4.050000000000000266e-01 1.891174927168848718e+00 -6.829188901402579503e+00 -7.129605101402579415e+00
4.064999999999999725e-01 3.451730959876154081e+00 -6.820539454409558999e+00 -7.093810597266702267e+00
4.079999999999999738e-01 3.160720149849418625e+00 -6.823489064436295770e+00 -7.097155964436295150e+00
4.094999999999999751e-01 2.581273782150864449e+00 -6.828940032134848792e+00 -7.125654974991991963e+00
4.109999999999999765e-01 2.445726713269084307e+00 -6.829396058159486138e+00 -7.110273415302343913e+00
4.124999999999999778e-01 2.562638371119023262e+00 -6.828970457452405718e+00 -7.101271557452405681e+00
4.139999999999999791e-01 2.678115612184844174e+00 -6.829484844958012779e+00 -7.098540302100870392e+00
4.154999999999999805e-01 3.228342721519934955e+00 -6.827776749908635701e+00 -7.094555735622921411e+00
4.169999999999999818e-01 2.587141698461190131e+00 -6.834138544395951698e+00 -7.115484015824523389e+00
4.184999999999999831e-01 3.361159542343303386e+00 -6.828788129085266334e+00 -7.089491214799552132e+00
4.199999999999999845e-01 2.845555681070197629e+00 -6.833886576072658592e+00 -7.106398876072658410e+00
4.214999999999999858e-01 2.322221971115031813e+00 -6.838204357456397098e+00 -7.121352671742111617e+00
4.229999999999999871e-01 2.514467411805905606e+00 -6.837072288194093517e+00 -7.112164402479807634e+00
4.244999999999999885e-01 2.702268002468739105e+00 -6.835926954674117262e+00 -7.104133068959831654e+00
4.259999999999999898e-01 2.390235170998685099e+00 -6.836674471858455782e+00 -7.102812329001312541e+00
4.274999999999999911e-01 2.258998488145858019e+00 -6.840766411854140472e+00 -7.118877868996997371e+00
4.289999999999999925e-01 2.084817381801047809e+00 -6.841612232484664879e+00 -7.121158918198950971e+00
4.304999999999999938e-01 2.317221422710002088e+00 -6.844036091575711467e+00 -7.129108063004283125e+00
4.319999999999999951e-01 3.060626467330583189e+00 -6.837426818383700144e+00 -7.099160018383700255e+00
4.334999999999999964e-01 2.297720086404194895e+00 -6.844447556452947445e+00 -7.121301970738661780e+00
4.349999999999999978e-01 2.221840707812921423e+00 -6.847724792187076304e+00 -7.133372492187076475e+00
4.364999999999999991e-01 3.060156473722400960e+00 -6.844434626277598355e+00 -7.118092240563313133e+00
4.380000000000000004e-01 3.554246383438953494e+00 -6.842405930846759077e+00 -7.104360730846758898e+00
4.395000000000000018e-01 3.200074579123892704e+00 -6.841587492304677554e+00 -7.100280406590392168e+00
4.410000000000000031e-01 3.085120345793503027e+00 -6.838677982777923603e+00 -7.111331668492208991e+00
4.425000000000000044e-01 2.830446682747633780e+00 -6.836736288680935303e+00 -7.109522774395220956e+00
4.440000000000000058e-01 2.695472874998269930e+00 -6.834783853573158652e+00 -7.115896882144586932e+00
4.455000000000000071e-01 1.984638493269519799e+00 -6.837810763873337194e+00 -7.136396949587623162e+00
4.470000000000000084e-01 2.467201251140495266e+00 -6.830298691716647497e+00 -7.104555791716647306e+00
4.485000000000000098e-01 3.197898576473875210e+00 -6.824149380668981912e+00 -7.091132709240410392e+00
4.500000000000000111e-01 3.214100039987344282e+00 -6.825156302869798353e+00 -7.097050260012655265e+00
4.515000000000000124e-01 2.757300783825010093e+00 -6.825931087603560599e+00 -7.097068830460703914e+00
4.530000000000000138e-01 2.981120950128853586e+00 -6.820332864156859465e+00 -7.089765249871144981e+00
4.545000000000000151e-01 2.366540109610144604e+00 -6.827528890389854332e+00 -7.118244418961283237e+00
4.560000000000000164e-01 2.516756404406597092e+00 -6.823373038450544215e+00 -7.100249795593400748e+00
4.575000000000000178e-01 3.198512119510944274e+00 -6.819517051917626027e+00 -7.085737823346198283e+00
4.590000000000000191e-01 2.929887682770930368e+00 -6.817676345800498083e+00 -7.082394845800497940e+00
4.605000000000000204e-01 2.585746379175037468e+00 -6.821415706539246671e+00 -7.104856377967817771e+00
4.620000000000000218e-01 2.648813350852495141e+00 -6.818664592004648028e+00 -7.089782649147505111e+00
4.635000000000000231e-01 2.684384168501828150e+00 -6.820051545783884173e+00 -7.095671345783884476e+00
4.650000000000000244e-01 2.545307259962331869e+00 -6.819031054323382079e+00 -7.102422954323381887e+00
4.665000000000000258e-01 2.214605910214030082e+00 -6.826957075500255101e+00 -7.115065032643112630e+00
4.680000000000000271e-01 3.170614975663414548e+00 -6.829163195765156402e+00 -7.103494910050870637e+00
4.694999999999999729e-01 3.320329455572019306e+00 -6.830639887285123280e+00 -7.089064030142266049e+00
4.709999999999999742e-01 3.394965777770711846e+00 -6.833756650800715704e+00 -7.098084536515001375e+00
4.724999999999999756e-01 2.258711370088254178e+00 -6.841104115626031046e+00 -7.118149458483173930e+00
4.739999999999999769e-01 3.045794946065607078e+00 -6.839699039648676759e+00 -7.106687853934390731e+00
4.754999999999999782e-01 2.718962076384492832e+00 -6.842970023615506214e+00 -7.114565552186935093e+00
4.769999999999999796e-01 2.978869903153118059e+00 -6.841644896846880819e+00 -7.095357225418308822e+00
4.784999999999999809e-01 3.065493425620464230e+00 -6.845153074379533464e+00 -7.101040274379533557e+00
4.799999999999999822e-01 2.722156928747716087e+00 -6.848478956966568276e+00 -7.122211556966568047e+00
4.814999999999999836e-01 3.187882411779691338e+00 -6.846576431077450842e+00 -7.103389988220308204e+00
4.829999999999999849e-01 3.380970016816279511e+00 -6.845702454612290211e+00 -7.093589697469433020e+00
4.844999999999999862e-01 2.923404314526720782e+00 -6.852220856901848123e+00 -7.119526871187562556e+00
4.859999999999999876e-01 2.604457161292480727e+00 -6.855672510136090025e+00 -7.126099324421804049e+00
4.874999999999999889e-01 2.380342842064375297e+00 -6.853329472221338037e+00 -7.118738243649909592e+00
4.889999999999999902e-01 2.022504641791166513e+00 -6.856883415351688882e+00 -7.124496015351688527e+00
4.904999999999999916e-01 2.631029559705271303e+00 -6.857757126009014215e+00 -7.122558011723300275e+00
4.919999999999999929e-01 3.236865880751330415e+00 -6.854058447820097655e+00 -7.109166047820098200e+00
4.934999999999999942e-01 3.393411461300504861e+00 -6.854818610128066148e+00 -7.104019910128066329e+00
4.949999999999999956e-01 3.340316014864762373e+00 -6.855709942278094715e+00 -7.104375899420951157e+00
4.964999999999999969e-01 2.546846826382596518e+00 -6.860445545045974036e+00 -7.127863502188831468e+00
4.979999999999999982e-01 2.159010466504740045e+00 -6.865246547780973430e+00 -7.141770076352401908e+00
4.994999999999999996e-01 2.532014220165602403e+00 -6.863683479834397971e+00 -7.129195622691541168e+00
5.010000000000000009e-01 2.344287515154693580e+00 -6.864486399131019212e+00 -7.127596541988162393e+00
5.024999999999999467e-01 2.780515350688068210e+00 -6.863224220740502979e+00 -7.121270806454788271e+00
5.040000000000000036e-01 2.792060297408308855e+00 -6.865255116877403196e+00 -7.125990802591688933e+00
5.054999999999999494e-01 3.123668211670270978e+00 -6.863009402615441346e+00 -7.113955545472584241e+00
5.070000000000000062e-01 2.632668092683916328e+00 -6.867298293030367873e+00 -7.131621835887510308e+00
5.084999999999999520e-01 2.615331082514336103e+00 -6.869139903199949160e+00 -7.131352588914234403e+00
5.100000000000000089e-01 3.501533751796024774e+00 -6.864394005346831307e+00 -7.107182648203973940e+00
5.114999999999999547e-01 4.126555814018608714e+00 -6.853909414552818546e+00 -7.086400514552819274e+00
5.130000000000000115e-01 2.944929839812560957e+00 -6.857877303044580763e+00 -7.117433817330295120e+00
5.144999999999999574e-01 2.252331828377769796e+00 -6.859503057336515219e+00 -7.125445971622229813e+00
5.160000000000000142e-01 3.213774064626412574e+00 -6.850370178230730467e+00 -7.102447306802159410e+00
5.174999999999999600e-01 3.809805262040080187e+00 -6.847716737959919087e+00 -7.098023637959919085e+00
5.190000000000000169e-01 3.346197419812662943e+00 -6.849756737330193523e+00 -7.104127751615908259e+00
5.204999999999999627e-01 3.444611679993192510e+00 -6.848334562863948705e+00 -7.103560262863948260e+00
5.220000000000000195e-01 2.855353756057282588e+00 -6.848751458228429456e+00 -7.105634815371286273e+00
5.234999999999999654e-01 3.096687790049988287e+00 -6.845140424235725440e+00 -7.102773567092868667e+00
5.250000000000000222e-01 3.206488924014370134e+00 -6.845277475985628968e+00 -7.097333333128486466e+00
5.264999999999999680e-01 2.663717014277232842e+00 -6.847975242865624423e+00 -7.110785757151337982e+00
5.280000000000000249e-01 3.237987631449107617e+00 -6.840282639979463397e+00 -7.085625554265177151e+00
5.294999999999999707e-01 3.466249631852841517e+00 -6.839630953861443707e+00 -7.084632968147158039e+00
5.310000000000000275e-01 2.675060157523591720e+00 -6.843784613904977832e+00 -7.104118499619263893e+00
5.324999999999999734e-01 2.413341779065979686e+00 -6.846255778076876020e+00 -7.114120549505447144e+00
5.340000000000000302e-01 3.104172067082657804e+00 -6.840148861488769327e+00 -7.096899432917340711e+00
5.354999999999999760e-01 2.873926592174314898e+00 -6.841128936397113058e+00 -7.098501079254255330e+00
5.370000000000000329e-01 3.448891639225399430e+00 -6.844001417917457530e+00 -7.092324932203172061e+00
5.384999700000000500e-01 2.825751197280405691e+00 -6.851951417005307299e+00 -7.107884445576735821e+00
5.400000000000000355e-01 2.556570438733866801e+00 -6.856368218408989357e+00 -7.122736632694703474e+00
5.415000300000000211e-01 3.030270913969157043e+00 -6.856142628887984536e+00 -7.107472714602270258e+00
5.430000000000000382e-01 3.672675173216021882e+00 -6.853515126783977784e+00 -7.094654212498263668e+00
5.444999700000000553e-01 2.809042378777431459e+00 -6.862207778365424282e+00 -7.113438321222567140e+00
5.460000000000000409e-01 3.230393121677272106e+00 -6.858417992608440983e+00 -7.104653964037011882e+00
5.475000300000000264e-01 3.375712809282328308e+00 -6.860661776431957293e+00 -7.105475776431957158e+00
5.490000000000000435e-01 3.359647991663447186e+00 -6.863545365479408744e+00 -7.105593536907980123e+00
5.504999699999999496e-01 2.687005402695867851e+00 -6.866339725875560518e+00 -7.107573625875560630e+00
5.520000000000000462e-01 3.911508919260907824e+00 -6.862014923596234439e+00 -7.093348295024806127e+00
5.535000300000000317e-01 3.286877091423644259e+00 -6.865301722862067635e+00 -7.104801308576353058e+00
5.550000000000000488e-01 2.871088326239496169e+00 -6.869681202331932468e+00 -7.113576002331932102e+00
5.564999699999999550e-01 3.548817500584028117e+00 -6.867568285130256633e+00 -7.102842242273114337e+00
5.580000000000000515e-01 3.607459920052666469e+00 -6.866869808518761609e+00 -7.100254022804475262e+00
5.595000300000000371e-01 3.084671277409377410e+00 -6.870863779733479504e+00 -7.111977822590621834e+00
5.610000000000000542e-01 3.567708122409023019e+00 -6.869253691876690660e+00 -7.106315434733833314e+00
5.624999699999999603e-01 3.935013617784168360e+00 -6.868059625072973517e+00 -7.101092382215830945e+00
5.639999999999999458e-01 3.309914497843839065e+00 -6.871080087870445219e+00 -7.104876716441873796e+00
5.655000300000000424e-01 3.988083312337208142e+00 -6.869596816234218473e+00 -7.095711101948504407e+00
5.669999999999999485e-01 3.743547039433483548e+00 -6.872163260566515497e+00 -7.099207989137944708e+00
5.684999699999999656e-01 3.904824842007448282e+00 -6.871030415135408020e+00 -7.096126343706837147e+00
5.699999999999999512e-01 3.133576597366939609e+00 -6.876045702633059697e+00 -7.114017245490201979e+00
5.715000300000000477e-01 3.200317712246950386e+00 -6.875971816324478070e+00 -7.107413473467335763e+00
5.729999999999999538e-01 3.346638450374499030e+00 -6.876335221054070246e+00 -7.111751206768356148e+00
5.744999699999999709e-01 2.859855117623236076e+00 -6.878943610948192067e+00 -7.118338882376763266e+00
5.759999999999999565e-01 3.191967591442162799e+00 -6.878146465700694101e+00 -7.105334294272123152e+00
5.775000300000000530e-01 4.126634849838413110e+00 -6.871837078733013193e+00 -7.082798235875870319e+00
5.789999999999999591e-01 3.305314299240309950e+00 -6.878532429331117193e+00 -7.113583700759688710e+00
5.804999699999999763e-01 2.921714531376992774e+00 -6.884997911480149391e+00 -7.132606354337292842e+00
5.819999999999999618e-01 3.701462709552412633e+00 -6.877250933304728697e+00 -7.101104304733300232e+00
5.835000299999999473e-01 3.336160954475044349e+00 -6.879695374096383986e+00 -7.108668216953526908e+00
5.849999999999999645e-01 4.114884672417976397e+00 -6.877527456153450736e+00 -7.097481413296308439e+00
5.864999699999999816e-01 3.941257883822486541e+00 -6.879210101891798601e+00 -7.103335401891798462e+00
5.879999999999999671e-01 3.591034609275535416e+00 -6.884067290724464883e+00 -7.116021176438750651e+00
5.895000299999999527e-01 3.544825112187550253e+00 -6.883283602098162035e+00 -7.111992287812448410e+00
5.909999999999999698e-01 3.839664084391317900e+00 -6.880404472751537881e+00 -7.101131487037251944e+00
5.924999699999999869e-01 3.562500975039731621e+00 -6.885383496388838509e+00 -7.110587739245981531e+00
5.939999999999999725e-01 3.385518947716531279e+00 -6.885105909426324722e+00 -7.111527666569181783e+00
5.955000299999999580e-01 3.411114551391879246e+00 -6.886398062893833050e+00 -7.118013877179547144e+00
5.969999999999999751e-01 3.159218049173166953e+00 -6.887937307969689726e+00 -7.122955207969689617e+00
5.984999699999999923e-01 3.541673033210107846e+00 -6.886527452504177305e+00 -7.118196852504177663e+00
5.999999999999999778e-01 3.926554095796985777e+00 -6.885766061345869993e+00 -7.105136061345869614e+00
6.015000299999999633e-01 4.252852214321475977e+00 -6.884040942821380682e+00 -7.097037757107094613e+00
6.029999999999999805e-01 4.475527366023354325e+00 -6.882372333976643830e+00 -7.096483319690929825e+00
6.044999699999999976e-01 3.448302286048641641e+00 -6.890055656808499407e+00 -7.119228342522784914e+00
6.059999999999999831e-01 3.814609423973063684e+00 -6.887417847455505004e+00 -7.111458833169790772e+00
6.075000299999999687e-01 3.597794899888160813e+00 -6.887917400111837729e+00 -7.099698500111838229e+00
6.089999999999999858e-01 4.004506976595314072e+00 -6.882896280547541323e+00 -7.078015951976112774e+00
6.104999700000000029e-01 4.205516960807750948e+00 -6.883870710620819899e+00 -7.088808410620819345e+00
6.119999999999999885e-01 4.269649016524970975e+00 -6.886919112046455460e+00 -7.102089654903598337e+00
6.135000299999999740e-01 3.901821977971593469e+00 -6.888721893456977163e+00 -7.110495207742690837e+00
6.149999999999999911e-01 3.533767964939828587e+00 -6.891749635060169688e+00 -7.110293435060169642e+00
6.164999700000000082e-01 3.763826855709578645e+00 -6.891137487147563689e+00 -7.109466630004706467e+00
6.179999999999999938e-01 4.073912528703585778e+00 -6.889935614153555932e+00 -7.111381442724984403e+00
6.195000299999999793e-01 3.796806389423051264e+00 -6.891765010576946793e+00 -7.113441282005518396e+00
6.209999999999999964e-01 3.812562986080246574e+00 -6.888743885348324270e+00 -7.100371628205467189e+00
6.224999700000000136e-01 3.846467482806924743e+00 -6.889727217193074793e+00 -7.099655402907360191e+00
6.239999999999999991e-01 3.910148472448535806e+00 -6.890481827551464100e+00 -7.101210041837178188e+00
6.255000299999999847e-01 3.609515931783519704e+00 -6.890257639645050780e+00 -7.104400911073622815e+00
6.270000000000000018e-01 3.810583123159146268e+00 -6.891754476840850963e+00 -7.114119176840850933e+00
6.284999700000000189e-01 3.952523925129924010e+00 -6.891613360584360137e+00 -7.102633674870074465e+00
6.300000000000000044e-01 4.246767359249168372e+00 -6.890181297893687606e+00 -7.096582612179402005e+00
6.315000299999999900e-01 4.079359973573231990e+00 -6.890552283569625125e+00 -7.092565912141053808e+00
6.330000000000000071e-01 4.214356030299327038e+00 -6.890264441129243522e+00 -7.095744926843528866e+00
6.344999700000000242e-01 3.848628265261308634e+00 -6.893181234738690044e+00 -7.109818506167261631e+00
6.360000000000000098e-01 4.583387557291261238e+00 -6.889075828423023573e+00 -7.090037671280166265e+00
6.375000299999999953e-01 4.740063882866950351e+00 -6.888561474275904928e+00 -7.088683617133048287e+00
6.390000000000000124e-01 4.288255789750498259e+00 -6.892746810249500200e+00 -7.102508253106642577e+00
6.404999700000000296e-01 4.165795299625993486e+00 -6.893194300374004158e+00 -7.101050857516860937e+00
6.420000000000000151e-01 4.162417434318014919e+00 -6.892119965681984262e+00 -7.099038094253413256e+00
6.435000300000000006e-01 3.916745598726417477e+00 -6.893547115559295335e+00 -7.098552229845010331e+00
6.450000000000000178e-01 4.615041054750336436e+00 -6.890951488106805023e+00 -7.095192045249662627e+00
6.464999700000000349e-01 4.209066538494965037e+00 -6.895412090076463052e+00 -7.106298132933606126e+00
6.480000000000000204e-01 4.054156500491109760e+00 -6.895160428080316706e+00 -7.102618499508888128e+00
6.495000300000000060e-01 3.890228774061402106e+00 -6.894768797367168744e+00 -7.104963268795740916e+00
6.510000000000000231e-01 4.184480763814077520e+00 -6.894040107614492818e+00 -7.100261964757350164e+00
6.524999700000000402e-01 4.587707634560610259e+00 -6.893473979725103007e+00 -7.092421608296531232e+00
6.540000000000000258e-01 4.402626122680334930e+00 -6.895281291605377838e+00 -7.099506634462520616e+00
6.555000300000000113e-01 4.182736204205037112e+00 -6.895669595794962525e+00 -7.093652452937819319e+00
6.570000000000000284e-01 4.179224569309894832e+00 -6.896318087832961297e+00 -7.097534687832960820e+00
6.584999700000000455e-01 4.096362097226383447e+00 -6.897046659916471256e+00 -7.103645331345042280e+00
6.600000000000000311e-01 4.438262953038946357e+00 -6.893685546961052069e+00 -7.092471875532480929e+00
6.615000300000000166e-01 4.343549684060642235e+00 -6.895759387367928817e+00 -7.090634573082214231e+00
6.630000000000000338e-01 4.934621408891415761e+00 -6.893294333965726217e+00 -7.081953276822869014e+00
6.644999700000000509e-01 4.139745006896474955e+00 -6.897984950246382141e+00 -7.099923121674953208e+00
6.660000000000000364e-01 4.594566500436222611e+00 -6.896079828135204259e+00 -7.092498342420919144e+00
6.675000300000000220e-01 4.863580579534255932e+00 -6.893172863322885924e+00 -7.077597249037171245e+00
6.690000000000000391e-01 4.431755362644556939e+00 -6.897287065926871463e+00 -7.093293580212585603e+00
6.704999699999999452e-01 4.590108300694057064e+00 -6.896935470734513629e+00 -7.091260470734513710e+00
6.720000000000000417e-01 4.525215987604288337e+00 -6.896351155252854248e+00 -7.090462855252853913e+00
6.735000300000000273e-01 4.598214256110058962e+00 -6.897416515318511188e+00 -7.092715501032796688e+00
6.750000000000000444e-01 4.789139081662946218e+00 -6.895692432622767321e+00 -7.085203561194195920e+00
6.764999699999999505e-01 4.354405486751044663e+00 -6.897838227534668576e+00 -7.092089141820382636e+00
6.780000000000000471e-01 4.580437065427852339e+00 -6.897299334572145391e+00 -7.090624706000716593e+00
6.795000300000000326e-01 3.976703221711536784e+00 -6.899877021145606193e+00 -7.099158749717035199e+00
6.810000000000000497e-01 4.734717502337666417e+00 -6.897669397662332003e+00 -7.095361226233761087e+00
6.824999699999999558e-01 4.444502358497792294e+00 -6.899345412930777854e+00 -7.095363655787920720e+00
6.840000000000000524e-01 4.187658527233948824e+00 -6.898278287051764046e+00 -7.094369644194621571e+00
6.855000300000000379e-01 4.396979840991210864e+00 -6.898249516151644833e+00 -7.097122201865930791e+00
6.870000000000000551e-01 4.160879132075572251e+00 -6.900584182210140582e+00 -7.097628282210139972e+00
6.884999699999999612e-01 4.520164423238594686e+00 -6.897045605332832174e+00 -7.084731748189975420e+00
6.899999999999999467e-01 4.771443880224561340e+00 -6.896519591204008037e+00 -7.086114791204008334e+00
6.915000300000000433e-01 4.659845906763297130e+00 -6.898888607522414951e+00 -7.096274793236700518e+00
6.929999999999999494e-01 3.639472477874792666e+00 -6.901744093553777049e+00 -7.105666207839491655e+00
6.944999699999999665e-01 4.830192759298612692e+00 -6.896043826415672484e+00 -7.084572026415672852e+00
6.959999999999999520e-01 4.559462202623552507e+00 -6.900268511662162041e+00 -7.095733997376447277e+00
6.975000300000000486e-01 4.649997925722051839e+00 -6.897874031420805352e+00 -7.088653559992233788e+00
6.989999999999999547e-01 5.089555760614517865e+00 -6.896550910814052138e+00 -7.086650567956909619e+00
7.004999699999999718e-01 5.551572301742224269e+00 -6.892870598257773374e+00 -7.070921912543488119e+00
7.019999999999999574e-01 5.622803857966467866e+00 -6.894192299176387984e+00 -7.069830713462102345e+00
7.035000300000000539e-01 5.046560547017298504e+00 -6.897378952982699651e+00 -7.082263395839842879e+00
7.049999999999999600e-01 4.666377772201975027e+00 -6.899732099226595139e+00 -7.090628913512309950e+00
7.064999699999999772e-01 5.230083985234315058e+00 -6.895653500479967946e+00 -7.076665400479968504e+00
7.079999999999999627e-01 5.080469780818957837e+00 -6.895352119181040962e+00 -7.078647190609612672e+00
7.095000299999999482e-01 5.136398133687131384e+00 -6.897033352027151842e+00 -7.079409966312866231e+00
7.109999999999999654e-01 4.726898732719396534e+00 -6.898068095852031512e+00 -7.084645881566316916e+00
7.124999699999999825e-01 4.571558315472948664e+00 -6.894461570241335657e+00 -7.081483027384193107e+00
7.139999999999999680e-01 5.163088619638025456e+00 -6.890170137504830983e+00 -7.079218380361973928e+00
7.155000299999999536e-01 4.950839048376337814e+00 -6.887467694480803537e+00 -7.079115208766518563e+00
7.169999999999999707e-01 4.658033004713890257e+00 -6.886837981000394571e+00 -7.080093823857537494e+00
7.184999699999999878e-01 4.931672369193530692e+00 -6.885381516520754808e+00 -7.077593330806468686e+00
7.199999999999999734e-01 6.130260308204774411e+00 -6.877690248938082895e+00 -7.056715791795225456e+00
7.215000299999999589e-01 5.050703796197689499e+00 -6.882378346659451473e+00 -7.069886660945165602e+00
7.229999999999999760e-01 4.746560236058742888e+00 -6.880949692512684734e+00 -7.074849435369827688e+00
7.244999699999999931e-01 4.359565508458685734e+00 -6.881878462969885035e+00 -7.072371062969884825e+00
7.259999999999999787e-01 4.876210922771433864e+00 -6.879181805799993832e+00 -7.060476262942851022e+00
7.275000299999999642e-01 5.129904596164710284e+00 -6.878597446692431561e+00 -7.065624503835288728e+00
7.289999999999999813e-01 4.944246502814746869e+00 -6.881094997185253526e+00 -7.083207397185253384e+00
7.304999699999999985e-01 5.259873094948175343e+00 -6.877545605051824218e+00 -7.073540990766110426e+00
7.319999999999999840e-01 5.647392682065552449e+00 -6.874608917934445174e+00 -7.061641946505873513e+00
7.335000299999999696e-01 4.881138524053001859e+00 -6.877207418804139216e+00 -7.065224561661281655e+00
7.349999999999999867e-01 4.948359023520117361e+00 -6.875707076479882218e+00 -7.065343719337024986e+00
7.364999700000000038e-01 5.381123918534510331e+00 -6.872990852894059088e+00 -7.054640252894059493e+00
7.379999999999999893e-01 5.436135947294214787e+00 -6.872193109848641512e+00 -7.054385009848641808e+00
7.395000299999999749e-01 5.068215369547331761e+00 -6.873102016166952488e+00 -7.054820887595523615e+00
7.409999999999999920e-01 5.796664444908999236e+00 -6.871253197948143487e+00 -7.051575683662428595e+00
7.424999700000000091e-01 5.249921197287203967e+00 -6.873176231284223725e+00 -7.058285574141367036e+00
7.439999999999999947e-01 4.936516793576831041e+00 -6.873951863566024834e+00 -7.065973320708882177e+00
7.455000299999999802e-01 5.485091636245857494e+00 -6.870163606611284557e+00 -7.053697378039855970e+00
7.469999999999999973e-01 5.015584413344277515e+00 -6.869668686655721501e+00 -7.052459829512864431e+00
7.484999700000000145e-01 4.711029434619847578e+00 -6.871663322523009043e+00 -7.061262408237294785e+00
7.500000000000000000e-01 5.621762295663682352e+00 -6.867671832907745966e+00 -7.050560832907746267e+00
7.515000299999999855e-01 5.412955970235811876e+00 -6.867132758335615428e+00 -7.047651872621329083e+00
7.530000000000000027e-01 4.928276717678985896e+00 -6.869143768035298692e+00 -7.052888939463869633e+00
7.544999700000000198e-01 5.376308990722958647e+00 -6.864729494991324898e+00 -7.040301637848467742e+00
7.560000000000000053e-01 5.467921813654467833e+00 -6.864680772059816860e+00 -7.046202657774102818e+00
7.575000299999999909e-01 5.488994017240632850e+00 -6.864742039902223425e+00 -7.049801625616509249e+00
7.590000000000000080e-01 5.547181717831991321e+00 -6.863695582168007903e+00 -7.048211353596578910e+00
7.604999700000000251e-01 5.316719511139686993e+00 -6.864275746003169587e+00 -7.046539446003169616e+00
7.620000000000000107e-01 5.298662421574022119e+00 -6.862899921283119653e+00 -7.049889306997405569e+00
7.635000299999999962e-01 5.250601279767101559e+00 -6.862286634518611095e+00 -7.055523077375754681e+00
7.650000000000000133e-01 5.240760344792306569e+00 -6.861448126636262579e+00 -7.052083298064834693e+00
7.664999700000000304e-01 6.150685355341534155e+00 -6.851179358944177622e+00 -7.024857073229892279e+00
7.680000000000000160e-01 6.196833907376607442e+00 -6.848990978337678115e+00 -7.025360121194820451e+00
7.695000300000000015e-01 5.078805259966799213e+00 -6.849256240033199106e+00 -7.037136425747484658e+00
7.710000000000000187e-01 5.452277100623379447e+00 -6.844505699376617791e+00 -7.035865699376618210e+00
7.724999700000000358e-01 4.957503311018386150e+00 -6.845266574695897610e+00 -7.038962703267326759e+00
7.740000000000000213e-01 5.274431058664516669e+00 -6.841494198478338618e+00 -7.034288527049767481e+00
7.755000300000000069e-01 5.327262745354704343e+00 -6.837378768931008821e+00 -7.023107354645294897e+00
7.770000000000000240e-01 4.845640058467441058e+00 -6.838325527246842839e+00 -7.031074027246842384e+00
7.784999700000000411e-01 4.723037165511410507e+00 -6.836185048774302331e+00 -7.035347977345731252e+00
7.800000000000000266e-01 4.630354662692419687e+00 -6.835424408736150426e+00 -7.039592194450436047e+00
7.815000300000000122e-01 6.372752094527820432e+00 -6.824021405472177726e+00 -7.000742176900748959e+00
7.830000000000000293e-01 6.020773576835534158e+00 -6.824576666021607174e+00 -7.003430466021606904e+00
7.844999700000000464e-01 5.651275991531681697e+00 -6.826029151325458955e+00 -7.011757608468315972e+00
7.860000000000000320e-01 6.040862934943118212e+00 -6.821801007914022996e+00 -7.003845550771165662e+00
7.875000300000000175e-01 5.623555665740958887e+00 -6.821251805687611025e+00 -7.007539005687610789e+00
7.890000000000000346e-01 5.481533728183316079e+00 -6.820477428959539345e+00 -7.012121371816681936e+00
7.904999700000000518e-01 6.022710004307413101e+00 -6.817226895692586552e+00 -6.999969038549729738e+00
7.920000000000000373e-01 6.039326090560502180e+00 -6.817317180868068149e+00 -6.997990552296640132e+00
7.935000300000000228e-01 6.217856102625380466e+00 -6.814428211660333190e+00 -7.004562797374618732e+00
7.950000000000000400e-01 5.561524013201139205e+00 -6.808284001084573767e+00 -7.000559272513145359e+00
7.964999699999999461e-01 5.595705275874025553e+00 -6.803543481268830462e+00 -7.001681709840259060e+00
7.980000000000000426e-01 5.682351344353913980e+00 -6.797497555646086376e+00 -6.994364841360371621e+00
7.995000300000000282e-01 5.994485477050337963e+00 -6.792971894378232456e+00 -6.984530965806803771e+00
8.010000000000000453e-01 6.127303932247009755e+00 -6.787557839181560304e+00 -6.974921082038703091e+00
8.024999699999999514e-01 5.241760020792842312e+00 -6.788302079207155337e+00 -6.984605222064298680e+00
8.040000000000000480e-01 5.373462196516831213e+00 -6.784394489197453915e+00 -6.980654960626025307e+00
8.055000300000000335e-01 5.794175431984605495e+00 -6.779498939443963756e+00 -6.971687068015391731e+00
8.070000000000000506e-01 6.062595842493842646e+00 -6.777556814649012829e+00 -6.969358671791869853e+00
8.084999699999999567e-01 5.348728881869773133e+00 -6.780758989558796301e+00 -6.987160603844511542e+00
8.100000000000000533e-01 5.959956432631285494e+00 -6.772012310225855813e+00 -6.974739781654426984e+00
8.115000300000000388e-01 6.118421895786606335e+00 -6.768329504213392411e+00 -6.965632032784821348e+00
8.129999999999999449e-01 5.653285100791025641e+00 -6.766262999208973561e+00 -6.966930427780401835e+00
8.144999699999999621e-01 4.906643787302583881e+00 -6.766794626983129390e+00 -6.970315184125986718e+00
8.159999999999999476e-01 5.844706409386554391e+00 -6.760743604899158044e+00 -6.956565404899158089e+00
8.175000300000000442e-01 6.210969653637406829e+00 -6.757114889219733911e+00 -6.956229060648305484e+00
8.189999999999999503e-01 5.643670635097413069e+00 -6.756955150616872352e+00 -6.959759407759730010e+00
8.204999699999999674e-01 5.825538236399616210e+00 -6.753583477886096809e+00 -6.957366706457525751e+00
8.219999999999999529e-01 5.917639768869323191e+00 -6.750347173987819360e+00 -6.955717731130675929e+00
8.235000300000000495e-01 6.117598347545166071e+00 -6.747715566740546400e+00 -6.943753123883404044e+00
8.249999999999999556e-01 6.598750087342908799e+00 -6.740529984085661397e+00 -6.922884712657090489e+00
8.264999699999999727e-01 5.523150299584243861e+00 -6.745204657558613093e+00 -6.953190371844327089e+00
8.279999999999999583e-01 5.272992581425262948e+00 -6.744322932860449704e+00 -6.961564618574735519e+00
8.295000300000000548e-01 6.169150904921003153e+00 -6.735633095078995325e+00 -6.941276780793280921e+00
8.309999999999999609e-01 6.573151956290079312e+00 -6.732480315138491100e+00 -6.934136643709919667e+00
8.324999699999999780e-01 6.248763475542173929e+00 -6.732064610172111330e+00 -6.937880067314968535e+00
8.339999999999999636e-01 6.215815917092083254e+00 -6.725588254336487104e+00 -6.925124982907915339e+00
8.355000299999999491e-01 6.048447395726324061e+00 -6.725656289987960612e+00 -6.930476704273674571e+00
8.369999999999999662e-01 6.215413883252886684e+00 -6.714242959604256100e+00 -6.923395131032827443e+00
8.384999699999999834e-01 5.950337548368777263e+00 -6.707715708774077967e+00 -6.921046837345506297e+00
8.399999999999999689e-01 5.610687274175412576e+00 -6.703255911538872347e+00 -6.918695725824586695e+00
8.415000299999999545e-01 5.578568175334442714e+00 -6.696697510379841844e+00 -6.916145124665555421e+00
8.429999999999999716e-01 5.459746366386894145e+00 -6.692945947898818915e+00 -6.911199533613105572e+00
8.444999699999999887e-01 5.637090016145016591e+00 -6.686033455283554972e+00 -6.907677255283554807e+00
8.459999999999999742e-01 6.549432007824729673e+00 -6.675445520746696282e+00 -6.894754035032410577e+00
8.475000299999999598e-01 5.736172313106501441e+00 -6.678792044036355513e+00 -6.912738115464927446e+00
8.489999999999999769e-01 5.696749474979477590e+00 -6.670499410734806567e+00 -6.889256010734806424e+00
8.504999699999999940e-01 5.861694948084764434e+00 -6.667957994772378605e+00 -6.892870766200950072e+00
8.519999999999999796e-01 6.289114758609282596e+00 -6.656603484247859193e+00 -6.879864812819287856e+00
8.535000299999999651e-01 5.611424163824533018e+00 -6.656624293318324170e+00 -6.893063636175466691e+00
8.549999999999999822e-01 4.822507135168596193e+00 -6.658197579117116405e+00 -6.900509050545688083e+00
8.564999699999999994e-01 5.572626841682202681e+00 -6.645679944032080400e+00 -6.881013786889223383e+00
8.579999999999999849e-01 5.535351452522596638e+00 -6.642450661763115605e+00 -6.871642604620258332e+00
8.595000299999999704e-01 6.014640510553120656e+00 -6.633979703732592270e+00 -6.863171246589734764e+00
8.609999999999999876e-01 5.634409129947330008e+00 -6.630303312909812341e+00 -6.877553998624097886e+00
8.624999700000000047e-01 5.825491479859179478e+00 -6.627871548712246152e+00 -6.872262534426532454e+00
8.639999999999999902e-01 5.990603300986996338e+00 -6.622202113298715886e+00 -6.861494813298715911e+00
8.655000299999999758e-01 6.653595850358213326e+00 -6.609159778213212988e+00 -6.829545521070355285e+00
8.669999999999999929e-01 6.015283099168382996e+00 -6.608816229403044140e+00 -6.833468615117329392e+00
8.684999700000000100e-01 6.199660645255449687e+00 -6.603932883315977165e+00 -6.842398026173119874e+00
8.699999999999999956e-01 6.569906086572423476e+00 -6.595912884856146796e+00 -6.828968670570432664e+00
8.715000299999999811e-01 6.293279965740221193e+00 -6.593316705688348378e+00 -6.829326834259777712e+00
8.729999999999999982e-01 6.351270396691494291e+00 -6.588976103308504584e+00 -6.827620889022790074e+00
8.744999700000000153e-01 5.358454834518927790e+00 -6.587261908338213345e+00 -6.818758065481070219e+00
8.760000000000000009e-01 5.154149877286686277e+00 -6.581174308427597985e+00 -6.828108351284741140e+00
8.775000299999999864e-01 4.591866210352839595e+00 -6.581834675361443843e+00 -6.839287746790015277e+00
8.790000000000000036e-01 5.327980233245110497e+00 -6.575045852469173724e+00 -6.821902095326316307e+00
8.804999700000000207e-01 6.490792258310243312e+00 -6.561236398832612338e+00 -6.796003970261184080e+00
8.820000000000000062e-01 5.234781455151446217e+00 -6.569788459134268344e+00 -6.840505701991411058e+00
8.835000299999999918e-01 5.211083366150476515e+00 -6.561854705278093114e+00 -6.822450976706664783e+00
8.850000000000000089e-01 5.470225390716668024e+00 -6.555315852140473076e+00 -6.809478023569043970e+00
8.864999700000000260e-01 5.783074269878721196e+00 -6.548683258692706843e+00 -6.792043801549850102e+00
8.880000000000000115e-01 6.233601459063907946e+00 -6.544315740936090364e+00 -6.789436069507519100e+00
8.895000299999999971e-01 6.283195357678512671e+00 -6.540438685178629363e+00 -6.788515670892914855e+00
8.910000000000000142e-01 6.174507079300011192e+00 -6.536437806414274299e+00 -6.784793663557130650e+00
8.924999700000000313e-01 6.164370365066946356e+00 -6.528638663504482409e+00 -6.775577249218768472e+00
8.940000000000000169e-01 5.820270384801406571e+00 -6.526373686627163551e+00 -6.778337743770021184e+00
8.955000300000000024e-01 5.797750966363590663e+00 -6.524103105064979147e+00 -6.794836662207836220e+00
8.970000000000000195e-01 5.739582508928529947e+00 -6.514827376785755852e+00 -6.787166805357184529e+00
8.984999700000000367e-01 4.708819468029631139e+00 -6.517607346256082401e+00 -6.794071860541796681e+00
9.000000000000000222e-01 6.419553585025966846e+00 -6.498411900688316756e+00 -6.744709029259746025e+00
9.015000300000000077e-01 6.299043687661059820e+00 -6.494604069481796138e+00 -6.739469655196081987e+00
9.030000000000000249e-01 5.560329032136891669e+00 -6.496873853577392666e+00 -6.765383810720249969e+00
9.044999700000000420e-01 5.267380788381053058e+00 -6.494565868761803529e+00 -6.777130254476089632e+00
9.060000000000000275e-01 5.821191983574621531e+00 -6.486292387853948682e+00 -6.762569844996805912e+00
9.075000300000000131e-01 5.654320159630982445e+00 -6.478938168940444164e+00 -6.745822097511872784e+00
9.090000000000000302e-01 6.042514858351343499e+00 -6.471743341648654280e+00 -6.725717741648653991e+00
9.104999700000000473e-01 5.741716106913928641e+00 -6.470064064514641444e+00 -6.734696607371784438e+00
9.120000000000000329e-01 5.876637646892552524e+00 -6.459401224536017061e+00 -6.710887124536016657e+00
9.135000300000000184e-01 5.725827448657022423e+00 -6.462795294200120111e+00 -6.740208451342977192e+00
9.150000000000000355e-01 5.354238053894315286e+00 -6.460520846105684001e+00 -6.757330731819969571e+00
9.164999700000000527e-01 5.222830204175447300e+00 -6.456869581538837721e+00 -6.757391124395979887e+00
9.180000000000000382e-01 6.295921784037716407e+00 -6.444409273105138780e+00 -6.725553115962282114e+00
9.195000300000000237e-01 5.559677192308184246e+00 -6.444670364834673038e+00 -6.739292450548958868e+00
9.210000000000000409e-01 4.957887827703294725e+00 -6.445800529439561721e+00 -6.743280272296704680e+00
9.224999699999999470e-01 6.171899003329022193e+00 -6.426896725242404074e+00 -6.700653596670975709e+00
9.240000000000000435e-01 6.044851318114015548e+00 -6.422948367600269215e+00 -6.707226781885983868e+00
9.255000300000000291e-01 5.889048313629141163e+00 -6.419033772085144030e+00 -6.701140786370858748e+00
9.270000000000000462e-01 5.903508674192594619e+00 -6.408684025807403373e+00 -6.691949754378832438e+00
9.284999699999999523e-01 6.253795284444609415e+00 -6.405561744126818446e+00 -6.694206286983960474e+00
9.300000000000000488e-01 6.270295314847332158e+00 -6.401079099438380382e+00 -6.687496670866951654e+00
9.315000300000000344e-01 5.779258735430574667e+00 -6.390145464569423339e+00 -6.675212278855138237e+00
9.330000000000000515e-01 5.009264801829407254e+00 -6.396771483884877263e+00 -6.713717012456306144e+00
9.344999699999999576e-01 5.504927970217621258e+00 -6.384207186925235256e+00 -6.692349158353806615e+00
9.360000000000000542e-01 6.291184982590167785e+00 -6.369530503124117615e+00 -6.652103888838404089e+00
9.375000300000000397e-01 4.944777094579496435e+00 -6.378709533991931302e+00 -6.686309619706216623e+00
9.389999999999999458e-01 6.251832704566979260e+00 -6.359006452575875379e+00 -6.658118281147304529e+00
9.404999699999999629e-01 5.969892125973549568e+00 -6.361246545455021106e+00 -6.684454231169307370e+00
9.419999999999999485e-01 4.667256386611963848e+00 -6.359971813388034967e+00 -6.693721741959463678e+00
9.435000300000000450e-01 5.602184313432458929e+00 -6.342360943710398047e+00 -6.648332415138969331e+00
9.449999999999999512e-01 5.193816018992118977e+00 -6.345708752436451050e+00 -6.661775581007879588e+00
9.464999699999999683e-01 6.045927102529739194e+00 -6.329531540327401729e+00 -6.631176897470258957e+00
9.479999999999999538e-01 7.020683449103759521e+00 -6.317326765181953796e+00 -6.614401636610525159e+00
9.495000300000000504e-01 5.880106028411617558e+00 -6.326277343016954546e+00 -6.643785100159811385e+00
9.509999999999999565e-01 5.350612524329816821e+00 -6.322571661384468023e+00 -6.657053375670182405e+00
9.524999699999999736e-01 5.923610107628605626e+00 -6.310111549514250129e+00 -6.619136763799963852e+00
9.539999999999999591e-01 5.716504092039959239e+00 -6.303432993674325857e+00 -6.614427522245753366e+00
9.555000299999999447e-01 6.048655875723650155e+00 -6.295502038562062808e+00 -6.619549352847776902e+00
9.569999999999999618e-01 6.373030856733616467e+00 -6.293121400409240174e+00 -6.605677528980669067e+00
9.584999699999999789e-01 6.235656491656548894e+00 -6.281513836914879079e+00 -6.595192765486308062e+00
9.599999999999999645e-01 6.577907380040113772e+00 -6.268462548531315015e+00 -6.569738748531314343e+00
9.615000299999999500e-01 5.715417919935841695e+00 -6.279849194349870878e+00 -6.605914180064156760e+00
9.629999999999999671e-01 5.950461937861674322e+00 -6.257258804995466939e+00 -6.559114204995466935e+00
9.644999699999999843e-01 5.310649176220042733e+00 -6.258200123779956492e+00 -6.580633638065670254e+00
9.659999999999999698e-01 5.422557234659293179e+00 -6.249232051054991466e+00 -6.578326465340706086e+00
9.675000299999999553e-01 6.222194082552158001e+00 -6.232446803162126514e+00 -6.554758160304984038e+00
9.689999999999999725e-01 5.807871974881426702e+00 -6.242345139404287480e+00 -6.595970853690001690e+00
9.704999699999999896e-01 7.883988511293130941e+00 -6.202342017278296815e+00 -6.474604860135439566e+00
9.719999999999999751e-01 8.059107005821310565e+00 -6.188548594178690188e+00 -6.404429708464404847e+00
9.735000299999999607e-01 7.993618999160741367e+00 -6.192257729410686196e+00 -6.454403372267828232e+00
9.749999999999999778e-01 1.000966874618850611e+01 -6.157729739525775514e+00 -6.408679639525775684e+00
9.764999699999999949e-01 1.068921770379352232e+01 -6.147507967635045922e+00 -6.379087739063617590e+00
9.779999999999999805e-01 8.157320186109084048e+00 -6.165551642462343551e+00 -6.464194885319487049e+00
9.795000299999999660e-01 6.807163590867164160e+00 -6.165402809132833895e+00 -6.505135780561405845e+00
9.809999999999999831e-01 5.596289458554288387e+00 -6.166864484302853278e+00 -6.498985227159995937e+00
9.824999700000000002e-01 6.237630103301534668e+00 -6.149427139555607269e+00 -6.490588682412750110e+00
9.839999999999999858e-01 5.223327839340733192e+00 -6.154772789230694485e+00 -6.544207932087837243e+00
9.855000299999999713e-01 4.913509778584787213e+00 -6.144839192843781994e+00 -6.547883992843781975e+00
9.869999999999999885e-01 4.780560604273372149e+00 -6.133845524298054741e+00 -6.523709652869483122e+00
9.884999700000000056e-01 5.968491773493306951e+00 -6.112687069363833992e+00 -6.469615583649548363e+00
9.899999999999999911e-01 5.278395314859952947e+00 -6.115084770854331886e+00 -6.517426656568617638e+00
9.915000299999999767e-01 4.882727054467995487e+00 -6.111705331246287898e+00 -6.522773902674860125e+00
9.929999999999999938e-01 5.619283532596853092e+00 -6.089897881688861148e+00 -6.476031210260289939e+00
9.944999700000000109e-01 5.940969920716928421e+00 -6.071714822140212853e+00 -6.469818050711641177e+00
9.959999999999999964e-01 3.914768676112105439e+00 -6.084475552459322145e+00 -6.520437209602179429e+00
9.975000299999999820e-01 4.292969053345441210e+00 -6.066939946654557048e+00 -6.502049060940271019e+00
9.989999999999999991e-01 6.670372164022674077e+00 -6.030224750263037947e+00 -6.399189193120180974e+00
1.000499999999999945e+00 6.653317480441013565e+00 -6.035333933844698961e+00 -6.440806805273270541e+00
1.002000000000000002e+00 4.295271557791747519e+00 -6.040492085065395145e+00 -6.504099913636823160e+00
1.003500000000000059e+00 4.259831680541807053e+00 -6.030024519458192955e+00 -6.502780148029621898e+00
1.004999999999999893e+00 4.209139847443169380e+00 -6.010635581128257243e+00 -6.475501052556828618e+00
1.006499999999999950e+00 4.541195342961445114e+00 -5.987210785609983432e+00 -6.427843757038554706e+00
1.008000000000000007e+00 4.884165451561583993e+00 -5.991765434152700465e+00 -6.456605877009844008e+00
1.009500000000000064e+00 6.115554743422173090e+00 -5.952447656577825263e+00 -6.371829142292111392e+00
1.010999999999999899e+00 5.657607074435440531e+00 -5.947683596993130095e+00 -6.377802054135987220e+00
1.012499999999999956e+00 7.074733014778686879e+00 -5.909570413792741839e+00 -6.241167228078456475e+00
1.014000000000000012e+00 5.341865277485712049e+00 -5.922598151085716189e+00 -6.358608665371431101e+00
1.015500000000000069e+00 4.609828861303979508e+00 -5.926629281553162265e+00 -6.434945638696019543e+00
1.016999999999999904e+00 5.505610193551746967e+00 -5.895627235019680334e+00 -6.359418649305394133e+00
1.018499999999999961e+00 5.599034558689510277e+00 -5.868681584167631193e+00 -6.329660427024774272e+00
1.020000000000000018e+00 5.498957526891429026e+00 -5.861264615965712466e+00 -6.309569858822855259e+00
1.021500000000000075e+00 4.625219239759625900e+00 -5.856843188811802214e+00 -6.298958831668945102e+00
1.022999999999999909e+00 5.011873838895603228e+00 -5.833139303961539568e+00 -6.264757332532967737e+00
1.024499999999999966e+00 6.460105751614554137e+00 -5.804322962671158770e+00 -6.250742005528302059e+00
1.026000000000000023e+00 5.844085548088211901e+00 -5.784433594768930043e+00 -6.246487766197501124e+00
1.027500000000000080e+00 5.847328941344854591e+00 -5.777427344369430173e+00 -6.223672644369431239e+00
1.028999999999999915e+00 6.211305644412168370e+00 -5.764657069873543982e+00 -6.229070098444972281e+00
1.030499999999999972e+00 5.712519084602972974e+00 -5.730673629682739190e+00 -6.185011129682738584e+00
1.032000000000000028e+00 4.935585546372358579e+00 -5.731470453627639294e+00 -6.238970725056210753e+00
1.033500000000000085e+00 4.399387171317695966e+00 -5.716512828682303038e+00 -6.242291214396588295e+00
1.034999999999999920e+00 5.200304672464350908e+00 -5.669505613249933518e+00 -6.120021241821362423e+00
1.036499999999999977e+00 5.684381905694271708e+00 -5.661546380020013203e+00 -6.154170537162870325e+00
1.038000000000000034e+00 4.202268155460262555e+00 -5.653828273111164648e+00 -6.250909501682592406e+00
1.039500000000000091e+00 4.811646563357435014e+00 -5.631654436642564043e+00 -6.190425879499707129e+00
1.040999999999999925e+00 5.183461699551762614e+00 -5.613445586162521650e+00 -6.176554986162520855e+00
1.042499999999999982e+00 3.959737562780109243e+00 -5.591880437219890254e+00 -6.214069294362746909e+00
1.044000000000000039e+00 6.552614294635929149e+00 -5.536711133935499518e+00 -6.021854991078356534e+00
1.045500000000000096e+00 6.504485036712135404e+00 -5.508031820430720593e+00 -6.025063106145005953e+00
1.046999999999999931e+00 5.433480644886821587e+00 -5.494893640827461567e+00 -6.024394469398890450e+00
1.048499999999999988e+00 5.368455689323268665e+00 -5.488329453533872915e+00 -6.061285839248158780e+00
1.050000000000000044e+00 5.185599883041357216e+00 -5.454315259815784245e+00 -6.077379331244355143e+00
1.051500000000000101e+00 4.865746510489032062e+00 -5.446355203796679589e+00 -6.030113303796679425e+00
1.052999999999999936e+00 5.209564427542290765e+00 -5.431179286743422985e+00 -6.072389115314851260e+00
1.054499999999999993e+00 5.967694775790889139e+00 -5.383350224209110024e+00 -5.980786024209110430e+00
1.056000000000000050e+00 6.635604411109801148e+00 -5.348816874604482408e+00 -5.892017588890197111e+00
1.057500000000000107e+00 5.849920332230635900e+00 -5.318702953483649409e+00 -5.942028739197935394e+00
1.058999999999999941e+00 4.021831823598785327e+00 -5.333565890686926991e+00 -5.994587276401213138e+00
1.060499999999999998e+00 4.865175598230579546e+00 -5.290706973197991658e+00 -5.943549458912277927e+00
1.062000000000000055e+00 3.823978797713277977e+00 -5.281747345143864791e+00 -6.002541288001006947e+00
1.063499999999999890e+00 6.084556277919379141e+00 -5.212796436366333275e+00 -5.796891579223476754e+00
1.064999999999999947e+00 6.478491466149462141e+00 -5.165270819564820926e+00 -5.814087105279106993e+00
1.066500000000000004e+00 8.483360075417923696e+00 -5.089266353153503175e+00 -5.624915781724931563e+00
1.068000000000000060e+00 6.170493247310104401e+00 -5.122546609832753006e+00 -5.750994895547037800e+00
1.069499999999999895e+00 4.171703551982314018e+00 -5.091524448017684890e+00 -5.882351590874827174e+00
1.070999999999999952e+00 4.242833273876112976e+00 -5.077853440409601404e+00 -5.799733440409601037e+00
1.072500000000000009e+00 7.222657268861169655e+00 -4.985039302567400910e+00 -5.630075731138829198e+00
1.074000000000000066e+00 6.152891535663845168e+00 -4.972482178621868698e+00 -5.681283750050440062e+00
1.075499999999999901e+00 3.828024930152905014e+00 -4.990772069847093206e+00 -5.869318355561379263e+00
1.076999899999999899e+00 4.192036970438711485e+00 -4.876053172418430393e+00 -5.649977029561286557e+00
1.078500000000000014e+00 4.096988668520166854e+00 -4.886045902908404237e+00 -5.788970474336975869e+00
1.080000000000000071e+00 1.803336152705121265e+00 -4.869495847294878388e+00 -5.884825990152020125e+00
1.081499999999999906e+00 2.538137759475693755e+00 -4.771107097667163011e+00 -5.865484669095733850e+00
1.083000100000000021e+00 1.746894254031970739e+00 -4.759677031682312709e+00 -5.838591603110883987e+00
1.084500000000000020e+00 4.752309049953884035e+00 -4.643270092903257762e+00 -5.613474950046114742e+00
1.086000000000000076e+00 3.150492302536273215e+00 -4.601836840320869371e+00 -5.551619554606583407e+00
1.087499999999999911e+00 5.342335529739527189e+00 -4.469092755974756415e+00 -5.134930613117614229e+00
1.088999899999999910e+00 5.892977106520887354e+00 -4.357704036336254916e+00 -5.210475464907682763e+00
1.090500000000000025e+00 5.100637902896506759e+00 -4.362117811389206068e+00 -5.203374525674919759e+00
1.092000000000000082e+00 5.348283617721723893e+00 -4.218320382278275105e+00 -4.900031096563989941e+00
1.093499999999999917e+00 7.191904302053663045e+00 -4.055643126517765040e+00 -4.853463269374907796e+00
1.095000100000000032e+00 7.193699864236169361e+00 -4.018327707192401732e+00 -4.922566421478115295e+00
1.096500000000000030e+00 3.266843288404939649e+00 -3.958393140166489133e+00 -5.122242425880774164e+00
1.098000000000000087e+00 2.964934730721216383e+00 -3.891221554993067766e+00 -5.123810840707353265e+00
1.099499999999999922e+00 -2.436634340047527658e-01 -3.851242005433324511e+00 -5.347837005433324187e+00
1.100999899999999920e+00 4.473371883179734887e+00 -3.501675116820262890e+00 -4.673515831105977014e+00
1.102500000000000036e+00 3.121259696006316808e+00 -3.619656161136540096e+00 -5.072017018279396439e+00
1.104000000000000092e+00 2.163542416751600861e+00 -3.506270297534113567e+00 -4.990914868962684992e+00
1.105499999999999927e+00 4.999896096756845765e+00 -3.428106188957438683e+00 -4.896280617528867118e+00
1.107000100000000042e+00 4.993224216075915933e+00 -3.337317212495511942e+00 -4.580638498209797405e+00
1.108500000000000041e+00 1.076703632941693733e+01 -3.005878242011632118e+00 -4.126863956297346370e+00
1.110000000000000098e+00 6.129083593791476048e+00 -3.245025549065666759e+00 -4.514507406208523754e+00
1.111499999999999932e+00 4.083183955151089783e+00 -3.112064187706052643e+00 -4.319415473420337825e+00
1.112999899999999931e+00 9.964383593068601996e-01 -3.135759497835996612e+00 -5.087802497835996363e+00
1.114500000000000046e+00 1.174023963689771577e+00 -3.103350893453083792e+00 -5.053159036310226782e+00
1.116000000000000103e+00 6.772830751157272289e+00 -2.746006820271298388e+00 -4.057083963128441439e+00
1.117499999999999938e+00 6.042385344758150367e+00 -2.732588940956135026e+00 -4.064054083813277707e+00
1.119000100000000053e+00 3.569218939108227850e+00 -2.793711060891771680e+00 -4.673688346606057920e+00
1.120500000000000052e+00 3.516324230933367545e+00 -2.548551197638060373e+00 -4.551773769066631559e+00
1.122000000000000108e+00 7.400771235222162403e+00 -2.372144050492121181e+00 -4.074028621920692927e+00
1.123499999999999943e+00 9.637691040501831452e+00 -2.278493388069598780e+00 -4.063915388069598400e+00
1.124999899999999942e+00 1.067078735161877567e+00 -2.299015693409551808e+00 -4.526595550552408476e+00
1.126500000000000057e+00 4.407143477459355196e+00 -2.036085522540644455e+00 -3.805693522540644302e+00
1.127999999999999892e+00 6.650891963706410337e+00 -1.714361179150730941e+00 -3.335260607722159154e+00
1.129499999999999948e+00 8.726443960082743700e+00 -1.579302611345826612e+00 -2.752503754202969333e+00
1.131000100000000064e+00 6.656069661475233268e+00 -1.424406624239050956e+00 -2.648669195667622489e+00
1.132500000000000062e+00 3.948597049501352707e+00 -1.271166950498646031e+00 -3.497807093355789210e+00
1.133999999999999897e+00 1.051440971139628644e+01 -7.074904314608554401e-01 -1.486645431460855704e+00
1.135499999999999954e+00 3.113439592554386515e+00 -8.664149788741859481e-01 -2.130752978874185466e+00
1.136999899999999952e+00 1.811249638235081783e+00 -4.115257903363467307e-01 -2.459766647479202817e+00
1.138500000000000068e+00 3.203034150362453758e+00 -2.336582782089742238e-01 -2.846647706780402132e+00
1.139999999999999902e+00 2.803191253005823391e+00 1.276346815772511079e-01 -3.024588604137033343e+00
1.141499999999999959e+00 3.045592840420221492e-01 6.433394268991659004e-01 -3.242944287386547941e+00
1.143000100000000074e+00 -3.700191847090504194e+00 7.548712957666383616e-01 -4.313588275661932592e+00
1.144500000000000073e+00 4.483588697562680636e+00 2.227887840419823462e+00 -1.668375588151604028e+00
1.145999999999999908e+00 -4.555634208247139938e+00 2.435332506038573541e+00 -3.882778779675711611e+00
1.147499999999999964e+00 3.600057809175877033e+00 4.387824094890162563e+00 1.319974809175877617e+00
1.148999899999999963e+00 1.044660955196687802e+01 8.395750980538307928e+00 7.311225266252593613e+00
