0.000000000000000000e+00 -1.040610482888971511e+01 1.673355088539599933e+01 -1.040610482888971511e+01
1.500000000000000031e-03 -1.040658094509433518e+01 1.478287054905662146e+00 -1.040658094509433518e+01
3.000000000000000062e-03 -1.040705470245723774e+01 -2.094694702457239543e+00 -1.022138734531437976e+01
4.499999999999999660e-03 -8.392934529573565783e+00 -3.528557386716423494e+00 -8.408662101002137845e+00
6.000000000000000125e-03 -1.012676718361575645e+01 -4.597448426472899641e+00 -9.763668083615756998e+00
7.499999999999999722e-03 -1.040846182176215073e+01 -5.143685107476437146e+00 -1.038782025747643623e+01
8.999999999999999320e-03 -1.012645707262552719e+01 -5.596376858339812799e+00 -9.871190844054098079e+00
1.050000000000000065e-02 -9.607847679110266270e+00 -5.996216107681695107e+00 -9.577665507681695445e+00
1.200000000000000025e-02 -9.718912141269482774e+00 -6.262262998412341020e+00 -9.683272155555197713e+00
1.349999999999999985e-02 -1.020698723059075874e+01 -6.530968102019331312e+00 -1.004062371630504558e+01
1.499999999999999944e-02 -1.041075984713896396e+01 -6.728243704281821280e+00 -1.040157230913896313e+01
1.650000000000000078e-02 -1.026789963384200810e+01 -6.871928090984865456e+00 -1.012840536241343692e+01
1.799999999999999864e-02 -9.933707276490812532e+00 -7.039198833633669494e+00 -9.920121933633669897e+00
1.949999999999999997e-02 -1.041211036088218833e+01 -7.167247218025045719e+00 -1.039625609945361617e+01
2.100000000000000130e-02 -1.029631047996166870e+01 -7.302174387104526154e+00 -1.018817931567595458e+01
2.249999999999999917e-02 -9.626991283823535639e+00 -7.382316626680680116e+00 -9.845425512394964329e+00
2.400000000000000050e-02 -8.370512365425085477e+00 -7.389602793996514762e+00 -9.075121008282229340e+00
2.549999999999999836e-02 -5.337537889158064708e+00 -7.408071746300921134e+00 -8.170488032015207125e+00
2.699999999999999969e-02 1.043798308772276151e+01 -7.119253197991520565e+00 -6.351975483705807335e+00
2.850000000000000103e-02 5.837439370795676297e+01 -6.015044149186094202e+00 -3.813311863471808394e+00
2.999999999999999889e-02 1.501925209714202651e+02 -4.795862028579725767e+00 2.128429382856312557e+01
3.150000000000000022e-02 1.473111677735126250e+03 6.757300592269475104e+00 4.918177630655517873e+01
3.300000000000000155e-02 3.675523965427511939e+03 1.787444542751181586e+01 4.765064971322610177e+01
3.450000000000000289e-02 3.900260541191291395e+03 1.771359833414888385e+01 3.074960261986316823e+01
3.599999999999999728e-02 3.665880976454890060e+03 1.687086502631922968e+01 2.786772502631922777e+01
3.749999999999999861e-02 3.408003271218155533e+03 1.612624264672698615e+01 2.864954836101270530e+01
3.899999999999999994e-02 3.215636139766641463e+03 1.538575119521325085e+01 2.555403690949896145e+01
4.050000000000000128e-02 3.001650867814470530e+03 1.456394067161327399e+01 2.442969495732755902e+01
4.200000000000000261e-02 2.815383883932898698e+03 1.356726536147068884e+01 2.271181250432783472e+01
4.349999999999999700e-02 2.686267473836037425e+03 1.291714955032329826e+01 1.866030097889472827e+01
4.499999999999999833e-02 2.492704208952274257e+03 1.169852752370301907e+01 1.694486895227444734e+01
4.649999999999999967e-02 2.301822089281421540e+03 1.021472356713590557e+01 1.613511213856447313e+01
4.800000000000000100e-02 2.184603114823284614e+03 8.962163394713563491e+00 1.491534339471356319e+01
4.950000000000000233e-02 2.082132714149093317e+03 7.988554149093184620e+00 1.372443700623604279e+01
5.099999999999999672e-02 1.939207458687211556e+03 6.926398687211802851e+00 1.318613297292608699e+01
5.249999999999999806e-02 1.816897348437428946e+03 6.061788437429147081e+00 1.310718415171486129e+01
5.399999999999999939e-02 1.682881240542384603e+03 5.090063399527679167e+00 1.149396625667053762e+01
5.550000000000000072e-02 1.590453135001855117e+03 4.597233573283990182e+00 9.897846430426845643e+00
5.700000000000000205e-02 1.486538460387040232e+03 3.937417529897377477e+00 9.436638958468808625e+00
5.850000000000000339e-02 1.393663302411989662e+03 3.176634983418443525e+00 8.156625269132728562e+00
5.999999999999999778e-02 1.294699032505034666e+03 2.406661219320477940e+00 7.294086790749048532e+00
6.149999999999999911e-02 1.202785307808785092e+03 1.738356951642364479e+00 6.224519237356648915e+00
6.300000000000000044e-02 1.108587371180131186e+03 1.141634751559983840e+00 5.118752608702841655e+00
6.450000000000000178e-02 1.033502351190243417e+03 5.593893331005048708e-01 4.638449761671932237e+00
6.600000000000000311e-02 9.772902192674279149e+02 1.247934102852443772e-01 3.124544553142387215e+00
6.750000000000000444e-02 8.894208754114152953e+02 -5.142633028703311737e-01 2.210153982843955589e+00
6.900000000000000577e-02 8.109302339076433555e+02 -1.162887092356596597e+00 1.990310336214829334e+00
7.049999999999999323e-02 7.612045661844016422e+02 -1.537340815598360777e+00 1.717956755830208238e+00
7.199999999999999456e-02 7.090416436699736096e+02 -1.905631330026269055e+00 7.606698128308728712e-01
7.349999999999999589e-02 6.505382663640659757e+02 -2.352813493076817863e+00 1.105515069231817193e-01
7.499999999999999722e-02 6.027766914092361503e+02 -2.759794733620910101e+00 -4.564773362091045783e-02
7.649999999999999856e-02 5.631802902337503838e+02 -3.109526194821011558e+00 -8.830820519638695743e-01
7.799999999999999989e-02 5.008030771230117466e+02 -3.593401591274003160e+00 -1.581180876988288020e+00
7.950000000000000122e-02 4.650885949338459682e+02 -3.888420351868314029e+00 -2.017472923296885767e+00
8.100000000000000255e-02 4.339389722373588825e+02 -4.189321762641071700e+00 -2.349374619783928253e+00
8.250000000000000389e-02 3.943642947475075857e+02 -4.511158109635238667e+00 -2.645671109635238771e+00
8.400000000000000522e-02 3.723049910353860810e+02 -4.754010536042472701e+00 -3.140904250328187430e+00
8.550000000000000655e-02 3.468918325292254394e+02 -4.990153470774545852e+00 -3.534561899345975533e+00
8.699999999999999400e-02 3.176389763715366144e+02 -5.261635342749063859e+00 -3.854374628463350660e+00
8.849999999999999534e-02 2.951310511333962268e+02 -5.486377009460898790e+00 -4.140500723746613154e+00
8.999999999999999667e-02 2.702269853858749684e+02 -5.714993471267882263e+00 -4.854440471267881918e+00
9.149999999999999800e-02 2.526305934143234708e+02 -5.936100014247961631e+00 -4.972003871390819008e+00
9.299999999999999933e-02 2.332643609326578940e+02 -6.156054781627772421e+00 -5.128835924484915765e+00
9.450000000000000067e-02 2.116675450833601815e+02 -6.365905916639776230e+00 -5.408240773782633681e+00
9.600000000000000200e-02 1.945797030089063071e+02 -6.577350705379385154e+00 -5.858551133950814283e+00
9.750000000000000333e-02 1.919720061374806903e+02 -6.596005291090701661e+00 -5.819224433947844055e+00
9.900000000000000466e-02 1.806001687544049048e+02 -6.729015531309356923e+00 -5.914556674166499661e+00
1.005000000000000060e-01 1.702975908592803478e+02 -6.863509712148224473e+00 -6.228908569291081498e+00
1.019999999999999934e-01 1.608573724517025596e+02 -6.998276405440288173e+00 -6.561074548297431086e+00
1.034999999999999948e-01 1.516290278169756505e+02 -7.106921897310044756e+00 -6.542883325881472700e+00
1.049999999999999961e-01 1.437068140975407573e+02 -7.212303759602098019e+00 -6.577256473887812760e+00
1.064999999999999974e-01 1.365692027215474127e+02 -7.309188135595428903e+00 -6.824098707023999566e+00
1.079999999999999988e-01 1.297142708314251252e+02 -7.406763168574828526e+00 -6.836343740003400171e+00
1.095000000000000001e-01 1.231483284267405338e+02 -7.494165001830891626e+00 -7.001457716116606278e+00
1.110000000000000014e-01 1.192596155070542494e+02 -7.540507350088586414e+00 -7.094482064374300734e+00
1.125000000000000028e-01 1.146876706433498754e+02 -7.631057785221543099e+00 -7.133152213792971708e+00
1.140000000000000041e-01 1.123133781208908033e+02 -7.663402307680613035e+00 -7.242522879109184686e+00
1.155000000000000054e-01 1.047850936535060953e+02 -7.719470060779599407e+00 -7.348391917922457495e+00
1.170000000000000068e-01 9.716498438359047896e+01 -7.791914330695233204e+00 -7.443910473552376672e+00
1.184999999999999942e-01 9.418149031067565602e+01 -7.806951832181471929e+00 -7.486896260752899934e+00
1.199999999999999956e-01 9.172257714857335031e+01 -7.832047565712349169e+00 -7.505909279998062900e+00
1.214999999999999969e-01 8.923478918251801417e+01 -7.871439674624831184e+00 -7.521457817481973507e+00
1.229999999999999982e-01 8.511243069773831849e+01 -7.936394159404530413e+00 -7.659819587975958299e+00
1.244999999999999996e-01 8.876816740802858874e+01 -7.877152591971409379e+00 -7.533615734828552846e+00
1.260000000000000009e-01 8.316228217003450141e+01 -7.956540544251218705e+00 -7.638782401394076160e+00
1.275000000000000022e-01 7.742349069753879576e+01 -8.042101731032630596e+00 -7.781816873889773056e+00
1.290000000000000036e-01 7.806290013288989371e+01 -8.042178867110097329e+00 -7.794838867110097880e+00
1.305000000000000049e-01 7.615559190414472823e+01 -8.044145524426696170e+00 -7.796175667283840482e+00
1.320000000000000062e-01 6.868176886792583957e+01 -8.175595132074150229e+00 -7.941418274931294263e+00
1.335000000000000075e-01 7.384264816656434505e+01 -8.089011404864226762e+00 -7.875667976292798578e+00
1.350000000000000089e-01 7.465688694238552614e+01 -8.084446629043036125e+00 -7.733010200471608364e+00
1.365000000000000102e-01 7.190457519485181592e+01 -8.133688805148167944e+00 -7.770549662291026394e+00
1.380000000000000115e-01 6.783555149484843128e+01 -8.180545219437275861e+00 -7.800225790865846776e+00
1.395000000000000129e-01 6.621981441325480944e+01 -8.217045586745182817e+00 -7.977062872459468323e+00
1.409999999999999865e-01 6.334166680665892812e+01 -8.277268193341058122e+00 -7.976585050483915751e+00
1.424999999999999878e-01 6.368449438878590030e+01 -8.316448039785532487e+00 -8.106137039785533460e+00
1.439999999999999891e-01 6.258123715906928197e+01 -8.353007555216429125e+00 -8.067150412359286094e+00
1.454999999999999905e-01 6.387123511693697253e+01 -8.355934168777316984e+00 -8.109250597348745870e+00
1.469999999999999918e-01 5.997977969038247892e+01 -8.423762738188941057e+00 -8.203767309617512993e+00
1.484999999999999931e-01 5.850287373596504636e+01 -8.425258549749232273e+00 -8.247768978320660693e+00
1.499999999999999944e-01 5.780223725309527794e+01 -8.466796175476142494e+00 -8.319193889761855587e+00
1.514999999999999958e-01 5.341882024117805372e+01 -8.548746615964788020e+00 -8.385319330250503356e+00
1.529999999999999971e-01 5.136999555675537721e+01 -8.585433157530330206e+00 -8.454681871816044136e+00
1.544999999999999984e-01 5.525455462779205362e+01 -8.533700229350790423e+00 -8.427688229350790650e+00
1.559999999999999998e-01 5.113816173939005694e+01 -8.602317117752791731e+00 -8.448124403467076604e+00
1.575000000000000011e-01 5.145902689093131244e+01 -8.612603966211542783e+00 -8.445273537640114014e+00
1.590000000000000024e-01 5.331181865322059110e+01 -8.604886346779405670e+00 -8.489076632493691932e+00
1.605000000000000038e-01 4.996607559705694968e+01 -8.648583688657332402e+00 -8.508802117228759343e+00
1.620000000000000051e-01 4.669742343609085822e+01 -8.698991563909135749e+00 -8.601685421051993075e+00
1.635000000000000064e-01 4.918625788396708032e+01 -8.679976258890063079e+00 -8.582264401747206506e+00
1.650000000000000078e-01 4.998354179718176482e+01 -8.672629774246798817e+00 -8.485092345675370851e+00
1.665000000000000091e-01 4.750177660365397969e+01 -8.719142539203161846e+00 -8.559681253488875541e+00
1.680000000000000104e-01 4.583344087415416368e+01 -8.745198840131546802e+00 -8.571114697274403227e+00
1.695000000000000118e-01 4.677744889373279591e+01 -8.746843677695769870e+00 -8.600841534838627567e+00
1.710000000000000131e-01 4.457426923314892520e+01 -8.787689623993925281e+00 -8.674049481136782092e+00
1.724999999999999867e-01 4.415375760601304478e+01 -8.792916679701233917e+00 -8.720159822558375851e+00
1.739999999999999880e-01 4.088242686878707843e+01 -8.834374416927198936e+00 -8.771112274070056003e+00
1.754999999999999893e-01 4.087640702078441279e+01 -8.845625407787009564e+00 -8.753997407787009521e+00
1.769999999999999907e-01 3.996973806131273221e+01 -8.852706652972981871e+00 -8.716174367258695099e+00
1.784999999999999920e-01 3.873347570395972639e+01 -8.881256724611695574e+00 -8.801879296040267420e+00
1.799999999999999933e-01 4.063965994802171622e+01 -8.870510909121136933e+00 -8.793763909121135924e+00
1.814999999999999947e-01 3.938964936421788821e+01 -8.886812064353538432e+00 -8.789076492924968065e+00
1.829999999999999960e-01 3.861987109469031765e+01 -8.901322619595395835e+00 -8.802775762452538899e+00
1.844999999999999973e-01 3.909067085300397082e+01 -8.897896146996020050e+00 -8.808540289853162619e+00
1.859999999999999987e-01 3.745372292414673865e+01 -8.907148361567543304e+00 -8.851118218710400498e+00
1.875000000000000000e-01 3.880775016452936654e+01 -8.879085406899202226e+00 -8.825975264042060786e+00
1.890000000000000013e-01 3.854386543055694858e+01 -8.877716712300188107e+00 -8.807654855157331042e+00
1.905000000000000027e-01 3.518134443577179127e+01 -8.923364135656775886e+00 -8.849790849942490212e+00
1.920000000000000040e-01 3.592715146513907598e+01 -8.906969392003771802e+00 -8.835505249146628159e+00
1.935000000000000053e-01 3.384367366076121186e+01 -8.921691624953073330e+00 -8.859002910667358677e+00
1.950000000000000067e-01 3.310853102187776642e+01 -8.927523692407941525e+00 -8.873765120979369314e+00
1.965000000000000080e-01 3.268084640486555514e+01 -8.937901452277294823e+00 -8.909786595134438159e+00
1.980000000000000093e-01 3.321803552323858355e+01 -8.924103048189980569e+00 -8.825907048189980841e+00
1.995000000000000107e-01 3.317132551907663895e+01 -8.943365338066216808e+00 -8.852533623780502126e+00
2.010000000000000120e-01 3.382004210588242188e+01 -8.922088465546142544e+00 -8.801952894117571091e+00
2.025000000000000133e-01 3.029717385429587750e+01 -8.962665431418402662e+00 -8.877082145704116911e+00
2.039999999999999869e-01 2.970908790637987096e+01 -8.973267665048696884e+00 -8.942339950762981715e+00
2.054999999999999882e-01 3.046171140419163237e+01 -8.966256452951220979e+00 -8.918871310094079519e+00
2.069999999999999896e-01 2.949280291835419732e+01 -8.992422795931517499e+00 -9.004950653074375921e+00
2.084999999999999909e-01 3.061101959091353564e+01 -8.977131694800752015e+00 -8.985075409086466180e+00
2.099999999999999922e-01 2.911213142105285456e+01 -8.990056007518564485e+00 -8.977455436089993412e+00
2.114999999999999936e-01 2.631060269366405890e+01 -9.038148720621650867e+00 -9.039111720621651358e+00
2.129999999999999949e-01 2.698438912220481001e+01 -9.052819434938037091e+00 -9.059194892080894235e+00
2.144999999999999962e-01 2.640701499155578347e+01 -9.090066751301355552e+00 -9.100712879872784100e+00
2.159999999999999976e-01 2.670761030087771815e+01 -9.080358856265132061e+00 -9.066022499122276201e+00
2.174999999999999989e-01 2.714694076361148234e+01 -9.077212622102795336e+00 -9.090410136388509699e+00
2.190000000000000002e-01 2.447615066462091704e+01 -9.111354549664788749e+00 -9.085834506807646704e+00
2.205000000000000016e-01 2.466582143162140284e+01 -9.113663154092879637e+00 -9.092210496950022147e+00
2.220000000000000029e-01 2.517306592089414607e+01 -9.133373693391559911e+00 -9.143862364820130040e+00
2.235000000000000042e-01 2.207247270300049991e+01 -9.167289839856641365e+00 -9.215412482713784215e+00
2.250000000000000056e-01 2.223847891992476633e+01 -9.170559065789511521e+00 -9.237043780075225641e+00
2.265000000000000069e-01 2.362367171364571306e+01 -9.165491614925713293e+00 -9.193261543497142085e+00
2.280000000000000082e-01 2.145035965470791695e+01 -9.185747273863512419e+00 -9.207243973863512565e+00
2.295000000000000095e-01 2.142445845650752645e+01 -9.184407714921041688e+00 -9.213068500635326785e+00
2.310000000000000109e-01 2.038812954672086164e+01 -9.209487053279136859e+00 -9.247059810421994541e+00
2.325000000000000122e-01 2.020705578159007132e+01 -9.209661689838497978e+00 -9.249063789838498195e+00
2.340000000000000135e-01 1.926450287449461030e+01 -9.235133625505381971e+00 -9.273538254076811427e+00
2.354999999999999871e-01 2.115974511023695470e+01 -9.212298932620184289e+00 -9.265773975477326729e+00
2.369999999999999885e-01 1.839547963075686710e+01 -9.242281769243131606e+00 -9.309696312100273374e+00
2.384999999999999898e-01 1.760427643513141405e+01 -9.258623264868582226e+00 -9.339384693440010210e+00
2.399999999999999911e-01 1.837532266528926783e+01 -9.265378120425012298e+00 -9.374349148996440562e+00
2.414999999999999925e-01 1.743078546315355482e+01 -9.271576236846442498e+00 -9.363777508275013872e+00
2.429999999999999938e-01 1.739180339921328056e+01 -9.277927643643861799e+00 -9.392362115072433681e+00
2.444999999999999951e-01 1.696087932966619860e+01 -9.282068627476654399e+00 -9.418570113190940063e+00
2.459999999999999964e-01 1.699126468213312435e+01 -9.287510075009729249e+00 -9.381311089295444106e+00
2.474999999999999978e-01 1.592987516994360497e+01 -9.295754344342107345e+00 -9.373477244342106829e+00
2.489999999999999991e-01 1.474444793499310258e+01 -9.312449107864038567e+00 -9.409023507864038294e+00
2.505000000000000004e-01 1.623955154774299103e+01 -9.311858623685580483e+00 -9.416124623685581341e+00
2.520000000000000018e-01 1.570253172150625964e+01 -9.322029749922309705e+00 -9.451259035636596195e+00
2.535000000000000031e-01 1.430912559816182927e+01 -9.331909101838167686e+00 -9.457303044695310135e+00
2.550000000000000044e-01 1.294453603386881824e+01 -9.345086337559751044e+00 -9.476896180416893856e+00
2.565000000000000058e-01 1.262977159906655977e+01 -9.349659000933437270e+00 -9.481993729504866408e+00
2.580000000000000071e-01 1.253878657847459799e+01 -9.359541092953969965e+00 -9.497796750096826557e+00
2.595000000000000084e-01 1.352060954252127090e+01 -9.352867357478727328e+00 -9.472475443193012268e+00
2.610000000000000098e-01 1.278890191877228233e+01 -9.369499081227715465e+00 -9.526550595513429087e+00
2.625000000000000111e-01 1.271680084907355912e+01 -9.363656750926436345e+00 -9.507401008069294335e+00
2.640000000000000124e-01 1.161194490383698863e+01 -9.385368010448722487e+00 -9.549317081877294555e+00
2.655000000000000138e-01 1.296379693918324527e+01 -9.375207246531036986e+00 -9.532437617959608644e+00
2.670000000000000151e-01 1.174004552551326519e+01 -9.395870331629589955e+00 -9.556257131629589452e+00
2.685000000000000164e-01 1.286726923322249760e+01 -9.385657966777497307e+00 -9.530559938206069504e+00
2.700000000000000178e-01 1.311651234698665647e+01 -9.379254995870482503e+00 -9.492213581584769244e+00
2.715000000000000191e-01 1.137335058004741128e+01 -9.398765434238299576e+00 -9.534063277095443212e+00
2.730000000000000204e-01 9.920063931355269204e+00 -9.417206740073300608e+00 -9.590546111501872417e+00
2.745000000000000218e-01 9.806296685569572347e+00 -9.429096714430427184e+00 -9.623464185858999542e+00
2.760000000000000231e-01 1.080733312734420259e+01 -9.415907172655796131e+00 -9.584487744084366767e+00
2.775000000000000244e-01 1.019506325561333249e+01 -9.421772430100952889e+00 -9.566452730100952095e+00
2.790000000000000258e-01 1.093972992644854081e+01 -9.422855159265742131e+00 -9.573338873551456629e+00
2.805000000000000271e-01 1.042746742448741060e+01 -9.425687761226873462e+00 -9.570683032655445288e+00
2.819999999999999729e-01 1.110862289150494142e+01 -9.432722594209341338e+00 -9.587229251352198389e+00
2.834999999999999742e-01 1.052465061212786601e+01 -9.435356802157846445e+00 -9.584649387872131499e+00
2.849999999999999756e-01 1.087311487097747964e+01 -9.435228829022518582e+00 -9.571963671879661462e+00
2.864999999999999769e-01 1.113883423838396602e+01 -9.442555804473176551e+00 -9.581673790187460682e+00
2.879999999999999782e-01 1.078404299895779772e+01 -9.441938401042200724e+00 -9.594784358185057371e+00
2.894999999999999796e-01 9.516446865875481720e+00 -9.459270905553085029e+00 -9.635053162695943030e+00
2.909999999999999809e-01 9.741117266593834145e+00 -9.455581233406162411e+00 -9.613317133406162895e+00
2.924999999999999822e-01 9.559619914278558284e+00 -9.460548814292868869e+00 -9.640710985721439030e+00
2.939999999999999836e-01 1.007019623637567740e+01 -9.460998435052891509e+00 -9.639895606481463375e+00
2.954999999999999849e-01 1.076541337461155123e+01 -9.458648311102733075e+00 -9.623408411102733595e+00
2.969999999999999862e-01 1.067867704213572111e+01 -9.461773443578563203e+00 -9.612963443578562917e+00
2.984999999999999876e-01 1.107653580923521197e+01 -9.462259633621929567e+00 -9.619010047907643468e+00
2.999999999999999889e-01 1.039642110333453395e+01 -9.472348282379750017e+00 -9.644510810951178570e+00
3.014999999999999902e-01 9.802544351852825244e+00 -9.474881091004315081e+00 -9.639850933861458415e+00
3.029999999999999916e-01 9.614824125061007365e+00 -9.478173817796134770e+00 -9.640894432081848819e+00
3.044999999999999929e-01 8.878237564653209901e+00 -9.485335121061073238e+00 -9.645220892489644982e+00
3.059999999999999942e-01 9.222403240889651244e+00 -9.481986044824632032e+00 -9.644355144824631410e+00
3.074999999999999956e-01 9.364276866882329742e+00 -9.489488090260525865e+00 -9.656017804546239702e+00
3.089999999999999969e-01 1.072228272716647801e+01 -9.480624301404946053e+00 -9.618967215690659600e+00
3.104999999999999982e-01 1.000687082055771171e+01 -9.486507250870856112e+00 -9.647010236585142451e+00
3.119999999999999996e-01 9.042522574437731109e+00 -9.496538696990839412e+00 -9.672800411276554655e+00
3.135000000000000009e-01 8.164580844754334876e+00 -9.512859540959947680e+00 -9.711101898102805663e+00
3.150000000000000022e-01 8.897479916021438839e+00 -9.507218098264271333e+00 -9.700293526835700675e+00
3.165000000000000036e-01 8.095211215604779298e+00 -9.513573555823789718e+00 -9.693973412966647274e+00
3.180000000000000049e-01 9.613206170864776468e+00 -9.501490514849507463e+00 -9.665454629135222575e+00
3.195000000000000062e-01 8.931829066299400210e+00 -9.509963776557743387e+00 -9.680327533700600284e+00
3.210000000000000075e-01 8.287031329258457646e+00 -9.516824285027256636e+00 -9.680409356455827563e+00
3.225000000000000089e-01 7.917272958515042092e+00 -9.522552155770672044e+00 -9.687966570056387283e+00
3.240000000000000102e-01 8.275722524265503921e+00 -9.522586632877350965e+00 -9.694746475734493885e+00
3.255000000000000115e-01 8.807678596700931450e+00 -9.520988517584779487e+00 -9.679677189013350613e+00
3.270000000000000129e-01 8.896624031721403369e+00 -9.523114996850022607e+00 -9.682837768278593771e+00
3.285000000000000142e-01 7.669153113793150567e+00 -9.536753871921135328e+00 -9.715696643349707173e+00
3.300000000000000155e-01 8.394737270234269744e+00 -9.528598129765729396e+00 -9.692648844051444001e+00
3.315000000000000169e-01 9.352040785500454589e+00 -9.523239543070971536e+00 -9.668265057356686398e+00
3.330000000000000182e-01 8.910735086899284951e+00 -9.538176227386427897e+00 -9.710818627386426982e+00
3.345000000000000195e-01 8.300165887447365165e+00 -9.538945098266918166e+00 -9.716603512552632438e+00
3.360000000000000209e-01 9.084243185870334969e+00 -9.535739156986808851e+00 -9.696455471272523496e+00
3.375000000000000222e-01 8.842482695174298968e+00 -9.546658590539983891e+00 -9.713615961968557144e+00
3.390000000000000235e-01 9.428272985502989201e+00 -9.543571843068438199e+00 -9.714291028782724879e+00
3.405000000000000249e-01 9.006924055566321030e+00 -9.543899487290818939e+00 -9.709357773005104164e+00
3.420000000000000262e-01 8.873335904068991198e+00 -9.545726938788149596e+00 -9.699957838788149544e+00
3.435000000000000275e-01 7.467937101139035860e+00 -9.560153170289533264e+00 -9.731989441718104317e+00
3.449999999999999734e-01 7.583561931184995331e+00 -9.560797668815002481e+00 -9.731380468815002516e+00
3.464999999999999747e-01 8.085954678610185908e+00 -9.558483307104097548e+00 -9.729912107104096819e+00
3.479999999999999760e-01 7.488478199241301425e+00 -9.562656172187269377e+00 -9.736136072187267843e+00
3.494999999999999774e-01 7.208598206042678314e+00 -9.565366979671603431e+00 -9.747985436814461835e+00
3.509999999999999787e-01 6.820870411973464442e+00 -9.573262773740816911e+00 -9.764071573740816135e+00
3.524999999999999800e-01 7.639524815701909333e+00 -9.568911070012374509e+00 -9.741230727155230085e+00
3.539999999999999813e-01 7.298332844462491309e+00 -9.578082255537507805e+00 -9.764884612680363674e+00
3.554999999999999827e-01 7.589431639770230831e+00 -9.571883003086911756e+00 -9.741478860229769055e+00
3.569999999999999840e-01 6.179492628849260427e+00 -9.584686999722169531e+00 -9.774555042579311959e+00
3.584999999999999853e-01 6.660495810347114798e+00 -9.582488075367169955e+00 -9.767479475367171204e+00
3.599999999999999867e-01 7.614228325763308547e+00 -9.574958017093830875e+00 -9.731253731379545968e+00
3.614999999999999880e-01 6.778368745163636078e+00 -9.585547126264932771e+00 -9.764339226264933558e+00
3.629999999999999893e-01 6.510555638608730433e+00 -9.587245118534124089e+00 -9.767563275676982570e+00
3.644999999999999907e-01 6.938711861868366526e+00 -9.591138280988774412e+00 -9.778115252417347136e+00
3.659999999999999920e-01 7.134853127850037779e+00 -9.585228715007101385e+00 -9.764391443578530172e+00
3.674999999999999933e-01 5.288826578027538972e+00 -9.602618821972457752e+00 -9.810235607686744075e+00
3.689999999999999947e-01 6.309296496726670256e+00 -9.595911588987613428e+00 -9.785679017559042236e+00
3.704999999999999960e-01 6.086480025410965666e+00 -9.598914074589030676e+00 -9.795910388874744967e+00
3.719999999999999973e-01 5.366295734110284599e+00 -9.609707365889713415e+00 -9.810722537318284253e+00
3.734999999999999987e-01 6.816683621420789763e+00 -9.599304664293493161e+00 -9.787610150007779453e+00
3.750000000000000000e-01 6.248096543076403719e+00 -9.604893999780736991e+00 -9.796743585495022444e+00
3.765000000000000013e-01 5.246298783377374875e+00 -9.614585316622623168e+00 -9.826648988051195133e+00
3.780000000000000027e-01 5.394268912333149757e+00 -9.614026559095421476e+00 -9.827143444809706807e+00
3.795000000000000040e-01 6.540622642805224984e+00 -9.606210200051915393e+00 -9.786542600051914675e+00
3.810000000000000053e-01 5.362029973364306201e+00 -9.619672555207120723e+00 -9.822561526635693596e+00
3.825000000000000067e-01 5.217462331147446619e+00 -9.619717568852552247e+00 -9.823532268852552818e+00
3.840000000000000080e-01 5.543568286143777613e+00 -9.618794699570504037e+00 -9.820901199570505113e+00
3.855000000000000093e-01 6.156347836908796722e+00 -9.617467763091198663e+00 -9.813341791662628211e+00
3.870000000000000107e-01 6.261330981992948352e+00 -9.614746675149909549e+00 -9.801707546578482422e+00
3.885000000000000120e-01 5.513340577084461458e+00 -9.625040794344108974e+00 -9.829184537201250293e+00
3.900000000000000133e-01 5.341036620723693673e+00 -9.624850364990592766e+00 -9.813431079276305979e+00
3.915000000000000147e-01 5.956451968588794443e+00 -9.620160674268346312e+00 -9.798367345696918917e+00
3.930000000000000160e-01 5.780498047781467363e+00 -9.625717780789958766e+00 -9.815503466504242880e+00
3.945000000000000173e-01 5.291124856826955991e+00 -9.633556371744470326e+00 -9.832443428887328807e+00
3.960000000000000187e-01 5.077192394245484408e+00 -9.637568977183086361e+00 -9.839554305754514729e+00
3.975000000000000200e-01 5.787560658552253656e+00 -9.631097041447743479e+00 -9.821257641447743936e+00
3.990000000000000213e-01 5.259518219686043494e+00 -9.636441094599668133e+00 -9.834956923171095156e+00
4.005000000000000226e-01 4.907125076152048848e+00 -9.640652409562234126e+00 -9.850722295276520768e+00
4.020000000000000240e-01 5.040145512164759367e+00 -9.641855802120954166e+00 -9.843758359263812707e+00
4.035000000000000253e-01 5.495960954790808373e+00 -9.641929159494905477e+00 -9.836754473780619179e+00
4.050000000000000266e-01 6.394849973948998567e+00 -9.632974340336714292e+00 -9.808834783193857376e+00
4.064999999999999725e-01 5.401871139553156453e+00 -9.644900189018271064e+00 -9.835784646161126688e+00
4.079999999999999738e-01 4.651870164369272587e+00 -9.649428578487869501e+00 -9.844617121345011768e+00
4.094999999999999751e-01 4.627002761158381716e+00 -9.651375724555903091e+00 -9.851105110270189869e+00
4.109999999999999765e-01 5.009351785533695534e+00 -9.650414000180591145e+00 -9.839205928752019048e+00
4.124999999999999778e-01 5.482637235960615030e+00 -9.647502478325097997e+00 -9.827740964039383798e+00
4.139999999999999791e-01 5.858303396613896652e+00 -9.648286074814674151e+00 -9.838038474814673862e+00
4.154999999999999805e-01 5.121494551663339223e+00 -9.655647576908087615e+00 -9.854315705479516296e+00
4.169999999999999818e-01 5.248324985273818299e+00 -9.653941114726181993e+00 -9.850047929011896741e+00
4.184999999999999831e-01 5.070666124462427149e+00 -9.656262646966144558e+00 -9.848032761251859668e+00
4.199999999999999845e-01 4.869719396241329434e+00 -9.658680832330095001e+00 -9.850925703758667495e+00
4.214999999999999858e-01 4.858406227617791728e+00 -9.660015743810779654e+00 -9.847617929525066316e+00
4.229999999999999871e-01 5.267169474165585896e+00 -9.659118554405841550e+00 -9.843719025834413827e+00
4.244999999999999885e-01 4.786891991453593675e+00 -9.664264608546403679e+00 -9.855722237117833018e+00
4.259999999999999898e-01 5.819476635045802482e+00 -9.659911036382768046e+00 -9.847271622097053978e+00
4.274999999999999911e-01 6.059093403358444263e+00 -9.658814239498694221e+00 -9.834443282355838534e+00
4.289999999999999925e-01 6.188135151945745704e+00 -9.657355719482822565e+00 -9.836633048054251205e+00
4.304999999999999938e-01 5.496559022071329181e+00 -9.662779006500098689e+00 -9.849991206500098073e+00
4.319999999999999951e-01 4.640292154993954199e+00 -9.670819959291756973e+00 -9.863475773577471628e+00
4.334999999999999964e-01 5.126561691967523871e+00 -9.665600379461045222e+00 -9.851468950889616494e+00
4.349999999999999978e-01 4.709413345669652529e+00 -9.673482911473202606e+00 -9.864390411473202391e+00
4.364999999999999991e-01 5.287707114487396609e+00 -9.669493542655459350e+00 -9.849076128369745220e+00
4.380000000000000004e-01 5.518330139660108102e+00 -9.672465074625604231e+00 -9.858253403197032583e+00
4.395000000000000018e-01 5.934850990993743025e+00 -9.666350937577682600e+00 -9.842065323291969037e+00
4.410000000000000031e-01 5.005845381146571071e+00 -9.664035633139143044e+00 -9.840493675996285106e+00
4.425000000000000044e-01 4.039591879914883776e+00 -9.668742820085114431e+00 -9.860893334370828711e+00
4.440000000000000058e-01 4.529953342804462935e+00 -9.666050300052678068e+00 -9.868938214338392356e+00
4.455000000000000071e-01 5.268955482459130479e+00 -9.662094617540869734e+00 -9.862641560398012430e+00
4.470000000000000084e-01 5.427636868660762559e+00 -9.656120774196377710e+00 -9.850553974196376572e+00
4.485000000000000098e-01 4.443224642615026809e+00 -9.656035828813543276e+00 -9.848481171670684375e+00
4.500000000000000111e-01 4.173887374094212177e+00 -9.659656511620070773e+00 -9.862198383048641048e+00
4.515000000000000124e-01 4.474380775722991643e+00 -9.658853181419864598e+00 -9.864853595705579181e+00
4.530000000000000138e-01 5.485209131549815709e+00 -9.651220039878753099e+00 -9.848028311307324145e+00
4.545000000000000151e-01 4.927689582761244580e+00 -9.653692974381611336e+00 -9.846894160095896353e+00
4.560000000000000164e-01 3.902290699110492866e+00 -9.662427415175219636e+00 -9.882098400889505641e+00
4.575000000000000178e-01 4.960735336060317024e+00 -9.651375163939681201e+00 -9.853030549653967185e+00
4.590000000000000191e-01 5.482569206211582724e+00 -9.650558008074131777e+00 -9.839192408074131535e+00
4.605000000000000204e-01 5.315432307874701223e+00 -9.648754192125299056e+00 -9.833734477839584542e+00
4.620000000000000218e-01 5.199906067926775677e+00 -9.651077132073222486e+00 -9.847417817787507133e+00
4.635000000000000231e-01 5.203191913240203803e+00 -9.648565472474080806e+00 -9.841167458188365913e+00
4.650000000000000244e-01 4.459941270682644898e+00 -9.656289415031640289e+00 -9.868078386460210183e+00
4.665000000000000258e-01 5.424388424259907637e+00 -9.656668575740090077e+00 -9.858729804311519018e+00
4.680000000000000271e-01 5.815341943687396764e+00 -9.657936984884027964e+00 -9.837584284884028918e+00
4.694999999999999729e-01 5.280851827247239783e+00 -9.664368701324189459e+00 -9.844720101324188732e+00
4.709999999999999742e-01 4.433556644645436862e+00 -9.674985755354562400e+00 -9.874934312497419597e+00
4.724999999999999756e-01 4.683714965583321899e+00 -9.671985920130962811e+00 -9.856671205845248807e+00
4.739999999999999769e-01 4.664412502614686318e+00 -9.677021897385310822e+00 -9.869652840242453706e+00
4.754999999999999782e-01 4.484387825431516816e+00 -9.677036517425623430e+00 -9.868226474568480455e+00
4.769999999999999796e-01 4.982960932292565204e+00 -9.679400853421720186e+00 -9.866177139136006247e+00
4.784999999999999809e-01 5.141404678594783562e+00 -9.681603135690929562e+00 -9.867134364262357238e+00
4.799999999999999822e-01 4.821657634016192517e+00 -9.679618380269520372e+00 -9.860033394555234310e+00
4.814999999999999836e-01 4.724949796801608315e+00 -9.685421217484103451e+00 -9.876423360341245683e+00
4.829999999999999849e-01 4.647931165191209857e+00 -9.687333363380218998e+00 -9.878684820523076837e+00
4.844999999999999862e-01 4.867966023134831843e+00 -9.688228576865167696e+00 -9.873651391150881196e+00
4.859999999999999876e-01 5.294114368863411357e+00 -9.689343973993729264e+00 -9.875694273993728345e+00
4.874999999999999889e-01 4.636546200603284262e+00 -9.691336642253858713e+00 -9.875861042253859523e+00
4.889999999999999902e-01 4.648591516576161098e+00 -9.689969254852410785e+00 -9.868322097709553375e+00
4.904999999999999916e-01 4.792947457856314486e+00 -9.696046685000824894e+00 -9.891554170715110672e+00
4.919999999999999929e-01 4.508335451227722501e+00 -9.695287263057991822e+00 -9.885479120200848513e+00
4.934999999999999942e-01 4.546624066326897307e+00 -9.699642862244528985e+00 -9.896802633673100758e+00
4.949999999999999956e-01 4.418894729928666720e+00 -9.699310012928476610e+00 -9.892549270071333112e+00
4.964999999999999969e-01 4.630216011660408526e+00 -9.698738816911019356e+00 -9.892451074053877136e+00
4.979999999999999982e-01 4.442123624002098481e+00 -9.702568304569329172e+00 -9.897831890283613987e+00
4.994999999999999996e-01 4.302938993714876759e+00 -9.705560763427980575e+00 -9.896305491999408233e+00
5.010000000000000009e-01 4.579393547555323352e+00 -9.704071181016102443e+00 -9.890322509587530675e+00
5.024999999999999467e-01 4.755607283704076593e+00 -9.702950102010207800e+00 -9.879916330581636430e+00
5.040000000000000036e-01 5.273760200337221704e+00 -9.700253871091346625e+00 -9.872918256805633064e+00
5.054999999999999494e-01 4.515003724197770296e+00 -9.707879161516514088e+00 -9.894308075802227265e+00
5.070000000000000062e-01 4.187632139167066114e+00 -9.708251960832932070e+00 -9.896353089404360759e+00
5.084999999999999520e-01 3.382912014836232828e+00 -9.717364985163765567e+00 -9.917371899449479500e+00
5.100000000000000089e-01 4.216742206506181034e+00 -9.712652179208102865e+00 -9.911854964922387268e+00
5.114999999999999547e-01 4.510978140901908517e+00 -9.704392973383805909e+00 -9.894141844812377684e+00
5.130000000000000115e-01 4.524918959029626819e+00 -9.701984826684658003e+00 -9.894349969541799794e+00
5.144999999999999574e-01 4.857431801891085144e+00 -9.699681783823198344e+00 -9.892143669537484030e+00
5.160000000000000142e-01 4.860899524769278557e+00 -9.694015103802147593e+00 -9.873966518087861743e+00
5.174999999999999600e-01 4.589554982942729566e+00 -9.695495959914412154e+00 -9.880493331342984575e+00
5.190000000000000169e-01 5.256053888828370546e+00 -9.691496654028769697e+00 -9.875095768314483990e+00
5.204999999999999627e-01 5.336789097695838535e+00 -9.690082102304160117e+00 -9.865934130875588792e+00
5.220000000000000195e-01 5.275553464810315063e+00 -9.688808035189683920e+00 -9.867782263761112560e+00
5.234999999999999654e-01 4.601204131146850784e+00 -9.693705340281718819e+00 -9.893057040281719949e+00
5.250000000000000222e-01 5.478378237676070128e+00 -9.686954248038215809e+00 -9.868765633752500932e+00
5.264999999999999680e-01 4.636732925364174918e+00 -9.690207674635825441e+00 -9.874836003207253299e+00
5.280000000000000249e-01 4.971651049458682081e+00 -9.686058936255601992e+00 -9.870788379112743982e+00
5.294999999999999707e-01 4.985484036631280702e+00 -9.689313906225859085e+00 -9.876516334797287300e+00
5.310000000000000275e-01 5.241540456406408310e+00 -9.683923372165018861e+00 -9.860761972165018818e+00
5.324999999999999734e-01 4.882611735446968027e+00 -9.687617921695885315e+00 -9.876314093124458182e+00
5.340000000000000302e-01 4.975049300411500397e+00 -9.687827613874212318e+00 -9.884401099588497885e+00
5.354999999999999760e-01 4.894894577954168824e+00 -9.686077607760115171e+00 -9.876499793474401656e+00
5.370000000000000329e-01 4.538946137581913121e+00 -9.690374048132371243e+00 -9.871245276703799476e+00
5.384999700000000500e-01 4.027368256592039231e+00 -9.701581614836531031e+00 -9.899962743407959564e+00
5.400000000000000355e-01 3.860193809670114717e+00 -9.704398033187027650e+00 -9.901997718901313306e+00
5.415000300000000211e-01 4.404605639121934146e+00 -9.706269475163777471e+00 -9.892418460878063868e+00
5.430000000000000382e-01 5.208215158359044139e+00 -9.702917355926668819e+00 -9.876697570212384036e+00
5.444999700000000553e-01 4.283972378499937506e+00 -9.711548150071489971e+00 -9.901490607214347150e+00
5.460000000000000409e-01 4.427028739548095615e+00 -9.709908803309046377e+00 -9.896383517594760093e+00
5.475000300000000264e-01 4.820131369187832249e+00 -9.710631345097880285e+00 -9.899338873669309535e+00
5.490000000000000435e-01 4.426393109067639386e+00 -9.715069105218072210e+00 -9.901413133789500165e+00
5.504999699999999496e-01 5.363859684892391400e+00 -9.711980557964750460e+00 -9.889596443679035787e+00
5.520000000000000462e-01 5.344588251250728561e+00 -9.712744634463556181e+00 -9.890238805892128227e+00
5.535000300000000317e-01 5.184450221206862608e+00 -9.713417093078849263e+00 -9.895577464507422150e+00
5.550000000000000488e-01 4.284191293219036467e+00 -9.721835249638104415e+00 -9.914846949638103979e+00
5.564999699999999550e-01 4.811900050434525511e+00 -9.719852720994044404e+00 -9.901940235279758085e+00
5.580000000000000515e-01 4.646210790597431028e+00 -9.719983280831138828e+00 -9.895589895116852830e+00
5.595000300000000371e-01 4.894404926438957304e+00 -9.719744430703899596e+00 -9.896048216418185106e+00
5.610000000000000542e-01 5.436919584657065485e+00 -9.716741101057220220e+00 -9.884510643914364181e+00
5.624999699999999603e-01 5.296870491554585669e+00 -9.718129137016841668e+00 -9.883673665588268875e+00
5.639999999999999458e-01 4.959347659458506641e+00 -9.720238211970062991e+00 -9.883989683398635151e+00
5.655000300000000424e-01 5.128641072196995054e+00 -9.720817584945860901e+00 -9.887155370660146048e+00
5.669999999999999485e-01 4.970153570423427425e+00 -9.723017301005143054e+00 -9.890620043862286437e+00
5.684999699999999656e-01 4.590063737880758055e+00 -9.727245647833525410e+00 -9.897798476404954471e+00
5.699999999999999512e-01 4.643794444334847782e+00 -9.725752527093721511e+00 -9.888729984236579895e+00
5.715000300000000477e-01 4.521614244712235831e+00 -9.728393069573478158e+00 -9.896381255287764134e+00
5.729999999999999538e-01 4.091555979337421434e+00 -9.731233649234008354e+00 -9.905273449234007543e+00
5.744999699999999709e-01 4.365761089392327321e+00 -9.730391782036242887e+00 -9.908146324893385426e+00
5.759999999999999565e-01 4.068808159223383569e+00 -9.736538540776614070e+00 -9.921039412205184149e+00
5.775000300000000530e-01 4.529502886285497354e+00 -9.731310113714503274e+00 -9.905744285143073924e+00
5.789999999999999591e-01 4.612810967718564470e+00 -9.732077203710005620e+00 -9.905140032281433804e+00
5.804999699999999763e-01 5.216548130713759335e+00 -9.731421455000523579e+00 -9.896347669286237547e+00
5.819999999999999618e-01 5.145495817054047905e+00 -9.732468840088808193e+00 -9.899713940088808783e+00
5.835000299999999473e-01 5.111741152438410651e+00 -9.731268133275872145e+00 -9.897149547561586047e+00
5.849999999999999645e-01 4.716954119395030176e+00 -9.732874380604966902e+00 -9.900227423462110821e+00
5.864999699999999816e-01 4.089224731123145773e+00 -9.739055026019711292e+00 -9.918382268876852592e+00
5.879999999999999671e-01 4.543740143983935553e+00 -9.738591513158921131e+00 -9.916537613158920905e+00
5.895000299999999527e-01 4.829084626207617248e+00 -9.736323630935240558e+00 -9.902097845220954042e+00
5.909999999999999698e-01 4.596856731426393949e+00 -9.740986840002177516e+00 -9.917340097145034505e+00
5.924999699999999869e-01 4.962105044560676248e+00 -9.739004384010751636e+00 -9.909554912582180464e+00
5.939999999999999725e-01 4.868972436548665073e+00 -9.741171577737047116e+00 -9.915490049165617492e+00
5.955000299999999580e-01 4.691117461010412271e+00 -9.742800653275299538e+00 -9.912515196132442696e+00
5.969999999999999751e-01 4.971282956969323763e+00 -9.740294543030675101e+00 -9.904981914459245473e+00
5.984999699999999923e-01 5.489011795351498080e+00 -9.739850347505642603e+00 -9.906965261791357946e+00
5.999999999999999778e-01 5.954485418813820985e+00 -9.738203138329035724e+00 -9.891828552614748915e+00
6.015000299999999633e-01 5.612542380653357199e+00 -9.739107047918068361e+00 -9.899407976489497329e+00
6.029999999999999805e-01 4.339719805286184950e+00 -9.746145166142385463e+00 -9.920573394713814608e+00
6.044999699999999976e-01 4.413290563928612187e+00 -9.745924978928528049e+00 -9.920663464642812457e+00
6.059999999999999831e-01 4.686411813812139115e+00 -9.746733629045001734e+00 -9.915618557616429740e+00
6.075000299999999687e-01 4.562743536483752749e+00 -9.748996134944816205e+00 -9.921721477801959566e+00
6.089999999999999858e-01 3.957012856039400006e+00 -9.750781201103453810e+00 -9.927129029674881977e+00
6.104999700000000029e-01 4.453585501127259150e+00 -9.745706827444166720e+00 -9.910219856015595852e+00
6.119999999999999885e-01 4.746754343552209932e+00 -9.747330185019215776e+00 -9.909988285019215581e+00
6.135000299999999740e-01 5.197505078826935687e+00 -9.744525678315920203e+00 -9.904722464030205842e+00
6.149999999999999911e-01 4.439334830728768111e+00 -9.750454583556946275e+00 -9.909484554985517946e+00
6.164999700000000082e-01 4.492199328193651198e+00 -9.750809486092059331e+00 -9.911400886092058826e+00
6.179999999999999938e-01 5.195170014741501419e+00 -9.746834828115639837e+00 -9.905437756687067719e+00
6.195000299999999793e-01 4.821884014137900465e+00 -9.750366814433526486e+00 -9.915255643004954322e+00
6.209999999999999964e-01 5.031934164128777809e+00 -9.749496093014077047e+00 -9.917628050156933384e+00
6.224999700000000136e-01 4.944314765365213304e+00 -9.749231206063358357e+00 -9.907917177491929905e+00
6.239999999999999991e-01 4.479450118795176294e+00 -9.753827381204823510e+00 -9.916899324061965615e+00
6.255000299999999847e-01 5.072828776438678133e+00 -9.748004080704177454e+00 -9.905299609275607153e+00
6.270000000000000018e-01 4.629035004297477940e+00 -9.750613095702519217e+00 -9.905900424273946570e+00
6.284999700000000189e-01 6.021210246165118463e+00 -9.746223339549167974e+00 -9.893682053834881529e+00
6.300000000000000044e-01 5.605151660416384019e+00 -9.748161282440756636e+00 -9.896892182440755192e+00
6.315000299999999900e-01 4.479510655898661042e+00 -9.754243844101337046e+00 -9.922525858387050590e+00
6.330000000000000071e-01 4.756682926871070194e+00 -9.754601001700356377e+00 -9.925842730271783765e+00
6.344999700000000242e-01 4.443004203125505924e+00 -9.755994996874491676e+00 -9.927646325445920183e+00
6.360000000000000098e-01 4.215153071890902936e+00 -9.758797385251952505e+00 -9.928490756680524498e+00
6.375000299999999953e-01 4.733638084557817649e+00 -9.758121829727896213e+00 -9.932308872585037918e+00
6.390000000000000124e-01 5.157504935072859453e+00 -9.756111479212853155e+00 -9.924166507784281777e+00
6.404999700000000296e-01 5.533996496367874940e+00 -9.753061589346410543e+00 -9.906435132203553096e+00
6.420000000000000151e-01 5.462982784524673008e+00 -9.753096486903897855e+00 -9.917165872618182831e+00
6.435000300000000006e-01 4.801206636335679789e+00 -9.756816606521461210e+00 -9.920994349378602806e+00
6.450000000000000178e-01 5.406436602579399064e+00 -9.754206397420599473e+00 -9.912389797420598114e+00
6.464999700000000349e-01 5.208905556469224152e+00 -9.756340829245061741e+00 -9.910084757816489898e+00
6.480000000000000204e-01 5.372932085795703472e+00 -9.754322557061440691e+00 -9.909187657061441001e+00
6.495000300000000060e-01 4.316683312754690860e+00 -9.761166615816737391e+00 -9.928371315816736598e+00
6.510000000000000231e-01 4.689752073529568577e+00 -9.758689283613287913e+00 -9.915656926470431287e+00
6.524999700000000402e-01 5.051799813042576304e+00 -9.757132715528852529e+00 -9.909647186957423415e+00
6.540000000000000258e-01 5.019382262220299040e+00 -9.758241623493985273e+00 -9.913592852065415073e+00
6.555000300000000113e-01 4.604243685806432396e+00 -9.761809657050708466e+00 -9.926071714193566820e+00
6.570000000000000284e-01 4.721695491105096565e+00 -9.761282651752045680e+00 -9.921671180323473394e+00
6.584999700000000455e-01 4.951474837603246471e+00 -9.759669419539608981e+00 -9.911758105253895224e+00
6.600000000000000311e-01 5.109827456505058763e+00 -9.760481572066368017e+00 -9.915242943494940064e+00
6.615000300000000166e-01 4.842103326532219754e+00 -9.761700473467779915e+00 -9.918327959182065001e+00
6.630000000000000338e-01 4.508120997539750263e+00 -9.763780531031676091e+00 -9.925905816745961729e+00
6.644999700000000509e-01 4.573884772149446221e+00 -9.765658542136264941e+00 -9.929843627850550192e+00
6.660000000000000364e-01 4.697308953270356469e+00 -9.764325875301071989e+00 -9.924827061015358609e+00
6.675000300000000220e-01 4.330320662175170199e+00 -9.765748852110542444e+00 -9.929026166396257125e+00
6.690000000000000391e-01 4.808577019842825706e+00 -9.764100008728600955e+00 -9.922973665871458238e+00
6.704999699999999452e-01 5.330482329171527311e+00 -9.761467270828472209e+00 -9.910090556542757056e+00
6.720000000000000417e-01 5.017175179059590207e+00 -9.761697035226120533e+00 -9.910482749511835721e+00
6.735000300000000273e-01 4.984962690475171598e+00 -9.763741152381971489e+00 -9.917343795239114357e+00
6.750000000000000444e-01 4.975554841237006087e+00 -9.764921873048708179e+00 -9.920914344477278490e+00
6.764999699999999505e-01 5.325743077375541645e+00 -9.762590822624458653e+00 -9.913058036910172177e+00
6.780000000000000471e-01 5.042800273777057640e+00 -9.765449226222942869e+00 -9.918980911937227418e+00
6.795000300000000326e-01 5.086959265392472673e+00 -9.765190748893239459e+00 -9.922494120321811550e+00
6.810000000000000497e-01 5.168988601167670893e+00 -9.764149770260898364e+00 -9.920536884546612200e+00
6.824999699999999558e-01 5.390785441692594659e+00 -9.764651486878832998e+00 -9.922278701164547243e+00
6.840000000000000524e-01 5.233085519268717789e+00 -9.765257037874137680e+00 -9.925598409302708092e+00
6.855000300000000379e-01 4.988573097117074084e+00 -9.765258660025780912e+00 -9.924433988597209932e+00
6.870000000000000551e-01 4.961026723883728451e+00 -9.766507704687699132e+00 -9.922133947544841348e+00
6.884999699999999612e-01 4.557952131859650535e+00 -9.767156668140348330e+00 -9.919831239568919656e+00
6.899999999999999467e-01 5.421187910760192352e+00 -9.762560460668376905e+00 -9.907329446382663107e+00
6.915000300000000433e-01 5.414684037792397930e+00 -9.763097462207600330e+00 -9.908211462207599851e+00
6.929999999999999494e-01 4.711027632732720960e+00 -9.766435624410133798e+00 -9.919712467267276068e+00
6.944999699999999665e-01 4.543294428143264341e+00 -9.769578628999592951e+00 -9.930129657571020729e+00
6.959999999999999520e-01 4.972864442580476663e+00 -9.765844457419522229e+00 -9.924012371705236646e+00
6.975000300000000486e-01 4.022633367239048852e+00 -9.772083347046665480e+00 -9.939670347046664745e+00
6.989999999999999547e-01 4.098499750170331524e+00 -9.771441378401096500e+00 -9.941004892686811090e+00
7.004999699999999718e-01 4.886557895634775051e+00 -9.767049261508081059e+00 -9.923714704365224293e+00
7.019999999999999574e-01 5.207652108171448191e+00 -9.767597820399979369e+00 -9.918011020399980282e+00
7.035000300000000539e-01 5.207833792964324360e+00 -9.766152778464245898e+00 -9.913718892749960432e+00
7.049999999999999600e-01 4.803482926341303028e+00 -9.768736845087268250e+00 -9.924700102230126220e+00
7.064999699999999772e-01 5.127336669974134509e+00 -9.767533844311580893e+00 -9.921991687168723928e+00
7.079999999999999627e-01 5.242033614383123208e+00 -9.767255128474019443e+00 -9.924689357045448190e+00
7.095000299999999482e-01 4.864949450171769385e+00 -9.769110992685369865e+00 -9.922638721256799244e+00
7.109999999999999654e-01 4.387295581946183631e+00 -9.770587932339529047e+00 -9.926316146625243420e+00
7.124999699999999825e-01 4.802826314502329552e+00 -9.765488914069097248e+00 -9.919390814069098283e+00
7.139999999999999680e-01 4.504488810054686709e+00 -9.763457418516738429e+00 -9.921787118516737891e+00
7.155000299999999536e-01 4.370270187485086666e+00 -9.761256083943486317e+00 -9.920488155372057193e+00
7.169999999999999707e-01 4.927998993965212904e+00 -9.756566063177645631e+00 -9.910665248891930901e+00
7.184999699999999878e-01 5.155203820271037074e+00 -9.754258936871819330e+00 -9.909177022586105110e+00
7.199999999999999734e-01 5.555333257452707230e+00 -9.752606813975862821e+00 -9.907656056833005209e+00
7.215000299999999589e-01 5.569745852672031816e+00 -9.751931618756540132e+00 -9.904538090185111443e+00
7.229999999999999760e-01 4.861853009953689408e+00 -9.754018675760596224e+00 -9.916271175760595469e+00
7.244999699999999931e-01 5.344021891766564281e+00 -9.748558408233432004e+00 -9.902654736804860747e+00
7.259999999999999787e-01 4.643765375137942186e+00 -9.755776267719198813e+00 -9.920779539147771331e+00
7.275000299999999642e-01 4.766527721225584102e+00 -9.753307564488700621e+00 -9.916980221631558123e+00
7.289999999999999813e-01 4.610264619480275883e+00 -9.752835723376866994e+00 -9.913900094805438101e+00
7.304999699999999985e-01 4.700456089776723800e+00 -9.749621310223274051e+00 -9.907326224508988588e+00
7.319999999999999840e-01 4.262600723689383031e+00 -9.752363447739188729e+00 -9.918431347739188553e+00
7.335000299999999696e-01 4.755588496373659879e+00 -9.748593803626338428e+00 -9.908491717912053076e+00
7.349999999999999867e-01 4.420725096993871617e+00 -9.748470260148986100e+00 -9.908482074434699527e+00
7.364999700000000038e-01 5.166711974257719220e+00 -9.746124497170850276e+00 -9.900561454313706378e+00
7.379999999999999893e-01 5.035514862856860674e+00 -9.747475037143139787e+00 -9.904395822857424037e+00
7.395000299999999749e-01 4.937393737660343618e+00 -9.745050548053940886e+00 -9.899523790911084475e+00
7.409999999999999920e-01 4.942658573261992316e+00 -9.744614698166577327e+00 -9.887246026738006677e+00
7.424999700000000091e-01 5.094233675772541048e+00 -9.744122124227455828e+00 -9.888936409941742056e+00
7.439999999999999947e-01 5.397987637285172724e+00 -9.744618491286253459e+00 -9.901882234143396744e+00
7.455000299999999802e-01 5.396780432384272075e+00 -9.743692639044299497e+00 -9.900872553330012593e+00
7.469999999999999973e-01 4.621280606809174074e+00 -9.743757421762254012e+00 -9.894153950333683056e+00
7.484999700000000145e-01 4.102195324072251736e+00 -9.746887118784890447e+00 -9.905401347356319164e+00
7.500000000000000000e-01 4.446578890809643525e+00 -9.746304852047497747e+00 -9.912074823476070051e+00
7.515000299999999855e-01 4.893195567037084359e+00 -9.741096932962914678e+00 -9.892359975820056661e+00
7.530000000000000027e-01 4.676516755355429211e+00 -9.742392001787424149e+00 -9.896666073215996562e+00
7.544999700000000198e-01 4.857708190962997108e+00 -9.741037123322717761e+00 -9.899842194751288460e+00
7.560000000000000053e-01 4.184982752180317789e+00 -9.742968504962540521e+00 -9.904684233533968651e+00
7.575000299999999909e-01 4.440631841599051555e+00 -9.740496958400946426e+00 -9.899442729829518228e+00
7.590000000000000080e-01 5.536335432969034187e+00 -9.736449924173822268e+00 -9.890998381316679300e+00
7.604999700000000251e-01 5.277969261744518192e+00 -9.736469923969764295e+00 -9.888426381112621399e+00
7.620000000000000107e-01 4.557029063643312838e+00 -9.739419279213826997e+00 -9.904553564928113119e+00
7.635000299999999962e-01 4.658683383834732794e+00 -9.736505344736695378e+00 -9.891653401879553442e+00
7.650000000000000133e-01 5.407266481505034861e+00 -9.732860275637820635e+00 -9.886002175637822020e+00
7.664999700000000304e-01 5.174698378077291494e+00 -9.730007950494135471e+00 -9.890213321922706413e+00
7.680000000000000160e-01 4.743321952379409012e+00 -9.726041519049161366e+00 -9.883682704763446125e+00
7.695000300000000015e-01 4.503398606445834673e+00 -9.724848450697020752e+00 -9.886451379268448747e+00
7.710000000000000187e-01 4.630639742043857865e+00 -9.719346643670425223e+00 -9.881840543670426413e+00
7.724999700000000358e-01 4.800126809421064067e+00 -9.718450404864649173e+00 -9.886779233436076453e+00
7.740000000000000213e-01 4.938086973371184740e+00 -9.714296798057386439e+00 -9.874698555200243533e+00
7.755000300000000069e-01 4.931614492795526772e+00 -9.712593307204471671e+00 -9.875453878633043914e+00
7.770000000000000240e-01 5.760142197758463922e+00 -9.705895430812965685e+00 -9.855753116527250057e+00
7.784999700000000411e-01 5.553080110187803342e+00 -9.705069904097911149e+00 -9.856866946955053166e+00
7.800000000000000266e-01 5.639235395127361272e+00 -9.703637090586923364e+00 -9.859833133444066533e+00
7.815000300000000122e-01 4.896360882632787792e+00 -9.705497303081495275e+00 -9.874265845938637653e+00
7.830000000000000293e-01 5.368742259638725756e+00 -9.700304640361270714e+00 -9.856073683218413706e+00
7.844999700000000464e-01 5.392615262608908111e+00 -9.700832608819663250e+00 -9.859811723105377013e+00
7.860000000000000320e-01 5.240954199692922089e+00 -9.698398671735649401e+00 -9.865844328878505820e+00
7.875000300000000175e-01 5.018499043531097215e+00 -9.698443499326042883e+00 -9.868678885040329973e+00
7.890000000000000346e-01 5.130695480787268892e+00 -9.694826819212728708e+00 -9.856272547784158178e+00
7.904999700000000518e-01 4.753317819602486338e+00 -9.695805223254655658e+00 -9.860350837540369895e+00
7.920000000000000373e-01 4.601366082659232859e+00 -9.696030545912195819e+00 -9.860284431626480384e+00
7.935000300000000228e-01 5.236465956612853745e+00 -9.690931371958573237e+00 -9.860971314815715871e+00
7.950000000000000400e-01 5.306993127858163461e+00 -9.683468786427548380e+00 -9.854941386427549688e+00
7.964999699999999461e-01 5.342091904783506706e+00 -9.678185309502206124e+00 -9.847640880930777385e+00
7.980000000000000426e-01 5.433943738888494579e+00 -9.671533246825791963e+00 -9.833283418254364250e+00
7.995000300000000282e-01 5.265454316559566195e+00 -9.669995269154718187e+00 -9.838070040583289710e+00
8.010000000000000453e-01 4.081155038210011909e+00 -9.671417904647128694e+00 -9.851387447504272643e+00
8.024999699999999514e-01 4.175805926759716513e+00 -9.663716330383140374e+00 -9.836408573240282394e+00
8.040000000000000480e-01 4.068795576809666414e+00 -9.662657766047475505e+00 -9.836675223190331607e+00
8.055000300000000335e-01 4.107932531622047634e+00 -9.661568068377951235e+00 -9.844425568377952018e+00
8.070000000000000506e-01 5.475671048487562587e+00 -9.653876880083865686e+00 -9.822859822941008900e+00
8.084999699999999567e-01 5.785254007713300339e+00 -9.648822663715268533e+00 -9.811513949429555126e+00
8.100000000000000533e-01 5.717451432714437232e+00 -9.644634667285560070e+00 -9.804973381571274516e+00
8.115000300000000388e-01 5.059876152202116728e+00 -9.645169962083596005e+00 -9.813474119226452075e+00
8.129999999999999449e-01 4.620239566060554637e+00 -9.646212676796587004e+00 -9.836681391082301218e+00
8.144999699999999621e-01 4.977285983411148251e+00 -9.638950716588851719e+00 -9.812714173731709622e+00
8.159999999999999476e-01 5.295411142196035925e+00 -9.637621214946818782e+00 -9.814585857803960423e+00
8.175000300000000442e-01 5.487087870862863426e+00 -9.633635243422848049e+00 -9.810812114851419352e+00
8.189999999999999503e-01 5.507101854748309933e+00 -9.630896145251689688e+00 -9.804611402394547426e+00
8.204999699999999674e-01 4.863303117500853645e+00 -9.631136311070573441e+00 -9.812775996784857568e+00
8.219999999999999529e-01 4.528501683016717294e+00 -9.628394216983281240e+00 -9.809253016983282336e+00
8.235000300000000495e-01 4.395257522338974709e+00 -9.627188120518168191e+00 -9.800889620518168144e+00
8.249999999999999556e-01 5.492364891972869145e+00 -9.619495965169988949e+00 -9.796464608027131149e+00
8.264999699999999727e-01 4.931789530092499874e+00 -9.621622498478927810e+00 -9.805146184193214154e+00
8.279999999999999583e-01 5.268821460832354475e+00 -9.615601796310501825e+00 -9.787127796310501893e+00
8.295000300000000548e-01 4.380362083547057139e+00 -9.616366159310082651e+00 -9.799471587881511070e+00
8.309999999999999609e-01 4.244681368769390062e+00 -9.615286245516323049e+00 -9.802656759802037101e+00
8.324999699999999780e-01 4.534652197768989978e+00 -9.609772673659580988e+00 -9.788949373659580289e+00
8.339999999999999636e-01 4.598237452059970920e+00 -9.605187276511454542e+00 -9.786877533654312344e+00
8.355000299999999491e-01 4.700794245024621176e+00 -9.605651483546807867e+00 -9.796084054975379374e+00
8.369999999999999662e-01 5.429373975510795702e+00 -9.589553838774918404e+00 -9.768025967346346761e+00
8.384999699999999834e-01 5.662299525025037639e+00 -9.580311032117817760e+00 -9.757687232117817189e+00
8.399999999999999689e-01 5.144046632459570390e+00 -9.578511024683287189e+00 -9.759058324683286045e+00
8.415000299999999545e-01 6.059453839511879991e+00 -9.565264417630976013e+00 -9.738255017630976340e+00
8.429999999999999716e-01 5.954993973346766722e+00 -9.562737783796087854e+00 -9.744254255224658934e+00
8.444999699999999887e-01 5.589704201420428120e+00 -9.556127298579571772e+00 -9.735526927150999654e+00
8.459999999999999742e-01 5.496760262858826351e+00 -9.549772551426887190e+00 -9.727907922855457912e+00
8.475000299999999598e-01 5.153572127676504522e+00 -9.549816486609207900e+00 -9.735003900894922069e+00
8.489999999999999769e-01 4.938259765642747823e+00 -9.546641477214393490e+00 -9.743786834357250015e+00
8.504999699999999940e-01 5.060737487304756144e+00 -9.540948698409527751e+00 -9.738875498409527154e+00
8.519999999999999796e-01 5.563585317735004310e+00 -9.533812325122140052e+00 -9.735169167979282889e+00
8.535000299999999651e-01 4.807001798124066028e+00 -9.532160030447361265e+00 -9.733871073304504407e+00
8.549999999999999822e-01 4.789954040847570482e+00 -9.527039016295285379e+00 -9.734194373438143089e+00
8.564999699999999994e-01 4.814466356685063175e+00 -9.523308629029219929e+00 -9.734561671886362788e+00
8.579999999999999849e-01 5.738978770939699103e+00 -9.510699286203156078e+00 -9.705021171917440626e+00
8.595000299999999704e-01 5.042648395979957954e+00 -9.509490061162896524e+00 -9.705029532591469277e+00
8.609999999999999876e-01 4.962585201075381036e+00 -9.503884984638903077e+00 -9.716368584638903627e+00
8.624999700000000047e-01 4.109967782950610271e+00 -9.504590374192247282e+00 -9.722770574192248105e+00
8.639999999999999902e-01 4.250637595709381600e+00 -9.498171918576332473e+00 -9.710266304290618322e+00
8.655000299999999758e-01 4.446484608614214906e+00 -9.492909848528640282e+00 -9.710213234242926816e+00
8.669999999999999929e-01 5.155085933544725663e+00 -9.486546623598130168e+00 -9.694499195026700988e+00
8.684999700000000100e-01 6.182091596026268121e+00 -9.470396575402304506e+00 -9.652536703973733978e+00
8.699999999999999956e-01 6.547525907533037426e+00 -9.461807106752678109e+00 -9.652245221038391776e+00
8.715000299999999811e-01 4.574715979937758803e+00 -9.476011748633668574e+00 -9.695401262919382646e+00
8.729999999999999982e-01 4.982350353446266311e+00 -9.465250117982302314e+00 -9.680203617982302333e+00
8.744999700000000153e-01 5.509387625240227848e+00 -9.456580603331197210e+00 -9.665420603331197569e+00
8.760000000000000009e-01 4.907162107019916064e+00 -9.454256692980083088e+00 -9.667284350122940850e+00
8.775000299999999864e-01 4.381528053270111300e+00 -9.450413689587030319e+00 -9.663895875301315996e+00
8.790000000000000036e-01 4.820986861096193010e+00 -9.449357510332376364e+00 -9.669691396046662391e+00
8.804999700000000207e-01 4.814859985048876467e+00 -9.447051386379696325e+00 -9.679531172093980729e+00
8.820000000000000062e-01 4.416754594195806405e+00 -9.442023748661336313e+00 -9.678493791518478773e+00
8.835000299999999918e-01 4.226719228492859415e+00 -9.437057071507139128e+00 -9.664506628649995434e+00
8.850000000000000089e-01 5.546652427661120655e+00 -9.420577972338875838e+00 -9.626534443767447158e+00
8.864999700000000260e-01 5.268067075047374814e+00 -9.425122996381194440e+00 -9.652224153524052497e+00
8.880000000000000115e-01 5.258973197085092366e+00 -9.418710174343479125e+00 -9.640993131486336409e+00
8.895000299999999971e-01 4.384382190631686882e+00 -9.420082695082598434e+00 -9.658289866511168498e+00
8.910000000000000142e-01 3.850981595168711635e+00 -9.421488361974144965e+00 -9.672076976259859293e+00
8.924999700000000313e-01 5.100751579980313366e+00 -9.405602277162541824e+00 -9.631585477162541764e+00
8.940000000000000169e-01 5.167112028864224271e+00 -9.400495828278629062e+00 -9.637363085421487341e+00
8.955000300000000024e-01 4.731345338438446291e+00 -9.396143661561552562e+00 -9.626735761561551641e+00
8.970000000000000195e-01 5.467055762232595484e+00 -9.381007680624545486e+00 -9.595414266338831766e+00
8.984999700000000367e-01 4.779304755466636578e+00 -9.388500573104792579e+00 -9.627689544533362564e+00
9.000000000000000222e-01 5.355998059300981495e+00 -9.378013712127589940e+00 -9.617143169270446990e+00
9.015000300000000077e-01 4.808177070116117946e+00 -9.376385772741024027e+00 -9.609126001312453980e+00
9.030000000000000249e-01 4.689560326920204858e+00 -9.367987973079792141e+00 -9.595353244508363133e+00
9.044999700000000420e-01 4.595546428010313988e+00 -9.367937443418256294e+00 -9.615930857703970602e+00
9.060000000000000275e-01 4.762939686193684352e+00 -9.359843028092029726e+00 -9.594819413806316533e+00
9.075000300000000131e-01 3.934662926186616616e+00 -9.358117259527668708e+00 -9.610905702384810567e+00
9.090000000000000302e-01 4.503247543906299555e+00 -9.350764070379412374e+00 -9.602728870379413806e+00
9.104999700000000473e-01 5.015184995011042091e+00 -9.340520404988957637e+00 -9.569104176417528862e+00
9.120000000000000329e-01 5.042395306810485422e+00 -9.338436864618085309e+00 -9.584785521760942117e+00
9.135000300000000184e-01 4.570407018072941696e+00 -9.336336496212773284e+00 -9.593613667641344378e+00
9.150000000000000355e-01 5.121327238769387336e+00 -9.324944146944897483e+00 -9.558393275516325005e+00
9.164999700000000527e-01 4.929351710489237703e+00 -9.324214689510760934e+00 -9.563500732367904433e+00
9.180000000000000382e-01 4.669871889328657488e+00 -9.320734267814199114e+00 -9.568110882099912118e+00
9.195000300000000237e-01 4.550677742395595970e+00 -9.317880457604401201e+00 -9.582220471890115832e+00
9.210000000000000409e-01 5.614112093716757457e+00 -9.306835191997524959e+00 -9.558983591997526119e+00
9.224999699999999470e-01 4.904963542239629604e+00 -9.304094843474656429e+00 -9.545525043474656357e+00
9.240000000000000435e-01 3.271695687131039421e+00 -9.305128755726101986e+00 -9.569517155726103397e+00
9.255000300000000291e-01 2.492925352411928586e+00 -9.308268290445214532e+00 -9.615687376159501198e+00
9.270000000000000462e-01 3.504286790452344036e+00 -9.292311738119082065e+00 -9.559620595261939968e+00
9.284999699999999523e-01 5.003051743270571450e+00 -9.279441442443712162e+00 -9.524437756729426496e+00
9.300000000000000488e-01 5.462938667388216984e+00 -9.273452361183208481e+00 -9.525345918326065586e+00
9.315000300000000344e-01 5.685602672312562333e+00 -9.258844241973150702e+00 -9.499218141973152285e+00
9.330000000000000515e-01 4.163440867330370665e+00 -9.267548661241058028e+00 -9.523486232669629459e+00
9.344999699999999576e-01 4.924996137529113582e+00 -9.255231376756599460e+00 -9.513048876756599270e+00
9.360000000000000542e-01 4.942924225355021406e+00 -9.241029031787833858e+00 -9.486301431787834915e+00
9.375000300000000397e-01 4.075389382946495331e+00 -9.247863474196359235e+00 -9.520281402767787782e+00
9.389999999999999458e-01 3.228080719366101192e+00 -9.245821623491041308e+00 -9.531128552062469339e+00
9.404999699999999629e-01 5.129933691340333723e+00 -9.226963008659664567e+00 -9.510806794373950268e+00
9.419999999999999485e-01 3.412518041524151613e+00 -9.234423844190132513e+00 -9.527004444190131593e+00
9.435000300000000450e-01 4.495403450403307133e+00 -9.214189321025264334e+00 -9.480930478168120956e+00
9.449999999999999512e-01 4.988763883960952938e+00 -9.208765216039047630e+00 -9.468350373181904089e+00
9.464999699999999683e-01 5.228948513418151478e+00 -9.195255172296132429e+00 -9.443366900867561142e+00
9.479999999999999538e-01 3.818281653065570325e+00 -9.202752161220143279e+00 -9.483563718362999495e+00
9.495000300000000504e-01 4.102227554595378578e+00 -9.196975373976048473e+00 -9.479065002547477192e+00
9.509999999999999565e-01 4.480686183770416164e+00 -9.192091173372439528e+00 -9.483035987658153587e+00
9.524999699999999736e-01 3.775335140590430072e+00 -9.188609287980996854e+00 -9.479899802266711362e+00
9.539999999999999591e-01 3.220095882408733345e+00 -9.181843117591267145e+00 -9.482891860448409815e+00
9.555000299999999447e-01 3.906541660697310903e+00 -9.169561296445545295e+00 -9.453499296445546207e+00
9.569999999999999618e-01 4.693949726714913950e+00 -9.164891744713656863e+00 -9.433388801856514405e+00
9.584999699999999789e-01 4.195879252095497947e+00 -9.158317676475927982e+00 -9.441701547904498781e+00
9.599999999999999645e-01 4.581465837253430706e+00 -9.144066034175137858e+00 -9.419564248460853051e+00
9.615000299999999500e-01 3.527755304871025288e+00 -9.159148680843259172e+00 -9.485446837986117430e+00
9.629999999999999671e-01 4.040150048847745978e+00 -9.144758722580824895e+00 -9.468884694009396696e+00
9.644999699999999843e-01 4.874481955307304659e+00 -9.130187458978410220e+00 -9.443901230406980929e+00
9.659999999999999698e-01 3.583677482009205661e+00 -9.125565332276508457e+00 -9.452818332276507363e+00
9.675000299999999553e-01 2.757732165705183647e+00 -9.123826762866244167e+00 -9.468931391437672929e+00
9.689999999999999725e-01 3.451889971508824928e+00 -9.119113257062602784e+00 -9.443118214205460603e+00
9.704999699999999896e-01 6.669265500031956506e+00 -9.075008199968040756e+00 -9.295583114253755497e+00
9.719999999999999751e-01 7.974269637806186140e+00 -9.045669762193810470e+00 -9.233631462193809369e+00
9.735000299999999607e-01 7.320725064226060397e+00 -9.054683421488224582e+00 -9.265065435773937708e+00
9.749999999999999778e-01 8.797491744192656782e+00 -9.028424770093053553e+00 -9.204203170093053998e+00
9.764999699999999949e-01 9.009303992804326811e+00 -9.019286907195672498e+00 -9.205170464338529257e+00
9.779999999999999805e-01 7.681114696791702556e+00 -9.022061960351150489e+00 -9.253185203208293075e+00
9.795000299999999660e-01 5.268093821051252235e+00 -9.036932678948746300e+00 -9.344300236091603651e+00
9.809999999999999831e-01 3.775483901702100908e+00 -9.045927226869325821e+00 -9.381959084012184036e+00
9.824999700000000002e-01 3.843440682613184833e+00 -9.025299403101099571e+00 -9.350229545958242738e+00
9.839999999999999858e-01 4.221038764998272796e+00 -9.027025892144582286e+00 -9.373893777858867793e+00
9.855000299999999713e-01 5.053388684971997336e+00 -9.000303172170859511e+00 -9.322985043599430810e+00
9.869999999999999885e-01 3.980563407016354915e+00 -9.002348750126502708e+00 -9.356738850126502527e+00
9.884999700000000056e-01 3.257781960912103258e+00 -8.999702024802180844e+00 -9.354592653373609679e+00
9.899999999999999911e-01 4.053905948068797116e+00 -8.974121780502631651e+00 -9.300224909074060520e+00
9.915000299999999767e-01 5.254226618678339733e+00 -8.961552024178800480e+00 -9.293317052750229124e+00
9.929999999999999938e-01 4.635591365587584889e+00 -8.955262762983842606e+00 -9.303489691555270724e+00
9.944999700000000109e-01 4.578943075916050987e+00 -8.943582938369660340e+00 -9.328649466941088875e+00
9.959999999999999964e-01 1.662549351267433195e+00 -8.964499434446851822e+00 -9.384167605875422424e+00
9.975000299999999820e-01 1.891665155912901852e+00 -8.942187872658525549e+00 -9.331478815515668046e+00
9.989999999999999991e-01 2.033977596780404795e+00 -8.928975231791023148e+00 -9.322995074648167346e+00
1.000499999999999945e+00 3.669794434901433533e+00 -8.909581265098566405e+00 -9.293536479384279403e+00
1.002000000000000002e+00 3.453018365204817641e+00 -8.909401549080895322e+00 -9.308394106223751407e+00
1.003500000000000059e+00 4.454816670571924320e+00 -8.876779729428076138e+00 -9.245293743713789425e+00
1.004999999999999893e+00 4.317337062454182472e+00 -8.872460723260102711e+00 -9.266598223260102074e+00
1.006499999999999950e+00 4.560004395158836488e+00 -8.842618161984020730e+00 -9.201818361984020811e+00
1.008000000000000007e+00 5.868561522991797119e+00 -8.818628705579630633e+00 -9.101924162722488276e+00
1.009500000000000064e+00 4.498207014543368132e+00 -8.825227914028060283e+00 -9.187494928313773457e+00
1.010999999999999899e+00 2.685746724116830464e+00 -8.825482661597455092e+00 -9.260046875883167772e+00
1.012499999999999956e+00 2.894825791728454334e+00 -8.818645779700117870e+00 -9.231562722557260514e+00
1.014000000000000012e+00 2.943000214536073855e+00 -8.792049071178210440e+00 -9.183789285463925367e+00
1.015500000000000069e+00 3.285342989696253824e+00 -8.783484438875172273e+00 -9.213641796018029240e+00
1.016999999999999904e+00 2.549361400078577589e+00 -8.780840171349991508e+00 -9.250210399921421356e+00
1.018499999999999961e+00 2.431373014265655996e+00 -8.745896271448629022e+00 -9.193796485734344159e+00
1.020000000000000018e+00 3.161441972267420297e+00 -8.731967456304007058e+00 -9.126742184875435981e+00
1.021500000000000075e+00 3.896103414092578987e+00 -8.720081014478848758e+00 -9.144524900193133021e+00
1.022999999999999909e+00 2.626621336891469483e+00 -8.718934091679958698e+00 -9.215144548822815196e+00
1.024499999999999966e+00 2.953575023527498900e+00 -8.686835690758213602e+00 -9.120449990758213943e+00
1.026000000000000023e+00 3.452106042577165468e+00 -8.657414243137120380e+00 -9.070182571708548025e+00
1.027500000000000080e+00 4.630942819758619322e+00 -8.634888894527092518e+00 -9.031295308812806510e+00
1.028999999999999915e+00 3.741363066503133439e+00 -8.639250076354008101e+00 -9.103802790639722531e+00
1.030499999999999972e+00 3.005968637097943486e+00 -8.617847077187770211e+00 -9.111766720044913725e+00
1.032000000000000028e+00 4.814219671543405354e+00 -8.592272757028021957e+00 -9.053247699885165645e+00
1.033500000000000085e+00 4.235917166981597148e+00 -8.562197690161259089e+00 -9.024668875875544671e+00
1.034999999999999920e+00 2.699094691982018901e+00 -8.553250165160836360e+00 -9.015303179446551241e+00
1.036499999999999977e+00 2.824009529398770368e+00 -8.543059184886942603e+00 -9.011724684886942782e+00
1.038000000000000034e+00 1.917044962084814230e+00 -8.504059752200898714e+00 -9.015362323629471319e+00
1.039500000000000091e+00 1.546813415749170417e+00 -8.503024012822258726e+00 -9.021467655679400011e+00
1.040999999999999925e+00 4.216325030385464245e+00 -8.468543541043105805e+00 -8.976886926757391194e+00
1.042499999999999982e+00 4.652505231700532207e+00 -8.427636625442325169e+00 -8.942001982585182418e+00
1.044000000000000039e+00 3.185587016828698381e+00 -8.435307268885585685e+00 -8.987665283171299535e+00
1.045500000000000096e+00 4.269599097188942594e+00 -8.371797331382483165e+00 -8.877245945668198246e+00
1.046999999999999931e+00 2.124865327056337350e+00 -8.384880672943660684e+00 -8.962753372943661034e+00
1.048499999999999988e+00 1.441916132133481909e+00 -8.384444725009373656e+00 -8.991731853580802181e+00
1.050000000000000044e+00 2.130637223836227889e+00 -8.328747490449485369e+00 -8.944839676163770292e+00
1.051500000000000101e+00 3.057685742150836106e+00 -8.305136114992020424e+00 -8.883617186420591949e+00
1.052999999999999936e+00 2.132261684205417396e+00 -8.310422458651723687e+00 -8.920843301508867285e+00
1.054499999999999993e+00 2.031950047127082826e+00 -8.284115667158632235e+00 -8.917041252872918378e+00
1.056000000000000050e+00 2.993062828041944456e+00 -8.243484600529482620e+00 -8.838453457672340363e+00
1.057500000000000107e+00 2.111612452646580707e+00 -8.219116833067703354e+00 -8.919097133067703354e+00
1.058999999999999941e+00 3.504268632350884261e+00 -8.171590367649114839e+00 -8.753693796220543888e+00
1.060499999999999998e+00 3.866952935706640559e+00 -8.162105635721928820e+00 -8.765425064293358659e+00
1.062000000000000055e+00 4.491261931264691754e+00 -8.104664497306735882e+00 -8.697610640163878415e+00
1.063499999999999890e+00 6.762200901860669688e+00 -8.006576383853612811e+00 -8.371314383853613705e+00
1.064999999999999947e+00 4.629093844614978082e+00 -8.027927155385018665e+00 -8.591976155385019354e+00
1.066500000000000004e+00 4.087076470932840877e+00 -7.998364957638586681e+00 -8.534503957638586158e+00
1.068000000000000060e+00 1.542865349361415284e+00 -8.031807364924297588e+00 -8.706860650638583721e+00
1.069499999999999895e+00 2.631119477018414088e+00 -7.940383522981584896e+00 -8.632219380124441344e+00
1.070999999999999952e+00 4.240085279592081591e+00 -7.920575577550774682e+00 -8.539328434693631564e+00
1.072500000000000009e+00 4.936003754198367233e+00 -7.860118960087344675e+00 -8.448607817230202599e+00
1.074000000000000066e+00 3.554271897952366643e+00 -7.824849387761917185e+00 -8.498540959190489019e+00
1.075499999999999901e+00 5.689271136539746365e+00 -7.740508577745966790e+00 -8.114824149174538093e+00
1.076999899999999899e+00 6.400049979301252634e+00 -7.667663592127317074e+00 -8.103675449270173914e+00
1.078500000000000014e+00 4.374721458095994109e+00 -7.697417541904004068e+00 -8.363619113332575239e+00
1.080000000000000071e+00 1.147489392432044397e+00 -7.721061607567953899e+00 -8.606298178996524939e+00
1.081499999999999906e+00 4.484528386215824725e-01 -7.628136161378416880e+00 -8.615611018521274644e+00
1.083000100000000021e+00 2.963600996121998676e+00 -7.578344718163714688e+00 -8.489350146735143099e+00
1.084500000000000020e+00 3.319499540715209918e+00 -7.492857030713359734e+00 -8.368448030713359742e+00
1.086000000000000076e+00 2.597893362265828898e+00 -7.423303066305598108e+00 -8.381191780591311868e+00
1.087499999999999911e+00 1.408896398391576099e+00 -7.428074030179850240e+00 -8.343294601608421956e+00
1.088999899999999910e+00 6.089758729280783101e+00 -7.127920842147788427e+00 -7.712287270719216714e+00
1.090500000000000025e+00 4.191938817081725333e+00 -7.189170754346847048e+00 -7.851669040061132421e+00
1.092000000000000082e+00 5.239175622429474544e+00 -7.071782520427667862e+00 -7.717665663284810407e+00
1.093499999999999917e+00 3.365274059347651558e+00 -6.958507940652348012e+00 -7.935378940652348945e+00
1.095000100000000032e+00 1.728405184999017408e+00 -6.982610529286695566e+00 -7.951956243572410266e+00
1.096500000000000030e+00 4.667695244882663630e+00 -6.693745326545907481e+00 -7.571106755117336107e+00
1.098000000000000087e+00 1.551737987705735122e+00 -6.714561583722835181e+00 -7.711669012294263936e+00
1.099499999999999922e+00 7.116279219402930067e-01 -6.563542220916851022e+00 -7.525476220916850423e+00
1.100999899999999920e+00 3.851840841492409240e+00 -6.348441872793303631e+00 -7.385611729936160330e+00
1.102500000000000036e+00 5.713592781620338457e+00 -6.355399361236804268e+00 -7.387866504093945963e+00
1.104000000000000092e+00 5.985780844123851807e+00 -6.206235584447572506e+00 -7.114516441590430063e+00
1.105499999999999927e+00 3.655753372154931569e+00 -6.222507913559354620e+00 -7.145488342130782655e+00
1.107000100000000042e+00 5.035691566284302922e+00 -6.164723433715694867e+00 -7.304980433715694943e+00
1.108500000000000041e+00 2.242752098908868064e+00 -6.051114615376845585e+00 -7.437772901091131317e+00
1.110000000000000098e+00 8.049154346847444685e-01 -6.165794136743826925e+00 -7.816973422458111997e+00
1.111499999999999932e+00 2.627107224379955142e+00 -5.985406347048615849e+00 -7.311954775620044700e+00
1.112999899999999931e+00 5.735497563137137433e-02 -5.931463024368627934e+00 -7.342504167225770928e+00
1.114500000000000046e+00 5.285510439627920221e+00 -5.690585703229220194e+00 -6.725672703229220062e+00
1.116000000000000103e+00 7.145621002229026075e+00 -5.452869712056686247e+00 -6.561145854913828401e+00
1.117499999999999938e+00 1.130974721417615569e+00 -5.602847850010954645e+00 -7.048408421439525284e+00
1.119000100000000053e+00 1.293447084017834925e+00 -5.609442773125023152e+00 -7.017889201696451806e+00
1.120500000000000052e+00 2.959150046505051534e+00 -5.270038239209233311e+00 -6.332754096352090301e+00
1.122000000000000108e+00 5.325601932305065844e+00 -5.097341210552078117e+00 -6.016158210552077001e+00
1.123499999999999943e+00 4.555463248780618812e+00 -5.085901036933666575e+00 -6.260602608362237476e+00
1.124999899999999942e+00 6.143458360169608667e+00 -4.840504211258964240e+00 -6.133795639830392332e+00
1.126500000000000057e+00 -2.461189807305856903e-01 -4.996688409302013412e+00 -6.638204552159155725e+00
1.127999999999999892e+00 1.146202896036969676e+00 -4.593603532534459077e+00 -6.008635961105888157e+00
1.129499999999999948e+00 3.244425620417294098e+00 -4.484297951011277483e+00 -5.773456665296991197e+00
1.131000100000000064e+00 5.233151965476222856e+00 -4.230257034523774884e+00 -5.714695463095203820e+00
1.132500000000000062e+00 1.795083314662644369e+00 -4.087803113908784702e+00 -6.010139256765927307e+00
1.133999999999999897e+00 1.470096135849766839e+00 -3.847497578435946863e+00 -5.744618864150232262e+00
1.135499999999999954e+00 -1.483925492706132943e+00 -3.855830778420418881e+00 -6.264914206991846868e+00
1.136999899999999952e+00 3.865407841836798752e-02 -3.360191921581631824e+00 -5.392616207295917619e+00
1.138500000000000068e+00 6.101398032163999119e+00 -2.506863110693141827e+00 -3.474794967835999060e+00
1.139999999999999902e+00 8.419463036908814146e+00 -2.420678391662612228e+00 -4.782929820234040896e+00
1.141499999999999959e+00 9.126571865976773168e+00 -1.620885562594658325e+00 -3.587392562594656553e+00
1.143000100000000074e+00 3.490815578663655216e+00 -1.312067421336344353e+00 -3.489841421336344673e+00
1.144500000000000073e+00 -3.462154431416450961e-01 -5.953284431416445699e-01 -3.373688871713073745e+00
1.145999999999999908e+00 1.296103841284494251e+01 1.302787555702085598e+00 -1.793215871550568608e-01
1.147499999999999964e+00 -5.169098347070834265e+00 8.213547957863074345e-01 -4.477433204213691731e+00
1.148999899999999963e+00 -1.015828393112406580e+01 3.670970068875933023e+00 -9.498317088266922781e+00
