0.000000000000000000e+00 -1.052393465115711813e+01 1.663666677741430533e+01 -1.052393465115711813e+01
1.500000000000000031e-03 -1.052424356110665649e+01 1.369797153179057148e+00 -1.052424356110665649e+01
3.000000000000000062e-03 -1.052455051154344901e+01 -2.205775082972021295e+00 -1.052455051154344901e+01
4.499999999999999660e-03 -1.052485550252621671e+01 -3.731772645383360398e+00 -1.052485550252621671e+01
6.000000000000000125e-03 -1.052515853411852831e+01 -4.712217962689956963e+00 -1.048202359411852846e+01
7.499999999999999722e-03 -9.845570549245941550e+00 -5.243176177817370665e+00 -9.610082177817369953e+00
8.999999999999999320e-03 -9.847125905124578082e+00 -5.697385290838864691e+00 -9.691895190838863527e+00
1.050000000000000065e-02 -1.052605587326111802e+01 -6.131887587546833274e+00 -1.049647166754683170e+01
1.200000000000000025e-02 -1.052635106802423337e+01 -6.393276068024233538e+00 -1.050043978659566157e+01
1.349999999999999985e-02 -9.908358118073154586e+00 -6.630865875216011673e+00 -9.881567132358869188e+00
1.499999999999999944e-02 -1.035062486635766810e+01 -6.840283437786240484e+00 -1.019983098064338201e+01
1.650000000000000078e-02 -1.052722489868956224e+01 -6.986100041546706052e+00 -1.052123497826099019e+01
1.799999999999999864e-02 -1.052751225802831314e+01 -7.162862543742599009e+00 -1.051541663688545647e+01
1.949999999999999997e-02 -1.017818630162396332e+01 -7.274660373052535434e+00 -1.012180304448110668e+01
2.100000000000000130e-02 -1.020566758673140484e+01 -7.413206386731404862e+00 -1.015177054387426203e+01
2.249999999999999917e-02 -8.826599013467504307e+00 -7.467892013467505308e+00 -9.361830756324646785e+00
2.400000000000000050e-02 -8.186096824811126993e+00 -7.473758681953984073e+00 -9.145335981953984117e+00
2.549999999999999836e-02 -7.550790106603118446e+00 -7.562191249460260778e+00 -8.665076249460261337e+00
2.699999999999999969e-02 2.050384471245367735e+01 -6.945277430403459462e+00 -4.861656858974888529e+00
2.850000000000000103e-02 1.056620882036516065e+02 -5.036985082062678032e+00 -1.016138796348393214e+00
2.999999999999999889e-02 2.643709736525638618e+02 -3.283580776007579693e+00 4.917825650970669216e+01
3.150000000000000022e-02 2.801871561059044325e+03 1.309463248761589504e+01 1.007691010590444591e+02
3.300000000000000155e-02 6.968299007565799002e+03 2.881249328008555466e+01 9.263759185151413078e+01
3.450000000000000289e-02 7.317769456029816865e+03 2.834035888696006822e+01 5.032073602981721194e+01
3.599999999999999728e-02 6.976543763593792391e+03 2.721483930807897877e+01 4.826856216522183729e+01
3.749999999999999861e-02 6.595326787400419562e+03 2.650486740041984390e+01 4.942981025756270697e+01
3.899999999999999994e-02 6.145766956020955149e+03 2.518355316381254028e+01 4.826105316381254084e+01
4.050000000000000128e-02 5.785002840883796125e+03 2.416055802665351138e+01 4.569908945522493582e+01
4.200000000000000261e-02 5.397728584845905971e+03 2.270716056019152518e+01 3.935410484590580893e+01
4.349999999999999700e-02 5.086502759335669907e+03 2.154716076424193005e+01 3.577372790709907235e+01
4.499999999999999833e-02 4.779907792924328533e+03 2.003290435290095672e+01 3.549961149575810282e+01
4.649999999999999967e-02 4.535569542754545182e+03 1.861578989740284840e+01 3.229874846883141970e+01
4.800000000000000100e-02 4.239130580254691267e+03 1.654264882611988696e+01 2.865314168326274213e+01
4.950000000000000233e-02 4.029603333995990397e+03 1.504943828170521591e+01 2.737786399599092846e+01
5.099999999999999672e-02 3.742143946835378301e+03 1.360710826395000872e+01 2.782256826395001070e+01
5.249999999999999806e-02 3.504330418772640314e+03 1.236052448692631955e+01 2.415108591549774530e+01
5.399999999999999939e-02 3.335487749807557975e+03 1.136658266470137413e+01 2.181428695041565646e+01
5.550000000000000072e-02 3.140218225654194157e+03 1.061296565419470461e+01 2.133137136848041138e+01
5.700000000000000205e-02 2.886633132026606290e+03 9.563093455178149682e+00 2.214541488374957368e+01
5.850000000000000339e-02 2.705110754638847084e+03 8.654150353133019280e+00 1.981612321027587242e+01
5.999999999999999778e-02 2.501894950633535700e+03 7.342802062107201877e+00 1.740418634782148644e+01
6.149999999999999911e-02 2.329005291439000757e+03 6.439252867572347938e+00 1.555945001042949194e+01
6.300000000000000044e-02 2.148192777054995531e+03 5.605784197852409889e+00 1.283612848356669467e+01
6.450000000000000178e-02 2.034123121766980830e+03 4.883020338409375327e+00 1.238861319555222984e+01
6.600000000000000311e-02 1.884886754146128851e+03 4.031795574700408835e+00 1.137013700327183763e+01
6.750000000000000444e-02 1.737130388477891984e+03 3.287350192177839858e+00 1.134905419217783873e+01
6.900000000000000577e-02 1.608199310476289156e+03 2.603792333432046746e+00 8.419059047717761146e+00
7.049999999999999323e-02 1.467169234426762841e+03 1.827719569619997486e+00 6.672860141048564842e+00
7.199999999999999456e-02 1.360456946043322205e+03 1.295508757608132555e+00 6.079386043322417166e+00
7.349999999999999589e-02 1.266945002468543862e+03 7.159371828294993634e-01 4.967969611400926411e+00
7.499999999999999722e-02 1.169705946559283802e+03 1.571208449980332489e-01 4.085287987855176439e+00
7.649999999999999856e-02 1.070756149743822789e+03 -4.141219704628529286e-01 3.675829315251430529e+00
7.799999999999999989e-02 9.802533977361509869e+02 -9.934429781345741617e-01 2.852517450436852897e+00
7.950000000000000122e-02 9.092930619645394472e+02 -1.443509321174788695e+00 1.892822393110925816e+00
8.100000000000000255e-02 8.645383281429683393e+02 -1.739510571317396170e+00 8.175334286826032582e-01
8.250000000000000389e-02 7.849112248425559528e+02 -2.188268728872539981e+00 2.692235568417462588e-01
8.400000000000000522e-02 7.189390234915590554e+02 -2.659656794155182524e+00 -3.044036558375395884e-02
8.550000000000000655e-02 6.765095669468006463e+02 -2.955384053199378691e+00 -5.865851960565215961e-01
8.699999999999999400e-02 6.156671694936702579e+02 -3.380248220615423627e+00 -1.399823077758282963e+00
8.849999999999999534e-02 5.791298739889815579e+02 -3.668177153875569196e+00 -1.784361296732711821e+00
8.999999999999999667e-02 5.339397804324001982e+02 -4.001458567599728511e+00 -2.307063424742587188e+00
9.149999999999999800e-02 4.859732888235873247e+02 -4.356411033555484202e+00 -2.591183890698341763e+00
9.299999999999999933e-02 4.459398848764847685e+02 -4.675170837800934898e+00 -3.244331837800935148e+00
9.450000000000000067e-02 4.136430257336010072e+02 -4.927105837827561174e+00 -3.451776694970418724e+00
9.600000000000000200e-02 3.824372971088683357e+02 -5.203293891131643534e+00 -3.415390176845930270e+00
9.750000000000000333e-02 3.650660704304999626e+02 -5.324278712357122245e+00 -4.331424569499979782e+00
9.900000000000000466e-02 3.434948456981329628e+02 -5.494657301867025723e+00 -4.420534730438455462e+00
1.005000000000000060e-01 3.130709514828279794e+02 -5.790784660029187236e+00 -4.697780660029187594e+00
1.019999999999999934e-01 2.914526734984980294e+02 -5.964982358644800087e+00 -5.207443358644800568e+00
1.034999999999999948e-01 2.765241117447658326e+02 -6.109130112377003208e+00 -5.426687683805574203e+00
1.049999999999999961e-01 2.626321376498205495e+02 -6.258389635893729874e+00 -5.302919921608015841e+00
1.064999999999999974e-01 2.487012512132751283e+02 -6.398299358153426653e+00 -5.556586643867712283e+00
1.079999999999999988e-01 2.395448381490235192e+02 -6.518650422405042555e+00 -5.760069993833614177e+00
1.095000000000000001e-01 2.343123555995262564e+02 -6.574183686188033171e+00 -5.764452971902318978e+00
1.110000000000000014e-01 2.218573464215247668e+02 -6.712479721332356597e+00 -5.986158007046642027e+00
1.125000000000000028e-01 2.114601249003272301e+02 -6.832862528244192823e+00 -6.112063528244193300e+00
1.140000000000000041e-01 1.999939624640940394e+02 -6.933593393048793629e+00 -6.400300678763079176e+00
1.155000000000000054e-01 1.954967019695523618e+02 -6.911221173304760157e+00 -6.427003459019045906e+00
1.170000000000000068e-01 1.819049862734244982e+02 -7.055689726575492315e+00 -6.441963726575492544e+00
1.184999999999999942e-01 1.857942439467136637e+02 -6.958230481857725636e+00 -6.405325339000582652e+00
1.199999999999999956e-01 1.706478464175612828e+02 -7.135162439581561600e+00 -6.648911296724418385e+00
1.214999999999999969e-01 1.614323222569609300e+02 -7.213927314467593277e+00 -6.645084028753307948e+00
1.229999999999999982e-01 1.594253714644730735e+02 -7.225138964098327676e+00 -6.673562392669756704e+00
1.244999999999999996e-01 1.590203368967960671e+02 -7.251999817489627631e+00 -6.785544246061056661e+00
1.260000000000000009e-01 1.539821042677664309e+02 -7.304511875090694772e+00 -6.898294875090694944e+00
1.275000000000000022e-01 1.487884735769301869e+02 -7.376842423069793320e+00 -6.916413565926935902e+00
1.290000000000000036e-01 1.467138733952571670e+02 -7.373724033314239534e+00 -6.941022604742810742e+00
1.305000000000000049e-01 1.388361894365695832e+02 -7.455966277716122192e+00 -7.047766706287550420e+00
1.320000000000000062e-01 1.339408645575419996e+02 -7.522143728172297372e+00 -7.097294156743726212e+00
1.335000000000000075e-01 1.301730659005584698e+02 -7.566640385155819715e+00 -7.058186956584391325e+00
1.350000000000000089e-01 1.258122920365697581e+02 -7.623327392001641556e+00 -7.135924534858784085e+00
1.365000000000000102e-01 1.251238443936647968e+02 -7.642017463478055994e+00 -7.172211177763770706e+00
1.380000000000000115e-01 1.238346458284990490e+02 -7.655549314358111701e+00 -7.181979028643826091e+00
1.395000000000000129e-01 1.231843934834375034e+02 -7.666092516562480697e+00 -7.345045802276765734e+00
1.409999999999999865e-01 1.206668073579834015e+02 -7.733211784873720518e+00 -7.443339213445149483e+00
1.424999999999999878e-01 1.126532731659208366e+02 -7.891641834079157647e+00 -7.681680119793444561e+00
1.439999999999999891e-01 1.058364080496005641e+02 -7.993940093256581392e+00 -7.615911664685153681e+00
1.454999999999999905e-01 1.091744620085114690e+02 -7.948543848631386410e+00 -7.590330134345672164e+00
1.469999999999999918e-01 1.025788650421376929e+02 -8.064493529290860607e+00 -7.652649957862290186e+00
1.484999999999999931e-01 1.038257385785300926e+02 -8.042839135755611935e+00 -7.632108135755611755e+00
1.499999999999999944e-01 9.995770976002043540e+01 -8.118976811408133543e+00 -7.622114382836704394e+00
1.514999999999999958e-01 9.662071715750717260e+01 -8.180385842492810866e+00 -7.826529556778524466e+00
1.529999999999999971e-01 9.387302791331266860e+01 -8.205904800973046420e+00 -7.877062943830189568e+00
1.544999999999999984e-01 8.729928488404013365e+01 -8.309655687388421086e+00 -8.041671973102706872e+00
1.559999999999999998e-01 8.499974664057388907e+01 -8.354191359426103247e+00 -8.100076359426102712e+00
1.575000000000000011e-01 8.686819032522198825e+01 -8.338594674777997540e+00 -8.091615960492282156e+00
1.590000000000000024e-01 8.716713879457354608e+01 -8.341481919712171234e+00 -8.019012633997885331e+00
1.605000000000000038e-01 8.175262061949855763e+01 -8.425848237644283145e+00 -8.219987094787139625e+00
1.620000000000000051e-01 7.925760579943386119e+01 -8.453749771994711892e+00 -8.129708200566142295e+00
1.635000000000000064e-01 7.767448576238284375e+01 -8.482303237617141889e+00 -8.134220380474285861e+00
1.650000000000000078e-01 7.723542622205857811e+01 -8.487049635084268573e+00 -8.244831206512840183e+00
1.665000000000000091e-01 7.192473860645506534e+01 -8.562929679259219995e+00 -8.223357964973505574e+00
1.680000000000000104e-01 7.280179434356156776e+01 -8.562416656438415430e+00 -8.242573513581271882e+00
1.695000000000000118e-01 7.133500343279126810e+01 -8.593407710065852356e+00 -8.342671424351568277e+00
1.710000000000000131e-01 6.895145873069546383e+01 -8.622816697875956393e+00 -8.378373555018814756e+00
1.724999999999999867e-01 6.769000452239212962e+01 -8.648262906179299492e+00 -8.423595049036443072e+00
1.739999999999999880e-01 6.556499509299455042e+01 -8.674276907005445736e+00 -8.484324478434016825e+00
1.754999999999999893e-01 6.175228472761133958e+01 -8.721503272388668293e+00 -8.497347129531526377e+00
1.769999999999999907e-01 6.106397199706061230e+01 -8.740258288653665275e+00 -8.552730288653664914e+00
1.784999999999999920e-01 6.063217690072730193e+01 -8.753117527844121781e+00 -8.501978813558405790e+00
1.799999999999999933e-01 6.099183086656299935e+01 -8.742557419151284037e+00 -8.540895847722712375e+00
1.814999999999999947e-01 6.016137675108604554e+01 -8.775677248913954287e+00 -8.604080106056811061e+00
1.829999999999999960e-01 5.836296883938150870e+01 -8.801833589189920204e+00 -8.633428732047063292e+00
1.844999999999999973e-01 5.419863284510118717e+01 -8.849204297755946413e+00 -8.695375297755946420e+00
1.859999999999999987e-01 5.454526448189221810e+01 -8.842402375250635771e+00 -8.757734946679207155e+00
1.875000000000000000e-01 5.506310517768270785e+01 -8.812402679460136667e+00 -8.633793250888707860e+00
1.890000000000000013e-01 5.336094493182470444e+01 -8.825643639603859114e+00 -8.613349068175287115e+00
1.905000000000000027e-01 5.655564374366552727e+01 -8.793146970620185243e+00 -8.600372684905899234e+00
1.920000000000000040e-01 5.372474161254781677e+01 -8.821781958880743346e+00 -8.662738244595029613e+00
1.935000000000000053e-01 5.119647425209527825e+01 -8.850478747904711341e+00 -8.673908319333282435e+00
1.950000000000000067e-01 5.341757451878406471e+01 -8.816897195501647744e+00 -8.604614481215932642e+00
1.965000000000000080e-01 5.122851241194276639e+01 -8.842254302342940520e+00 -8.688255588057225864e+00
1.980000000000000093e-01 4.578701793089535244e+01 -8.913938211961783153e+00 -8.838703783390354118e+00
1.995000000000000107e-01 4.824900393210394611e+01 -8.890586067896045108e+00 -8.825953353610330510e+00
2.010000000000000120e-01 5.192788470059743844e+01 -8.841162156545404827e+00 -8.685912442259690280e+00
2.025000000000000133e-01 5.004733880711435745e+01 -8.863857050028494555e+00 -8.753508621457065431e+00
2.039999999999999869e-01 4.673757910810281402e+01 -8.899146606182888775e+00 -8.792521177611458683e+00
2.054999999999999882e-01 4.561128560286346101e+01 -8.911375682850824376e+00 -8.785307397136538299e+00
2.069999999999999896e-01 4.307177257640651646e+01 -8.953182995022054058e+00 -8.824603423593483598e+00
2.084999999999999909e-01 4.603536002802329108e+01 -8.911670971976700883e+00 -8.829035686262416860e+00
2.099999999999999922e-01 4.386767224271474674e+01 -8.943060471570964509e+00 -8.823873185856678347e+00
2.114999999999999936e-01 4.221973064833430556e+01 -8.970749351665691762e+00 -8.863247923094263570e+00
2.129999999999999949e-01 4.226410095844504156e+01 -9.003524755840668803e+00 -8.903319184412096021e+00
2.144999999999999962e-01 4.201600317231967097e+01 -9.007870399108890425e+00 -8.858431541966034217e+00
2.159999999999999976e-01 3.884661157494057449e+01 -9.058382425059424037e+00 -8.954036710773708663e+00
2.174999999999999989e-01 3.809472902271402006e+01 -9.079986263000259683e+00 -8.986936120143116824e+00
2.190000000000000002e-01 3.885004408632740081e+01 -9.076241770815451915e+00 -9.031325913672594297e+00
2.205000000000000016e-01 3.578183819360631190e+01 -9.114320949250828363e+00 -9.014284806393686011e+00
2.220000000000000029e-01 3.709171991522885747e+01 -9.111399941913994383e+00 -9.005170227628280344e+00
2.235000000000000042e-01 3.652373782186853646e+01 -9.124510963845747114e+00 -9.015011178131461023e+00
2.250000000000000056e-01 3.378876905562276534e+01 -9.160040101520083411e+00 -9.094014515805797672e+00
2.265000000000000069e-01 3.544607933001294953e+01 -9.147131969987045252e+00 -9.117866098558472743e+00
2.280000000000000082e-01 3.293671864427012252e+01 -9.182197998587014354e+00 -9.139057198587014597e+00
2.295000000000000095e-01 3.196476414047787173e+01 -9.193792416664983591e+00 -9.168713116664982010e+00
2.310000000000000109e-01 3.230279153214372911e+01 -9.187402982141978924e+00 -9.101234182141977769e+00
2.325000000000000122e-01 3.383381796134206354e+01 -9.176343381515078335e+00 -9.082435752943649021e+00
2.340000000000000135e-01 3.248817771299975732e+01 -9.204015015571670233e+00 -9.164116087000241606e+00
2.354999999999999871e-01 3.159852507203910932e+01 -9.221094042246605227e+00 -9.172278942246604672e+00
2.369999999999999885e-01 3.030154860909208026e+01 -9.238941033765055266e+00 -9.235825505193627549e+00
2.384999999999999898e-01 2.995213832335750581e+01 -9.248058790928206818e+00 -9.245227576642493617e+00
2.399999999999999911e-01 2.946981849974385170e+01 -9.247747514541853064e+00 -9.200229385970423834e+00
2.414999999999999925e-01 2.663830199458363523e+01 -9.284222248273504619e+00 -9.238231505416361955e+00
2.429999999999999938e-01 2.797286737849043092e+01 -9.285212250080993712e+00 -9.290562321509565180e+00
2.444999999999999951e-01 2.775979036493041718e+01 -9.289848549355294693e+00 -9.289828835069579682e+00
2.459999999999999964e-01 3.005648809593660431e+01 -9.267271832634820683e+00 -9.239008818349105923e+00
2.474999999999999978e-01 2.825737342782312567e+01 -9.287209472176865432e+00 -9.255782272176865888e+00
2.489999999999999991e-01 2.579783350261386587e+01 -9.317977511671847068e+00 -9.337551197386133595e+00
2.505000000000000004e-01 2.463531546232807656e+01 -9.343254009100489199e+00 -9.406258451957633326e+00
2.520000000000000018e-01 2.481474930612335328e+01 -9.332909793876643434e+00 -9.371849151019500113e+00
2.535000000000000031e-01 2.270369360458126096e+01 -9.355835138275875096e+00 -9.388431495418732453e+00
2.550000000000000044e-01 2.249933264256453924e+01 -9.361864114578313689e+00 -9.406755043149743756e+00
2.565000000000000058e-01 2.397778070493135516e+01 -9.350370523640073372e+00 -9.384148295068644785e+00
2.580000000000000071e-01 2.263583921939245513e+01 -9.369857594893254316e+00 -9.402715866321825544e+00
2.595000000000000084e-01 2.137514961365405952e+01 -9.385661572060225666e+00 -9.428953157774511595e+00
2.610000000000000098e-01 2.218728474398924533e+01 -9.381913684582185553e+00 -9.435141098867898535e+00
2.625000000000000111e-01 1.924261318095224738e+01 -9.412130733333460952e+00 -9.467889433333461113e+00
2.640000000000000124e-01 1.935881920937851319e+01 -9.416061747764338463e+00 -9.461376819192910403e+00
2.655000000000000138e-01 1.920715425695605916e+01 -9.426843314472506563e+00 -9.502050914472507159e+00
2.670000000000000151e-01 1.991481832279694686e+01 -9.416655448631622960e+00 -9.481371762917337520e+00
2.685000000000000164e-01 2.011682283458012677e+01 -9.421195993991297257e+00 -9.491557722562726340e+00
2.700000000000000178e-01 2.061488779140860217e+01 -9.420730880019963394e+00 -9.462596480019962897e+00
2.715000000000000191e-01 1.951588033523800192e+01 -9.434346464762001006e+00 -9.479515993333428980e+00
2.730000000000000204e-01 1.874671475087653505e+01 -9.443790306266320655e+00 -9.524830020552034426e+00
2.745000000000000218e-01 1.725881103741365052e+01 -9.458718248300630904e+00 -9.540821148300631549e+00
2.760000000000000231e-01 1.722151776536283663e+01 -9.456348663208590466e+00 -9.530830563208590789e+00
2.775000000000000244e-01 1.706978207666162817e+01 -9.468338866195509240e+00 -9.562049551909796108e+00
2.790000000000000258e-01 1.661496968467164947e+01 -9.472109843899776394e+00 -9.563789029614062187e+00
2.805000000000000271e-01 1.672242201703570785e+01 -9.477398997250002566e+00 -9.570678911535717148e+00
2.819999999999999729e-01 1.706290478710641878e+01 -9.468442127179296008e+00 -9.537714198607867289e+00
2.834999999999999742e-01 1.688172085108900689e+01 -9.477560606053843983e+00 -9.564088420339558638e+00
2.849999999999999756e-01 1.612182020804139881e+01 -9.487002834815744023e+00 -9.564069991958602301e+00
2.864999999999999769e-01 1.615316999987411606e+01 -9.493999171554454719e+00 -9.589319328697310851e+00
2.879999999999999782e-01 1.548876165420752038e+01 -9.504895460078190084e+00 -9.602584117221047322e+00
2.894999999999999796e-01 1.569687231294318508e+01 -9.500327701342525799e+00 -9.611638229913953779e+00
2.909999999999999809e-01 1.541353483226392562e+01 -9.507418382021784353e+00 -9.622676282021785710e+00
2.924999999999999822e-01 1.515954349691950576e+01 -9.514660831651921669e+00 -9.628822688794777207e+00
2.939999999999999836e-01 1.553638116308378869e+01 -9.507114894059068178e+00 -9.619471422630496704e+00
2.954999999999999849e-01 1.592598782978330441e+01 -9.508358555930980671e+00 -9.608562627359551911e+00
2.969999999999999862e-01 1.481610635318299529e+01 -9.526206861102718193e+00 -9.634396203959861182e+00
2.984999999999999876e-01 1.488767530372903103e+01 -9.528160010556680604e+00 -9.660330881985251139e+00
2.999999999999999889e-01 1.541725182329171773e+01 -9.524736219565420825e+00 -9.657725362422562299e+00
3.014999999999999902e-01 1.528629876802261123e+01 -9.529899889120242662e+00 -9.640752589120243243e+00
3.029999999999999916e-01 1.446893470835452966e+01 -9.530350763074039833e+00 -9.641309663074039804e+00
3.044999999999999929e-01 1.346504964328727816e+01 -9.547349199569863387e+00 -9.661802070998433578e+00
3.059999999999999942e-01 1.496143785753049826e+01 -9.533080071040926029e+00 -9.619208842469497256e+00
3.074999999999999956e-01 1.431609220721797904e+01 -9.544024449924874531e+00 -9.636020492782018110e+00
3.089999999999999969e-01 1.412043840562191654e+01 -9.547376408663795999e+00 -9.667986094378081319e+00
3.104999999999999982e-01 1.327787502315293722e+01 -9.553400233989918888e+00 -9.672107219704203729e+00
3.119999999999999996e-01 1.435612634450295744e+01 -9.548108569782751687e+00 -9.657313584068466739e+00
3.135000000000000009e-01 1.316578665435947748e+01 -9.566315759926231621e+00 -9.679603645640519005e+00
3.150000000000000022e-01 1.376130595169128235e+01 -9.558685519737288416e+00 -9.663755005451575286e+00
3.165000000000000036e-01 1.291914137831987830e+01 -9.571382935965834449e+00 -9.692812293108691080e+00
3.180000000000000049e-01 1.320268293320523689e+01 -9.565530552509049045e+00 -9.677394652509049067e+00
3.195000000000000062e-01 1.348525632958861742e+01 -9.564578770411381825e+00 -9.680337027554237750e+00
3.210000000000000075e-01 1.299645299499260886e+01 -9.576194405007388610e+00 -9.696886605007389193e+00
3.225000000000000089e-01 1.439005721407824367e+01 -9.565837814493182378e+00 -9.673225743064611137e+00
3.240000000000000102e-01 1.356299470007359709e+01 -9.576147342783544403e+00 -9.685074328497830010e+00
3.255000000000000115e-01 1.304096259477376663e+01 -9.581449848083373411e+00 -9.686020376654802533e+00
3.270000000000000129e-01 1.296773089711234128e+01 -9.583510302887656707e+00 -9.693084345744798824e+00
3.285000000000000142e-01 1.284720389173279465e+01 -9.590535565410059249e+00 -9.720114808267203088e+00
3.300000000000000155e-01 1.412382586327423972e+01 -9.581317193868617466e+00 -9.695000122440045942e+00
3.315000000000000169e-01 1.312504538208567162e+01 -9.596021117914325771e+00 -9.717881317914326189e+00
3.330000000000000182e-01 1.215188816136889116e+01 -9.607040838631109025e+00 -9.756445867202538480e+00
3.345000000000000195e-01 1.160716277146416431e+01 -9.601085985678691870e+00 -9.733302728535834447e+00
3.360000000000000209e-01 1.200666063985026355e+01 -9.606482460149734948e+00 -9.729505445864020885e+00
3.375000000000000222e-01 1.157524462257303277e+01 -9.613339248855536923e+00 -9.755224591712678972e+00
3.390000000000000235e-01 1.145134471853109837e+01 -9.614954195754615185e+00 -9.760589038611756862e+00
3.405000000000000249e-01 1.056685092661873782e+01 -9.626313444809829534e+00 -9.767741044809829631e+00
3.420000000000000262e-01 9.932843245725891279e+00 -9.629265782845536137e+00 -9.786597139988392868e+00
3.435000000000000275e-01 1.045315596045243289e+01 -9.630267368118996529e+00 -9.783523696690425098e+00
3.449999999999999734e-01 1.149837764110818661e+01 -9.625607158891812176e+00 -9.767697258891811174e+00
3.464999999999999747e-01 1.129274542942722093e+01 -9.625363427715633691e+00 -9.759491556287061442e+00
3.479999999999999760e-01 1.104750789571070513e+01 -9.634314018575004468e+00 -9.780522475717862818e+00
3.494999999999999774e-01 1.077290361025547405e+01 -9.631754575458806755e+00 -9.769266604030235612e+00
3.509999999999999787e-01 1.051054828621119697e+01 -9.638189213788802334e+00 -9.785804870931658073e+00
3.524999999999999800e-01 1.095238192243750497e+01 -9.635329977562493653e+00 -9.783849106133921225e+00
3.539999999999999813e-01 9.081138803504009260e+00 -9.654225710781705772e+00 -9.808847210781705073e+00
3.554999999999999827e-01 9.511658928261722323e+00 -9.652896286023990413e+00 -9.802953686023990088e+00
3.569999999999999840e-01 1.124100943841450473e+01 -9.638468290156922080e+00 -9.764210547299779108e+00
3.584999999999999853e-01 1.061086033280477281e+01 -9.645392481480939750e+00 -9.776163367195225717e+00
3.599999999999999867e-01 1.048504018169921714e+01 -9.649701075443639198e+00 -9.794004789729353178e+00
3.614999999999999880e-01 9.840676126788816092e+00 -9.656392116068325038e+00 -9.805897973211182617e+00
3.629999999999999893e-01 9.687221024045969742e+00 -9.656238733096882854e+00 -9.798964018811169296e+00
3.644999999999999907e-01 9.718986300867383576e+00 -9.660057570561184193e+00 -9.804212127704040824e+00
3.659999999999999920e-01 1.049007909893119006e+01 -9.652093543925950314e+00 -9.796323401068807613e+00
3.674999999999999933e-01 8.364553702768398935e+00 -9.670142768660172194e+00 -9.825339097231601926e+00
3.689999999999999947e-01 9.746360111191453512e+00 -9.662804845951402655e+00 -9.811018074522831256e+00
3.704999999999999960e-01 9.238309751579983242e+00 -9.672436062705727977e+00 -9.828293991277156749e+00
3.719999999999999973e-01 8.495762622737926151e+00 -9.680607177262073648e+00 -9.850007991547787611e+00
3.734999999999999987e-01 9.645551580607810038e+00 -9.671803590820758245e+00 -9.831611690820759364e+00
3.750000000000000000e-01 9.850149481127933981e+00 -9.668758104586347102e+00 -9.811576690300633175e+00
3.765000000000000013e-01 9.528952037375200135e+00 -9.672582219767653200e+00 -9.803003448339081771e+00
3.780000000000000027e-01 1.039793353385084806e+01 -9.669508037577722703e+00 -9.802690823292007138e+00
3.795000000000000040e-01 9.620996826480441300e+00 -9.675707273519556395e+00 -9.828290544948128371e+00
3.810000000000000053e-01 7.882240485471042390e+00 -9.692887843100384870e+00 -9.860237785957528089e+00
3.825000000000000067e-01 8.858707366739766442e+00 -9.678218233260231784e+00 -9.823429833260231447e+00
3.840000000000000080e-01 9.066378897628085909e+00 -9.684049016657628073e+00 -9.839659759514770343e+00
3.855000000000000093e-01 8.975162219758960447e+00 -9.689448808812466396e+00 -9.853765880241038388e+00
3.870000000000000107e-01 7.573980189036863209e+00 -9.698291539534562133e+00 -9.867655225248848083e+00
3.885000000000000120e-01 6.791492804219206647e+00 -9.702962838637935405e+00 -9.887638767209363522e+00
3.900000000000000133e-01 8.882928635487756353e+00 -9.691551493083668589e+00 -9.850507707369382970e+00
3.915000000000000147e-01 9.115467681591523430e+00 -9.689461732694189422e+00 -9.827792775551332127e+00
3.930000000000000160e-01 7.302611369846756517e+00 -9.707234815867526123e+00 -9.877359101581811629e+00
3.945000000000000173e-01 8.726158270422645913e+00 -9.698459458148780854e+00 -9.856184615291638806e+00
3.960000000000000187e-01 9.168162667769932384e+00 -9.694833360801496269e+00 -9.831690975087209239e+00
3.975000000000000200e-01 9.137833132049440366e+00 -9.697962725093411507e+00 -9.843014796521984522e+00
3.990000000000000213e-01 8.474483947703568276e+00 -9.703558638010715498e+00 -9.857884195153573614e+00
4.005000000000000226e-01 8.155096542027660433e+00 -9.708198757972340331e+00 -9.878575429400910934e+00
4.020000000000000240e-01 7.033598056598620474e+00 -9.720369457687091597e+00 -9.904942929115662764e+00
4.035000000000000253e-01 7.263309918703491519e+00 -9.714298109867934627e+00 -9.875417067010792138e+00
4.050000000000000266e-01 6.683112127053719931e+00 -9.720519330089135934e+00 -9.895961501517707148e+00
4.064999999999999725e-01 7.693154680356604658e+00 -9.716426805357675889e+00 -9.883122576786247393e+00
4.079999999999999738e-01 7.477256148743883557e+00 -9.717299394113254607e+00 -9.876973879827540159e+00
4.094999999999999751e-01 6.549285102343153753e+00 -9.727355797656846548e+00 -9.901707726228275774e+00
4.109999999999999765e-01 7.241435825563574014e+00 -9.725539503007853526e+00 -9.900271474436424413e+00
4.124999999999999778e-01 7.263765459953051007e+00 -9.723874768618374631e+00 -9.900198554332659384e+00
4.139999999999999791e-01 6.714388289912516683e+00 -9.732724910087481973e+00 -9.912594710087482497e+00
4.154999999999999805e-01 7.043672885553045049e+00 -9.729453857304097397e+00 -9.900391843018383042e+00
4.169999999999999818e-01 7.386243531267329132e+00 -9.726332811589811556e+00 -9.883436554446953792e+00
4.184999999999999831e-01 7.160060225729667494e+00 -9.731722859984618168e+00 -9.899989002841760311e+00
4.199999999999999845e-01 7.065744396181676379e+00 -9.733449075246895177e+00 -9.904889332389751999e+00
4.214999999999999858e-01 6.663841755575163006e+00 -9.737864744424836516e+00 -9.911734758710551318e+00
4.229999999999999871e-01 7.131836588286407874e+00 -9.732991183142161162e+00 -9.892832597427874575e+00
4.244999999999999885e-01 6.978537464401901147e+00 -9.737929121312381753e+00 -9.907971835598097243e+00
4.259999999999999898e-01 6.522765811146896908e+00 -9.739719588853104071e+00 -9.915826403138819245e+00
4.274999999999999911e-01 6.775228770028284941e+00 -9.742271887114572593e+00 -9.914181658543144593e+00
4.289999999999999925e-01 6.772860625406027069e+00 -9.742503660308257096e+00 -9.911816288879686354e+00
4.304999999999999938e-01 6.256427090207452579e+00 -9.747594366935404153e+00 -9.934768452649690218e+00
4.319999999999999951e-01 6.128325305927248223e+00 -9.747282051215609755e+00 -9.931808579787038127e+00
4.334999999999999964e-01 5.982593842627473180e+00 -9.750527457372527351e+00 -9.927105257372526026e+00
4.349999999999999978e-01 6.745465556080421976e+00 -9.749755286776718322e+00 -9.926168443919575424e+00
4.364999999999999991e-01 6.826046159197206364e+00 -9.749211312231363280e+00 -9.929048726517079260e+00
4.380000000000000004e-01 7.678591364884880477e+00 -9.745234263686546328e+00 -9.913318663686546017e+00
4.395000000000000018e-01 7.218385457475051226e+00 -9.745620199667804684e+00 -9.903848628239233065e+00
4.410000000000000031e-01 6.576692721295280819e+00 -9.745406750133287943e+00 -9.923699807276145535e+00
4.425000000000000044e-01 6.318074583526257726e+00 -9.740829187902313890e+00 -9.915770473616600356e+00
4.440000000000000058e-01 5.422335328487498884e+00 -9.743037714369643609e+00 -9.926668742941071599e+00
4.455000000000000071e-01 6.091632097637365462e+00 -9.740164202362631585e+00 -9.926614659505489158e+00
4.470000000000000084e-01 6.763927746715934219e+00 -9.735850853284063078e+00 -9.921035838998349732e+00
4.485000000000000098e-01 6.174817988602118390e+00 -9.733673325683593447e+00 -9.912642954255021621e+00
4.500000000000000111e-01 6.908625679027982969e+00 -9.732644492400588376e+00 -9.908442320972016049e+00
4.515000000000000124e-01 6.485805102293028312e+00 -9.734055254849826255e+00 -9.919173283421255150e+00
4.530000000000000138e-01 6.320334828407046857e+00 -9.731251485878665619e+00 -9.920651657307235638e+00
4.545000000000000151e-01 5.428357713090147030e+00 -9.733868429766994623e+00 -9.915504672624138038e+00
4.560000000000000164e-01 6.126719469201297841e+00 -9.730060816512986932e+00 -9.908210487941557787e+00
4.575000000000000178e-01 6.767657238166936651e+00 -9.726099804690203854e+00 -9.903890704690203606e+00
4.590000000000000191e-01 6.273029589980961163e+00 -9.729337510019037794e+00 -9.904612181447609132e+00
4.605000000000000204e-01 5.568210808919026533e+00 -9.732393433938113958e+00 -9.904733119652400219e+00
4.620000000000000218e-01 6.041836607824244254e+00 -9.727863606461466972e+00 -9.895224335032894558e+00
4.635000000000000231e-01 5.788324128107227295e+00 -9.728777457607058921e+00 -9.899552643321344547e+00
4.650000000000000244e-01 6.536951939746053597e+00 -9.724137717396802216e+00 -9.891076317396802153e+00
4.665000000000000258e-01 6.404674327000586587e+00 -9.733460344427982136e+00 -9.906177444427981982e+00
4.680000000000000271e-01 5.825837002698182943e+00 -9.740479583016101728e+00 -9.915896125873244316e+00
4.694999999999999729e-01 5.808479965376552201e+00 -9.747606434623445892e+00 -9.931084748909160709e+00
4.709999999999999742e-01 5.849564642140915538e+00 -9.747854186430512158e+00 -9.921602500716227624e+00
4.724999999999999756e-01 5.899912460092574307e+00 -9.750604368478853701e+00 -9.925397539907425681e+00
4.739999999999999769e-01 6.631427703471771906e+00 -9.750197239385368420e+00 -9.914966510813940204e+00
4.754999999999999782e-01 7.163943227943430969e+00 -9.749519957770854006e+00 -9.917049986342281187e+00
4.769999999999999796e-01 6.874926174882846297e+00 -9.750800496545725338e+00 -9.906025610831438399e+00
4.784999999999999809e-01 6.594833685661420475e+00 -9.757297585767151560e+00 -9.927342514338580060e+00
4.799999999999999822e-01 6.016250044503811623e+00 -9.758403741210470272e+00 -9.927735055496185623e+00
4.814999999999999836e-01 5.882919535630804830e+00 -9.764928750083480935e+00 -9.948874050083480469e+00
4.829999999999999849e-01 5.561192157545001180e+00 -9.768990756740713266e+00 -9.957598528169283369e+00
4.844999999999999862e-01 6.147567908745143583e+00 -9.766097319826283041e+00 -9.943511305540567946e+00
4.859999999999999876e-01 6.116899644868967201e+00 -9.766553383702460067e+00 -9.929186397988173596e+00
4.874999999999999889e-01 6.028044507264633367e+00 -9.768816178449652554e+00 -9.948705507021081473e+00
4.889999999999999902e-01 6.718281065847861555e+00 -9.767050662723566035e+00 -9.936021162723566391e+00
4.904999999999999916e-01 6.595253604816255333e+00 -9.767184109469457809e+00 -9.925787695183743153e+00
4.919999999999999929e-01 5.801312122649285641e+00 -9.772783034493572885e+00 -9.940791963065001013e+00
4.934999999999999942e-01 6.213103760679716814e+00 -9.773588939320283941e+00 -9.948821167891711781e+00
4.949999999999999956e-01 6.183119945950782181e+00 -9.775721839763500398e+00 -9.952025296906358065e+00
4.964999999999999969e-01 6.265236391216173928e+00 -9.772464137355255431e+00 -9.936477808783827470e+00
4.979999999999999982e-01 5.590745952082889048e+00 -9.779337247917109011e+00 -9.950800190774252485e+00
4.994999999999999996e-01 5.590298627011280885e+00 -9.780410487274432185e+00 -9.952050472988716479e+00
5.010000000000000009e-01 5.756771557315014221e+00 -9.778959028399269116e+00 -9.946032499827840212e+00
5.024999999999999467e-01 5.960027598589682896e+00 -9.780947344267458377e+00 -9.955232558553172240e+00
5.040000000000000036e-01 5.785241034998501064e+00 -9.781105850715784200e+00 -9.946946593572928208e+00
5.054999999999999494e-01 6.092511864986606795e+00 -9.780288220727676674e+00 -9.939661292156248606e+00
5.070000000000000062e-01 5.353307229852505955e+00 -9.786378913004636360e+00 -9.958572684433207201e+00
5.084999999999999520e-01 6.064018556605201837e+00 -9.784799171966223952e+00 -9.949895529109081593e+00
5.100000000000000089e-01 6.556308700821361413e+00 -9.782271113464350520e+00 -9.938799442035779919e+00
5.114999999999999547e-01 6.256457660931019404e+00 -9.776269496211833498e+00 -9.931854439068976248e+00
5.130000000000000115e-01 6.265179721074744634e+00 -9.774429936068111502e+00 -9.941275936068111108e+00
5.144999999999999574e-01 5.629884879675058684e+00 -9.775571048896370741e+00 -9.950552620324941699e+00
5.160000000000000142e-01 5.361684563722157293e+00 -9.776069493420697754e+00 -9.951924321992125400e+00
5.174999999999999600e-01 5.789970200202509076e+00 -9.770377814083204271e+00 -9.936924271226061478e+00
5.190000000000000169e-01 5.222931787527404168e+00 -9.773015055329738132e+00 -9.952213798186882343e+00
5.204999999999999627e-01 5.491670752675839040e+00 -9.770286504467017963e+00 -9.947536304467018198e+00
5.220000000000000195e-01 6.301618522623074981e+00 -9.766899591662637548e+00 -9.939954163091210049e+00
5.234999999999999654e-01 6.724673667197807347e+00 -9.764547632802191401e+00 -9.937268489945049410e+00
5.250000000000000222e-01 5.075756184796441417e+00 -9.771822958060699449e+00 -9.953154929489270941e+00
5.264999999999999680e-01 5.433616073811680991e+00 -9.767896783331176280e+00 -9.944803997616890712e+00
5.280000000000000249e-01 5.944246189775377331e+00 -9.765338367367474959e+00 -9.934937224510331788e+00
5.294999999999999707e-01 6.647983673929985571e+00 -9.760286997498583972e+00 -9.926355711784298208e+00
5.310000000000000275e-01 6.012658524657121362e+00 -9.763181146771447771e+00 -9.936108389628589777e+00
5.324999999999999734e-01 6.379389311763288717e+00 -9.762054802522424524e+00 -9.935582902522423154e+00
5.340000000000000302e-01 6.334170319337037114e+00 -9.765504066377248549e+00 -9.950627194948676646e+00
5.354999999999999760e-01 6.305330117177518900e+00 -9.761961782822478284e+00 -9.938688325679621016e+00
5.370000000000000329e-01 7.284520132223098798e+00 -9.761109582062612589e+00 -9.925549353491183169e+00
5.384999700000000500e-01 6.451917498615998170e+00 -9.770310872812570935e+00 -9.939571415669712806e+00
5.400000000000000355e-01 5.973536521664676968e+00 -9.776095864049608508e+00 -9.945738806906751606e+00
5.415000300000000211e-01 6.378228614205797342e+00 -9.775932628651345269e+00 -9.934249728651344924e+00
5.430000000000000382e-01 6.560816617381274085e+00 -9.780609139761583748e+00 -9.952203168333012329e+00
5.444999700000000553e-01 6.754109115190516377e+00 -9.780489827666624336e+00 -9.945165870523766216e+00
5.460000000000000409e-01 6.005443263319895308e+00 -9.783698293822959968e+00 -9.951323850965817286e+00
5.475000300000000264e-01 6.201573331471866624e+00 -9.786134297099561508e+00 -9.954785725670989294e+00
5.490000000000000435e-01 6.562515017655238481e+00 -9.786268382344760042e+00 -9.946644696630475124e+00
5.504999699999999496e-01 6.126452620402670135e+00 -9.789884908168756894e+00 -9.953200508168757565e+00
5.520000000000000462e-01 5.507197581361321426e+00 -9.792070790067247898e+00 -9.952074561495820149e+00
5.535000300000000317e-01 6.093168455672044459e+00 -9.791887687185097278e+00 -9.963164644327953567e+00
5.550000000000000488e-01 6.708696655354549065e+00 -9.789766344645450147e+00 -9.954307230359734859e+00
5.564999699999999550e-01 5.719430764902368125e+00 -9.797209020811916247e+00 -9.964868592240488709e+00
5.580000000000000515e-01 5.551359369065327343e+00 -9.795494573791811987e+00 -9.959005959506097128e+00
5.595000300000000371e-01 6.440098165566704225e+00 -9.795547920147580356e+00 -9.955144848719008621e+00
5.610000000000000542e-01 7.320942851866860224e+00 -9.790418219561708213e+00 -9.945591248133137441e+00
5.624999699999999603e-01 5.532137726990660198e+00 -9.802657530152195875e+00 -9.978732444437909521e+00
5.639999999999999458e-01 6.100672804503910029e+00 -9.797999081210374328e+00 -9.962027838353231246e+00
5.655000300000000424e-01 6.403290924713472165e+00 -9.798315732429383473e+00 -9.953075203857954634e+00
5.669999999999999485e-01 6.992610641950136596e+00 -9.793722186621288017e+00 -9.932387543764145121e+00
5.684999699999999656e-01 5.655516255483400201e+00 -9.802313730230885369e+00 -9.956703444516598722e+00
5.699999999999999512e-01 4.900339207694054622e+00 -9.809205778020228195e+00 -9.987496949448800621e+00
5.715000300000000477e-01 5.370229481473757005e+00 -9.808109861383384143e+00 -9.983128504240525558e+00
5.729999999999999538e-01 4.683268488024909360e+00 -9.810972654832232465e+00 -9.983119169117946612e+00
5.744999699999999709e-01 4.941546241146353324e+00 -9.811726215996502631e+00 -9.989221373139359983e+00
5.759999999999999565e-01 5.628279897747189509e+00 -9.809236387967093407e+00 -9.978602445109951091e+00
5.775000300000000530e-01 5.142192297590753469e+00 -9.809990573837815475e+00 -9.976042202409244553e+00
5.789999999999999591e-01 5.495900565895132317e+00 -9.809197234104866325e+00 -9.963603948390581166e+00
5.804999699999999763e-01 5.629821859558962416e+00 -9.809122854726748386e+00 -9.962755611869605232e+00
5.819999999999999618e-01 5.652206192875766533e+00 -9.811380749981372773e+00 -9.970401392838516230e+00
5.835000299999999473e-01 6.273003548196076196e+00 -9.807657994661065359e+00 -9.951417980375351746e+00
5.849999999999999645e-01 6.098305336183436509e+00 -9.809672892387990117e+00 -9.963743492387989065e+00
5.864999699999999816e-01 5.855342999692426886e+00 -9.809948828878999549e+00 -9.964335471736141869e+00
5.879999999999999671e-01 6.264737981828547575e+00 -9.811543661028593988e+00 -9.961229089600022846e+00
5.895000299999999527e-01 6.550250264673584510e+00 -9.810482321040698395e+00 -9.957260649612127423e+00
5.909999999999999698e-01 6.557429830052086572e+00 -9.811007398519338452e+00 -9.959528284233623907e+00
5.924999699999999869e-01 6.247735263916398551e+00 -9.813486821797885895e+00 -9.960070736083601162e+00
5.939999999999999725e-01 5.690506581040127188e+00 -9.817524833245585114e+00 -9.972717090388442784e+00
5.955000299999999580e-01 6.244585191808988966e+00 -9.815626508191011013e+00 -9.966632808191011605e+00
5.969999999999999751e-01 6.804962506352589813e+00 -9.813037322218836067e+00 -9.961948750790265095e+00
5.984999699999999923e-01 6.131662825148616491e+00 -9.818597031994238833e+00 -9.976742003422810257e+00
5.999999999999999778e-01 5.426304734637755089e+00 -9.824238708219384719e+00 -9.988106665362241898e+00
6.015000299999999633e-01 6.048915359225164323e+00 -9.816523569346264466e+00 -9.964324997917692883e+00
6.029999999999999805e-01 6.082160394489624977e+00 -9.818506819796086305e+00 -9.967718705510371535e+00
6.044999699999999976e-01 6.486365569718847368e+00 -9.816385530281152683e+00 -9.954413444566865721e+00
6.059999999999999831e-01 5.911998043019558224e+00 -9.823759814123299350e+00 -9.986051528409012334e+00
6.075000299999999687e-01 5.505796367103311439e+00 -9.826624790039543811e+00 -9.987417847182401331e+00
6.089999999999999858e-01 6.304883380142195293e+00 -9.820441305572092716e+00 -9.977216919857806232e+00
6.104999700000000029e-01 5.853733383090022002e+00 -9.823050431195690990e+00 -9.982034316909976113e+00
6.119999999999999885e-01 5.941792105718539219e+00 -9.825094365710031141e+00 -9.984210108567173947e+00
6.135000299999999740e-01 6.019448100475523589e+00 -9.823709942381618987e+00 -9.977519128095904577e+00
6.149999999999999911e-01 5.939525633841901353e+00 -9.823012223300956691e+00 -9.964914451872385115e+00
6.164999700000000082e-01 6.106876149865149372e+00 -9.825098564420564173e+00 -9.973896078706278701e+00
6.179999999999999938e-01 6.180561092838091852e+00 -9.821642621447619348e+00 -9.967500007161905984e+00
6.195000299999999793e-01 5.930250443517440573e+00 -9.826945542196845906e+00 -9.979229956482560837e+00
6.209999999999999964e-01 5.701431325265657435e+00 -9.827013646162910732e+00 -9.979070203305768771e+00
6.224999700000000136e-01 5.448029468079969462e+00 -9.829581546205742981e+00 -9.988623746205743004e+00
6.239999999999999991e-01 6.383393459344663512e+00 -9.823965583512476840e+00 -9.970722154941048743e+00
6.255000299999999847e-01 6.491643279555216139e+00 -9.825747277587641548e+00 -9.979017834730498748e+00
6.270000000000000018e-01 6.270177480385488167e+00 -9.826424876757364757e+00 -9.975386476757364562e+00
6.284999700000000189e-01 6.301490363495684477e+00 -9.826372750790026700e+00 -9.973520879361455371e+00
6.300000000000000044e-01 6.045649087931909804e+00 -9.829132326353803961e+00 -9.979518312068089259e+00
6.315000299999999900e-01 5.612219348215402803e+00 -9.829046766070311136e+00 -9.978688237498882785e+00
6.330000000000000071e-01 4.908603981475586409e+00 -9.836726275667270869e+00 -1.000591473281012789e+01
6.344999700000000242e-01 6.284394432463127345e+00 -9.826723538965440596e+00 -9.978134310394011663e+00
6.360000000000000098e-01 5.493815003313455847e+00 -9.833423310972255749e+00 -9.991170910972254404e+00
6.375000299999999953e-01 5.783929959717738711e+00 -9.832760697425118934e+00 -9.993457440282261572e+00
6.390000000000000124e-01 6.296962138547945287e+00 -9.830472661452054339e+00 -9.979016618594911847e+00
6.404999700000000296e-01 6.565894413358439152e+00 -9.829507658070131271e+00 -9.972944315212988187e+00
6.420000000000000151e-01 6.262578229372891769e+00 -9.830462027769964806e+00 -9.981285242055680129e+00
6.435000300000000006e-01 5.672763566310813133e+00 -9.833304705117756228e+00 -9.983697276546328325e+00
6.450000000000000178e-01 5.513017546502359423e+00 -9.834214139211924888e+00 -9.987493867783353352e+00
6.464999700000000349e-01 5.312274472304482131e+00 -9.836791570552659181e+00 -9.995205356266943397e+00
6.480000000000000204e-01 5.742798646313717725e+00 -9.835382139400564938e+00 -9.988279410829136395e+00
6.495000300000000060e-01 5.593327190850688524e+00 -9.834708552006453885e+00 -9.989661666292168007e+00
6.510000000000000231e-01 5.482080085133583580e+00 -9.835590757723560174e+00 -9.992187486294987764e+00
6.524999700000000402e-01 6.217691631749453052e+00 -9.834286253964831914e+00 -9.984058239679116653e+00
6.540000000000000258e-01 6.910496133523739815e+00 -9.831135823619113978e+00 -9.973114595047686493e+00
6.555000300000000113e-01 6.391459283950922554e+00 -9.834536501763363248e+00 -9.970566816049078795e+00
6.570000000000000284e-01 5.681645347709979532e+00 -9.839200938004305286e+00 -9.990848309432875496e+00
6.584999700000000455e-01 5.822947199045545474e+00 -9.838865815240168899e+00 -9.992269086668740030e+00
6.600000000000000311e-01 6.425134855296567693e+00 -9.835042330417719469e+00 -9.977085044703432715e+00
6.615000300000000166e-01 5.886534009704122994e+00 -9.837570576010161716e+00 -9.985333161724447848e+00
6.630000000000000338e-01 5.904594640980784348e+00 -9.840833801876357256e+00 -9.993753444733499691e+00
6.644999700000000509e-01 5.799791052170485628e+00 -9.840988547829514488e+00 -9.994428776400942738e+00
6.660000000000000364e-01 5.788927546553159331e+00 -9.837737353446840416e+00 -9.980223839161126875e+00
6.675000300000000220e-01 5.698745531403535125e+00 -9.840643125739319430e+00 -9.985716982882175685e+00
6.690000000000000391e-01 6.325557842326249514e+00 -9.837160671959464864e+00 -9.978801729102322327e+00
6.704999699999999452e-01 6.286395925449152600e+00 -9.838525060265132183e+00 -9.972355131693703356e+00
6.720000000000000417e-01 6.572611227134895984e+00 -9.836640715722246853e+00 -9.973059601436531807e+00
6.735000300000000273e-01 6.240439440121784642e+00 -9.841019645592501419e+00 -9.987091888449644017e+00
6.750000000000000444e-01 5.569439114050716455e+00 -9.842257143092139060e+00 -9.991118443092139145e+00
6.764999699999999505e-01 5.654135980989495991e+00 -9.841321576153358563e+00 -9.989619433296216044e+00
6.780000000000000471e-01 6.540824344668068946e+00 -9.839512926760500378e+00 -9.980353455331927748e+00
6.795000300000000326e-01 6.273932754718254401e+00 -9.840887102424598964e+00 -9.980083673853171078e+00
6.810000000000000497e-01 5.831975474818571925e+00 -9.842768225181430353e+00 -9.992844596610000352e+00
6.824999699999999558e-01 4.923078237261359291e+00 -9.846715562738641125e+00 -9.995945248452926535e+00
6.840000000000000524e-01 6.182403917428448636e+00 -9.839492254000120397e+00 -9.979384654000121202e+00
6.855000300000000379e-01 5.440279636132235197e+00 -9.844011892439192835e+00 -9.989483235296335195e+00
6.870000000000000551e-01 5.269621085375950642e+00 -9.845453443195474108e+00 -9.990474714624046015e+00
6.884999699999999612e-01 5.170079711961060198e+00 -9.844811159467511175e+00 -9.986821330896081150e+00
6.899999999999999467e-01 5.606466962920132246e+00 -9.844922051365580629e+00 -9.993877837079866211e+00
6.915000300000000433e-01 6.272421387390362923e+00 -9.841850712609636176e+00 -9.986508269752492950e+00
6.929999999999999494e-01 5.825112962843949305e+00 -9.842203451441765338e+00 -9.980330308584623111e+00
6.944999699999999665e-01 5.777738850590306896e+00 -9.844399392266831583e+00 -9.987255720838259521e+00
6.959999999999999520e-01 5.308980497883059257e+00 -9.845118230688365557e+00 -9.991444516402651743e+00
6.975000300000000486e-01 5.260613596471284126e+00 -9.847452332100141703e+00 -1.000252474638585554e+01
6.989999999999999547e-01 6.220002409297517687e+00 -9.843015462131054605e+00 -9.987383962131053394e+00
7.004999699999999718e-01 6.545279812178014467e+00 -9.841702602107698539e+00 -9.983920173536269260e+00
7.019999999999999574e-01 5.645440109729110034e+00 -9.846724447413745196e+00 -9.993356533128030961e+00
7.035000300000000539e-01 5.841881850598895198e+00 -9.845581592258248804e+00 -9.988450135115391149e+00
7.049999999999999600e-01 6.176802154630200548e+00 -9.844552845369797467e+00 -9.985125773941227578e+00
7.064999699999999772e-01 5.491853897859250822e+00 -9.846060159283606339e+00 -9.995637344997891915e+00
7.079999999999999627e-01 5.542817099406802228e+00 -9.845860729164623848e+00 -9.994284843450337519e+00
7.095000299999999482e-01 5.819454593392771713e+00 -9.847610992321511603e+00 -9.990424392321511249e+00
7.109999999999999654e-01 6.201023499418836238e+00 -9.845191272009730099e+00 -9.989419672009731244e+00
7.124999699999999825e-01 7.145042408025739533e+00 -9.837115091974256487e+00 -9.975913763402829204e+00
7.139999999999999680e-01 6.964777052837497706e+00 -9.832526432876788292e+00 -9.959868518591074249e+00
7.155000299999999536e-01 6.315427410590098489e+00 -9.831942360838471728e+00 -9.963391760838472777e+00
7.169999999999999707e-01 6.262899172074062548e+00 -9.829564027925934866e+00 -9.966790870783077239e+00
7.184999699999999878e-01 6.426262356619194094e+00 -9.829337614809375623e+00 -9.968258414809376688e+00
7.199999999999999734e-01 5.770265555208728969e+00 -9.831359573362696835e+00 -9.977606559076981796e+00
7.215000299999999589e-01 5.485964458624728479e+00 -9.834072398518127756e+00 -9.984974641375270465e+00
7.229999999999999760e-01 6.083981900276537402e+00 -9.828347285437747161e+00 -9.974488871152033198e+00
7.244999699999999931e-01 5.612735042567551957e+00 -9.831066414575301948e+00 -9.983782328861016353e+00
7.259999999999999787e-01 6.326255333839061024e+00 -9.828348180446651483e+00 -9.971431909018079409e+00
7.275000299999999642e-01 6.831009893206321237e+00 -9.824194806793675738e+00 -9.955819378222248162e+00
7.289999999999999813e-01 6.792938696698929135e+00 -9.823471303301067437e+00 -9.953956231872496119e+00
7.304999699999999985e-01 6.218424621221275927e+00 -9.825941193064435808e+00 -9.967309921635864711e+00
7.319999999999999840e-01 6.094799115328648043e+00 -9.823632270385637355e+00 -9.970233970385637079e+00
7.335000299999999696e-01 5.918825012185211065e+00 -9.826210416386214064e+00 -9.977456544957643558e+00
7.349999999999999867e-01 5.713830859013679486e+00 -9.826529840986317765e+00 -9.977688926700603034e+00
7.364999700000000038e-01 5.394489532932530196e+00 -9.826790081353182771e+00 -9.977479395638898296e+00
7.379999999999999893e-01 5.846988196995567932e+00 -9.824088960147285832e+00 -9.965296503004429596e+00
7.395000299999999749e-01 6.107512541274459750e+00 -9.821152515868394772e+00 -9.959636187296965204e+00
7.409999999999999920e-01 6.174239684186462185e+00 -9.821887358670679191e+00 -9.962687772956394738e+00
7.424999700000000091e-01 6.289261074491525605e+00 -9.821002725508472864e+00 -9.955263068365615808e+00
7.439999999999999947e-01 6.371338161169346037e+00 -9.819508024544937541e+00 -9.951285410259224307e+00
7.455000299999999802e-01 6.772783776914803155e+00 -9.818437708799480745e+00 -9.954646194513767199e+00
7.469999999999999973e-01 6.046473611341161458e+00 -9.820450131515981340e+00 -9.963705060087409748e+00
7.484999700000000145e-01 6.328516256277206153e+00 -9.819217058008506527e+00 -9.964188215151363437e+00
7.500000000000000000e-01 6.302226018055895551e+00 -9.817238839086959601e+00 -9.951060781944102374e+00
7.515000299999999855e-01 6.304857157711058591e+00 -9.817150428003225571e+00 -9.959621656574654480e+00
7.530000000000000027e-01 5.673171078910561604e+00 -9.821467592518009937e+00 -9.967245821089438351e+00
7.544999700000000198e-01 5.988603516550826456e+00 -9.816986854877745472e+00 -9.955826754877746154e+00
7.560000000000000053e-01 5.966364491459698272e+00 -9.818115894254583864e+00 -9.960206694254583937e+00
7.575000299999999909e-01 5.994735407297149266e+00 -9.815625706988564403e+00 -9.956785549845708516e+00
7.590000000000000080e-01 5.975520524644236886e+00 -9.814363061070048744e+00 -9.961678461070048840e+00
7.604999700000000251e-01 5.296745578606671501e+00 -9.818888349964757012e+00 -9.967926192821900955e+00
7.620000000000000107e-01 5.936260590220266309e+00 -9.814181038351160069e+00 -9.956830209779731433e+00
7.635000299999999962e-01 6.170262677201138857e+00 -9.812739708513145587e+00 -9.959287237084573974e+00
7.650000000000000133e-01 5.974196099902181700e+00 -9.813414571526386965e+00 -9.965021871526385411e+00
7.664999700000000304e-01 5.931810879351449017e+00 -9.807618063505692874e+00 -9.961072163505692245e+00
7.680000000000000160e-01 6.032418465362914262e+00 -9.802741134637082965e+00 -9.954758148922797645e+00
7.695000300000000015e-01 5.633480261138904766e+00 -9.802684553146807644e+00 -9.956861853146808272e+00
7.710000000000000187e-01 5.644660526805612477e+00 -9.797057230337241407e+00 -9.944690087480097418e+00
7.724999700000000358e-01 6.039667855026493726e+00 -9.794333773544931177e+00 -9.947382859259217724e+00
7.740000000000000213e-01 5.878037981535319645e+00 -9.791635932750391902e+00 -9.944629975607535144e+00
7.755000300000000069e-01 6.357519452164952511e+00 -9.785218976406474312e+00 -9.926087676406474714e+00
7.770000000000000240e-01 5.764337955387805579e+00 -9.790530944612193309e+00 -9.935869773183622300e+00
7.784999700000000411e-01 6.262236369787210322e+00 -9.784120858784215002e+00 -9.929716687355643501e+00
7.800000000000000266e-01 6.475084717015505476e+00 -9.781105482984489896e+00 -9.928851968698776176e+00
7.815000300000000122e-01 6.596872971251860562e+00 -9.778515514462421621e+00 -9.928080157319564947e+00
7.830000000000000293e-01 5.911541106459250017e+00 -9.780142593540748663e+00 -9.929506650683606495e+00
7.844999700000000464e-01 5.774784858568228429e+00 -9.779671084288912297e+00 -9.929417098574626621e+00
7.860000000000000320e-01 6.189398535148450620e+00 -9.774530579137262976e+00 -9.922846593422978145e+00
7.875000300000000175e-01 7.055694967298306253e+00 -9.768648518415977478e+00 -9.907009775558835329e+00
7.890000000000000346e-01 6.714149843044269872e+00 -9.771156228384299425e+00 -9.919213685527155988e+00
7.904999700000000518e-01 5.806341755662879578e+00 -9.773419558622832071e+00 -9.932295144337116355e+00
7.920000000000000373e-01 6.012353584354126923e+00 -9.770555472788728935e+00 -9.920985329931585994e+00
7.935000300000000228e-01 6.204683874279995237e+00 -9.768057140005717898e+00 -9.921537111434290068e+00
7.950000000000000400e-01 6.436915456103388777e+00 -9.757443315325181388e+00 -9.898579372468038429e+00
7.964999699999999461e-01 6.279242637588428266e+00 -9.753485390983000158e+00 -9.902190105268713793e+00
7.980000000000000426e-01 5.616591155278477743e+00 -9.754115373292947311e+00 -9.922208244721518966e+00
7.995000300000000282e-01 5.927722411257770219e+00 -9.747510760170802868e+00 -9.903027017313659641e+00
8.010000000000000453e-01 5.786579235969993462e+00 -9.744394449744293141e+00 -9.898921292601436051e+00
8.024999699999999514e-01 6.411067365951316432e+00 -9.736003148334395618e+00 -9.891372876905824896e+00
8.040000000000000480e-01 6.598846823658661265e+00 -9.735581776341335924e+00 -9.891286390627049840e+00
8.055000300000000335e-01 6.543477582385710534e+00 -9.730901646185719400e+00 -9.878755074757147980e+00
8.070000000000000506e-01 6.675832472358472103e+00 -9.728248056212954964e+00 -9.879779399070097057e+00
8.084999699999999567e-01 6.065014373169622885e+00 -9.727397441116091059e+00 -9.876419912544662338e+00
8.100000000000000533e-01 6.125260450331202478e+00 -9.726775121097366750e+00 -9.890008863954509621e+00
8.115000300000000388e-01 6.632360676919319076e+00 -9.719971951652109254e+00 -9.878420208794965518e+00
8.129999999999999449e-01 6.450709311515250732e+00 -9.717683945627605624e+00 -9.877581902770462108e+00
8.144999699999999621e-01 6.776960662481181785e+00 -9.710921237518814308e+00 -9.867273266090244022e+00
8.159999999999999476e-01 6.467719038383030750e+00 -9.715204061616965703e+00 -9.881224818759822170e+00
8.175000300000000442e-01 6.407484412080833636e+00 -9.709887402204881113e+00 -9.872558073633451059e+00
8.189999999999999503e-01 6.589358184798390639e+00 -9.708258800915896103e+00 -9.872360986630182467e+00
8.204999699999999674e-01 6.299576093666125587e+00 -9.704993434905301086e+00 -9.863289563476730137e+00
8.219999999999999529e-01 5.507899590302546500e+00 -9.706286523983168379e+00 -9.869717995411740219e+00
8.235000300000000495e-01 5.930331504496010098e+00 -9.702472438361130713e+00 -9.860785281218273468e+00
8.249999999999999556e-01 6.203501808685812691e+00 -9.699768934171327572e+00 -9.865693648457042997e+00
8.264999699999999727e-01 6.378303383055058617e+00 -9.696941916944940232e+00 -9.869969159802083780e+00
8.279999999999999583e-01 7.086706250844978072e+00 -9.688256220583593148e+00 -9.848129492012164476e+00
8.295000300000000548e-01 6.442358955916660079e+00 -9.689503301226196186e+00 -9.857456415511910208e+00
8.309999999999999609e-01 6.032582899069279136e+00 -9.688019000930719216e+00 -9.852864600930718808e+00
8.324999699999999780e-01 6.676266674965914305e+00 -9.682140810748370185e+00 -9.846097153605512631e+00
8.339999999999999636e-01 6.911803164183529802e+00 -9.677969192959327671e+00 -9.831032092959327784e+00
8.355000299999999491e-01 6.802440910371757354e+00 -9.672498046771099922e+00 -9.823182532485386531e+00
8.369999999999999662e-01 6.420501314119780645e+00 -9.671276100165931311e+00 -9.850378028737360125e+00
8.384999699999999834e-01 6.474295827426514549e+00 -9.659921144002055371e+00 -9.832686358287769934e+00
8.399999999999999689e-01 5.954210188203340692e+00 -9.657671426082371724e+00 -9.839907611796656184e+00
8.415000299999999545e-01 6.455674368461444601e+00 -9.648100631538554239e+00 -9.825803102967125113e+00
8.429999999999999716e-01 6.718629768581568129e+00 -9.641714959989858613e+00 -9.810838045704144861e+00
8.444999699999999887e-01 6.118434983611431122e+00 -9.636783802102851126e+00 -9.814756602102850280e+00
8.459999999999999742e-01 6.166078608795567462e+00 -9.629534976918717959e+00 -9.802219776918718708e+00
8.475000299999999598e-01 6.773414901651092279e+00 -9.624094341206049563e+00 -9.793930255491764214e+00
8.489999999999999769e-01 5.895943833780460608e+00 -9.624786651933824544e+00 -9.803695409076681244e+00
8.504999699999999940e-01 5.955269714707480233e+00 -9.618458156721089836e+00 -9.796485342435376609e+00
8.519999999999999796e-01 6.990795425579934275e+00 -9.608320274420062646e+00 -9.784538088705776460e+00
8.535000299999999651e-01 7.332985223708178069e+00 -9.597667490577535432e+00 -9.767534390577536030e+00
8.549999999999999822e-01 6.442376223346492736e+00 -9.602858705224932123e+00 -9.783567376653502734e+00
8.564999699999999994e-01 6.135724162779197854e+00 -9.594916294363660114e+00 -9.770888951506517373e+00
8.579999999999999849e-01 6.461904780484584165e+00 -9.592861333801128154e+00 -9.783729362372556082e+00
8.595000299999999704e-01 6.851619476424952282e+00 -9.583945266432188248e+00 -9.769046037860761089e+00
8.609999999999999876e-01 5.681198221793712477e+00 -9.582905849634856921e+00 -9.772436606777713308e+00
8.624999700000000047e-01 6.447908183634369905e+00 -9.575274359222769149e+00 -9.761588916365626645e+00
8.639999999999999902e-01 6.171275100611568476e+00 -9.570309799388429184e+00 -9.750467013674143146e+00
8.655000299999999758e-01 5.996783229626830192e+00 -9.568288656087453603e+00 -9.775072941801738580e+00
8.669999999999999929e-01 6.425559684528568738e+00 -9.560027901185716104e+00 -9.749276258328574585e+00
8.684999700000000100e-01 7.260195918261009851e+00 -9.549934781738988576e+00 -9.733747910310416529e+00
8.699999999999999956e-01 6.268491955388123316e+00 -9.550548244611876569e+00 -9.736504416040446586e+00
8.715000299999999811e-01 6.660969195466517334e+00 -9.543823190247765709e+00 -9.733323118819194875e+00
8.729999999999999982e-01 6.735393323572614221e+00 -9.536844190713097191e+00 -9.717170262141667791e+00
8.744999700000000153e-01 6.903325792835776298e+00 -9.532966050021368432e+00 -9.716459650021366912e+00
8.760000000000000009e-01 6.373980913717947061e+00 -9.529227229139193511e+00 -9.722396029139192208e+00
8.775000299999999864e-01 6.144527228432432153e+00 -9.525616914424707815e+00 -9.726856157281851267e+00
8.790000000000000036e-01 6.204150421856676090e+00 -9.522758378143324265e+00 -9.718319363857609972e+00
8.804999700000000207e-01 5.565010518732403710e+00 -9.522479238410451075e+00 -9.718547695553308330e+00
8.820000000000000062e-01 6.024757543989668562e+00 -9.516319841724616424e+00 -9.723091013153187134e+00
8.835000299999999918e-01 5.230368611071462226e+00 -9.513111831785680650e+00 -9.718300946071394719e+00
8.850000000000000089e-01 5.684547976086424370e+00 -9.506495695342145780e+00 -9.721629152485002479e+00
8.864999700000000260e-01 5.135717092530198258e+00 -9.506994778898370413e+00 -9.725108021755513477e+00
8.880000000000000115e-01 5.500550271228149768e+00 -9.503976285914706779e+00 -9.723279171628991691e+00
8.895000299999999971e-01 6.110601768283139279e+00 -9.493013846002572365e+00 -9.690178560288288168e+00
8.910000000000000142e-01 5.895151553893756002e+00 -9.482411288963385587e+00 -9.671448846106242669e+00
8.924999700000000313e-01 5.089555367451062295e+00 -9.485620689691792506e+00 -9.690298618263222252e+00
8.940000000000000169e-01 5.446888948531563912e+00 -9.484556065754150112e+00 -9.716210722897006491e+00
8.955000300000000024e-01 4.858386553042439715e+00 -9.480461018386131755e+00 -9.725097046957559499e+00
8.970000000000000195e-01 5.292751008130972323e+00 -9.470864220440452286e+00 -9.702343034726167659e+00
8.984999700000000367e-01 6.016190910510889722e+00 -9.466565632346251036e+00 -9.682732875203393874e+00
9.000000000000000222e-01 6.565436285651328419e+00 -9.455680000062953283e+00 -9.683415285777238424e+00
9.015000300000000077e-01 5.888542817836851739e+00 -9.457073553591717641e+00 -9.692927153591718081e+00
9.030000000000000249e-01 6.744159048307889037e+00 -9.439322323120681091e+00 -9.639427980263537421e+00
9.044999700000000420e-01 6.199775002528056689e+00 -9.439460140329083870e+00 -9.664767911757655483e+00
9.060000000000000275e-01 5.580112134714937611e+00 -9.435610722427917096e+00 -9.658566779570772809e+00
9.075000300000000131e-01 4.599323271817780778e+00 -9.440705585325073201e+00 -9.679668999610788305e+00
9.090000000000000302e-01 5.464899812028940929e+00 -9.423607030828200948e+00 -9.645741459399630457e+00
9.104999700000000473e-01 5.066276066703423453e+00 -9.427852576153718189e+00 -9.666107619010862351e+00
9.120000000000000329e-01 4.637374918805912571e+00 -9.427858381194084814e+00 -9.691645224051228524e+00
9.135000300000000184e-01 4.833682052237666227e+00 -9.421084290619473833e+00 -9.679707919190903453e+00
9.150000000000000355e-01 5.330811722144590092e+00 -9.412660692141123775e+00 -9.660902177855408723e+00
9.164999700000000527e-01 6.267323954343167358e+00 -9.399815617085405250e+00 -9.626999274228261072e+00
9.180000000000000382e-01 6.529735917686661395e+00 -9.395896982313336920e+00 -9.618331825170480798e+00
9.195000300000000237e-01 6.117721867315699669e+00 -9.391955461255728110e+00 -9.623849918398585501e+00
9.210000000000000409e-01 4.378884629617061819e+00 -9.398280913240080636e+00 -9.642837670382936821e+00
9.224999699999999470e-01 4.171581373438783658e+00 -9.391249526561214367e+00 -9.637228026561214023e+00
9.240000000000000435e-01 4.964556410664222597e+00 -9.383224303621490847e+00 -9.647596703621490022e+00
9.255000300000000291e-01 4.093946853389258678e+00 -9.386675646610736834e+00 -9.656312332325024173e+00
9.270000000000000462e-01 6.097155527814635434e+00 -9.354317929328221481e+00 -9.572678829328220118e+00
9.284999699999999523e-01 6.636649602961419703e+00 -9.352835339895719358e+00 -9.568377125610005862e+00
9.300000000000000488e-01 6.695449105170265369e+00 -9.344195237686873767e+00 -9.545965409115446221e+00
9.315000300000000344e-01 5.742585432065393292e+00 -9.345885696506034179e+00 -9.586081225077464296e+00
9.330000000000000515e-01 4.978821409663106934e+00 -9.345411033194034545e+00 -9.599304476051177204e+00
9.344999699999999576e-01 5.255819921441888809e+00 -9.335271807129537081e+00 -9.580306992843823366e+00
9.360000000000000542e-01 6.749318136769737464e+00 -9.317460234658835105e+00 -9.552735234658834784e+00
9.375000300000000397e-01 5.305540310229401868e+00 -9.327304018342026382e+00 -9.581502389770596650e+00
9.389999999999999458e-01 4.766452124797282863e+00 -9.318626075202715242e+00 -9.576285546631286394e+00
9.404999699999999629e-01 5.084725035550734518e+00 -9.316723593020693528e+00 -9.585223435877836096e+00
9.419999999999999485e-01 6.233879069169448783e+00 -9.295349559401977046e+00 -9.537937287973404565e+00
9.435000300000000450e-01 5.636684194339228071e+00 -9.296260462803630276e+00 -9.552369319946485859e+00
9.449999999999999512e-01 4.159977522426745011e+00 -9.301909791858969712e+00 -9.589370863287539848e+00
9.464999699999999683e-01 4.552399080106878770e+00 -9.289699462750263592e+00 -9.567359719893120840e+00
9.479999999999999538e-01 5.083621751369630459e+00 -9.281702148630367688e+00 -9.554704677201796059e+00
9.495000300000000504e-01 4.957312647576918252e+00 -9.278675723851652180e+00 -9.564322638137365828e+00
9.509999999999999565e-01 6.264333165630224798e+00 -9.259317548655488395e+00 -9.511905620084061042e+00
9.524999699999999736e-01 5.507153332371974130e+00 -9.261440524770879534e+00 -9.510504696199451047e+00
9.539999999999999591e-01 5.046387460529693669e+00 -9.257380796613162488e+00 -9.526250968041733103e+00
9.555000299999999447e-01 4.903064089857336327e+00 -9.253481410142663677e+00 -9.547898110142664763e+00
9.569999999999999618e-01 4.802851759935693465e+00 -9.251974397207161971e+00 -9.536431482921448932e+00
9.584999699999999789e-01 6.206550497773385189e+00 -9.222831959369468535e+00 -9.482931045083754285e+00
9.599999999999999645e-01 5.435163187691200548e+00 -9.224347798023083911e+00 -9.477111598023084227e+00
9.615000299999999500e-01 5.445332654979639031e+00 -9.235074487877502847e+00 -9.527591102163217585e+00
9.629999999999999671e-01 5.967794581900484729e+00 -9.214736260956657432e+00 -9.493325660956656975e+00
9.644999699999999843e-01 5.650288995627132493e+00 -9.210616775801433675e+00 -9.487936275801434505e+00
9.659999999999999698e-01 4.853257352072260389e+00 -9.197762062213453049e+00 -9.476735547927738423e+00
9.675000299999999553e-01 4.873562476350302930e+00 -9.188075723649694382e+00 -9.452801295078264943e+00
9.689999999999999725e-01 5.366655764834240117e+00 -9.190740420880043615e+00 -9.482250106594330319e+00
9.704999699999999896e-01 7.325917244860882249e+00 -9.158044440853402079e+00 -9.386506583710543694e+00
9.719999999999999751e-01 1.014425980107624703e+01 -9.121226498923752146e+00 -9.292042270352323996e+00
9.735000299999999607e-01 9.517619115563217491e+00 -9.125077713008209912e+00 -9.329248741579638349e+00
9.749999999999999778e-01 9.263973727379070766e+00 -9.096821515478069387e+00 -9.256351015478069044e+00
9.764999699999999949e-01 9.603429378308353748e+00 -9.105275478834499836e+00 -9.301608921691641996e+00
9.779999999999999805e-01 8.840424667443320672e+00 -9.103887489699534541e+00 -9.347142218270963809e+00
9.795000299999999660e-01 6.512582419551252499e+00 -9.109382623305890547e+00 -9.374449580448747099e+00
9.809999999999999831e-01 5.502561173518252247e+00 -9.119127497910316293e+00 -9.412590597910316603e+00
9.824999700000000002e-01 6.154610957003773919e+00 -9.095014342996222467e+00 -9.393937900139079034e+00
9.839999999999999858e-01 4.759198940687763724e+00 -9.097722516455091224e+00 -9.413403359312233931e+00
9.855000299999999713e-01 4.673440806309290707e+00 -9.084296307976421403e+00 -9.408963936547849016e+00
9.869999999999999885e-01 4.016987949727811369e+00 -9.090074078843615624e+00 -9.434136007415045100e+00
9.884999700000000056e-01 4.407503255904867245e+00 -9.080213001237988024e+00 -9.412158601237988975e+00
9.899999999999999911e-01 6.086433895678112549e+00 -9.041456747179029918e+00 -9.342938161464743985e+00
9.915000299999999767e-01 4.602461264902938609e+00 -9.053757120811345871e+00 -9.385737649382775771e+00
9.929999999999999938e-01 3.934045759270976106e+00 -9.037118983586164944e+00 -9.351696983586165857e+00
9.944999700000000109e-01 4.026231835330161601e+00 -9.027354250384121315e+00 -9.361144678955550802e+00
9.959999999999999964e-01 3.992339378360176383e+00 -9.030994735925535366e+00 -9.401950607354107703e+00
9.975000299999999820e-01 3.536920784048692923e+00 -9.021705430237020096e+00 -9.412685044522735467e+00
9.989999999999999991e-01 3.842438162206912367e+00 -9.002392723507371741e+00 -9.402905037793086507e+00
1.000499999999999945e+00 4.046543699159910190e+00 -8.998265786554371815e+00 -9.381498729411514859e+00
1.002000000000000002e+00 3.810622520051524020e+00 -8.985265694234188416e+00 -9.349999322805617297e+00
1.003500000000000059e+00 3.851446479605002082e+00 -8.973302520394996762e+00 -9.350810148966424151e+00
1.004999999999999893e+00 3.824263289685189804e+00 -8.958986396029095189e+00 -9.372556781743380583e+00
1.006499999999999950e+00 2.977813090727101653e+00 -8.936784980701467873e+00 -9.331496994987181992e+00
1.008000000000000007e+00 2.780948594593066758e+00 -8.950723419692646843e+00 -9.369991576835504432e+00
1.009500000000000064e+00 4.708636370287024420e+00 -8.907307501141543682e+00 -9.263381486855829294e+00
1.010999999999999899e+00 3.736931843954547361e+00 -8.910385698902594243e+00 -9.326141798902593649e+00
1.012499999999999956e+00 3.405149298882829356e+00 -8.903736329688598516e+00 -9.335000015402883378e+00
1.014000000000000012e+00 3.820115304072126960e+00 -8.874960553070728508e+00 -9.267844210213585399e+00
1.015500000000000069e+00 3.919564142807210771e+00 -8.861275857192786987e+00 -9.233523357192787273e+00
1.016999999999999904e+00 3.952918526943079769e+00 -8.848026330199775913e+00 -9.237799330199775838e+00
1.018499999999999961e+00 3.245326025476392928e+00 -8.834517117380748630e+00 -9.244467188809320390e+00
1.020000000000000018e+00 3.416908207402620690e+00 -8.822716935454520737e+00 -9.248548906883090837e+00
1.021500000000000075e+00 4.564316356001784314e+00 -8.788394358283927232e+00 -9.188759672569641879e+00
1.022999999999999909e+00 3.133109040267013867e+00 -8.797361102590128823e+00 -9.234311645447270678e+00
1.024499999999999966e+00 4.317537829190284171e+00 -8.763732027952571002e+00 -9.177405256523998744e+00
1.026000000000000023e+00 3.597364434619567675e+00 -8.746824851094716635e+00 -9.179396508237573471e+00
1.027500000000000080e+00 3.925769996973118126e+00 -8.745001860169738350e+00 -9.210379445884024463e+00
1.028999999999999915e+00 2.813956228096627044e+00 -8.739093486189085880e+00 -9.230717400474800272e+00
1.030499999999999972e+00 3.121230268406099739e+00 -8.698441588736756103e+00 -9.173766631593899490e+00
1.032000000000000028e+00 4.554948972602133495e+00 -8.677947598826435183e+00 -9.099949198826436714e+00
1.033500000000000085e+00 4.349985195384215686e+00 -8.641336804615782796e+00 -9.035872461758639673e+00
1.034999999999999920e+00 2.691024220022175228e+00 -8.643335065692108188e+00 -9.120020265692108552e+00
1.036499999999999977e+00 4.227311901213312240e+00 -8.611566098786685330e+00 -9.028082727358112791e+00
1.038000000000000034e+00 3.071798807939570608e+00 -8.597765477774713005e+00 -9.053034034917571304e+00
1.039500000000000091e+00 6.090353794896092410e+00 -8.546384633675334186e+00 -8.993309190818191468e+00
1.040999999999999925e+00 5.527799002491255109e+00 -8.550303568937316356e+00 -9.016626654651600958e+00
1.042499999999999982e+00 3.754711713989520305e+00 -8.530852428867621740e+00 -9.075759414581906270e+00
1.044000000000000039e+00 3.546774498368582940e+00 -8.501462073059986579e+00 -9.004172944488557206e+00
1.045500000000000096e+00 4.341648781747970531e+00 -8.461559932537744189e+00 -8.951326403966314516e+00
1.046999999999999931e+00 4.189861990246162904e+00 -8.444984438325265685e+00 -8.941233381182408735e+00
1.048499999999999988e+00 3.451696264266345793e+00 -8.449447878590795824e+00 -9.007106192876509709e+00
1.050000000000000044e+00 3.011937887067835717e+00 -8.400076827217876740e+00 -8.954489527217877054e+00
1.051500000000000101e+00 2.870702284766080581e+00 -8.389895143805345512e+00 -8.891750572376775352e+00
1.052999999999999936e+00 2.038459883475542966e+00 -8.405769402238741250e+00 -8.954155873667312804e+00
1.054499999999999993e+00 5.202578966452547249e+00 -8.306973462118881102e+00 -8.797614319261738203e+00
1.056000000000000050e+00 3.736903816952446888e+00 -8.311126183047552018e+00 -8.799823468761838186e+00
1.057500000000000107e+00 2.807477861086761450e+00 -8.284678567484665024e+00 -8.865821567484665877e+00
1.058999999999999941e+00 2.157393239251771178e+00 -8.290281046462514070e+00 -8.968729003605369954e+00
1.060499999999999998e+00 1.436797377557088140e+00 -8.288882479585769403e+00 -9.006500693871482000e+00
1.062000000000000055e+00 1.644537844968523288e+00 -8.227206155031476342e+00 -8.884760055031476256e+00
1.063499999999999890e+00 3.774233924736664747e+00 -8.158212646691906045e+00 -8.624982646691906396e+00
1.064999999999999947e+00 3.801267614396886430e+00 -8.156622671317396822e+00 -8.799524385603112009e+00
1.066500000000000004e+00 6.383649625769370672e+00 -8.073300374230626630e+00 -8.709990517087769391e+00
1.068000000000000060e+00 3.829564813530524248e+00 -8.104894900755189369e+00 -8.796418615040902722e+00
1.069499999999999895e+00 3.749364318070139035e+00 -8.003718539072718130e+00 -8.640562539072718096e+00
1.070999999999999952e+00 1.665690708348540383e+00 -8.054349434508601746e+00 -8.781270863080031575e+00
1.072500000000000009e+00 2.229380267610897803e+00 -8.004279018103387600e+00 -8.718143018103386765e+00
1.074000000000000066e+00 1.887487279101488724e+00 -7.954473149469938775e+00 -8.769464863755652928e+00
1.075499999999999901e+00 2.729786597492315892e+00 -7.905700116793397569e+00 -8.693002545364825195e+00
1.076999899999999899e+00 1.222271451726701486e+00 -7.866329262559011326e+00 -8.705382833987583169e+00
1.078500000000000014e+00 2.347556716515487807e+00 -7.816813854913083226e+00 -8.638929569198797509e+00
1.080000000000000071e+00 3.086826655058992230e+00 -7.782306487798148709e+00 -8.580622773512434520e+00
1.081499999999999906e+00 5.557279747753632648e+00 -7.584229537960654355e+00 -8.200723252246367778e+00
1.083000100000000021e+00 3.492187903798017246e+00 -7.627553096201981297e+00 -8.322535667630553746e+00
1.084500000000000020e+00 5.460545671409528623e+00 -7.540297328590469306e+00 -8.323628471447612753e+00
1.086000000000000076e+00 3.038523068846785691e+00 -7.518804788296069574e+00 -8.368105931153213106e+00
1.087499999999999911e+00 4.685562181958628614e+00 -7.381925103755658135e+00 -8.027992246612800642e+00
1.088999899999999910e+00 2.935508524935597663e+00 -7.340264475064401495e+00 -8.316212475064400422e+00
1.090500000000000025e+00 4.879644024350540121e-01 -7.368038311850659383e+00 -8.430173311850658990e+00
1.092000000000000082e+00 5.016877647697905118e+00 -7.148953066587809602e+00 -7.824793638016380726e+00
1.093499999999999917e+00 2.998473598717598776e+00 -7.083584544139542416e+00 -7.956972972710971703e+00
1.095000100000000032e+00 2.142954593713136902e+00 -7.055470406286862506e+00 -8.169724834858291374e+00
1.096500000000000030e+00 3.746012465244261236e+00 -6.842552391898594877e+00 -7.901148677612880533e+00
1.098000000000000087e+00 6.583232518643457709e+00 -6.653637481356540206e+00 -7.436112481356540016e+00
1.099499999999999922e+00 7.713769410726834863e+00 -6.585671017844594743e+00 -7.372761160701736927e+00
1.100999899999999920e+00 5.015671369514690170e+00 -6.436178916199592592e+00 -7.350468059056735726e+00
1.102500000000000036e+00 5.151484272436873013e+00 -6.379441298991698872e+00 -7.241912298991698194e+00
1.104000000000000092e+00 3.717718085214336554e-01 -6.456251477192852306e+00 -7.691936048621423438e+00
1.105499999999999927e+00 2.954636459063125997e+00 -6.356649969508302078e+00 -7.654496683794016931e+00
1.107000100000000042e+00 5.478264991291291963e+00 -6.272483151565849013e+00 -7.371913008708705917e+00
1.108500000000000041e+00 8.758089664997511292e+00 -5.919781049288200592e+00 -6.885903763573915093e+00
1.110000000000000098e+00 6.937313786842622676e+00 -5.993874927443091138e+00 -6.916849356014520112e+00
1.111499999999999932e+00 5.267317298906842638e+00 -6.054019129664585108e+00 -7.211069129664585020e+00
1.112999899999999931e+00 1.209487714479976717e+00 -6.033386285520021985e+00 -7.669028999805735936e+00
1.114500000000000046e+00 3.449644837330723135e-01 -5.965447087695497252e+00 -7.516371373409782564e+00
1.116000000000000103e+00 6.932595800851419909e-01 -5.808374277057713364e+00 -7.316826848486284618e+00
1.117499999999999938e+00 3.257105770979309867e+00 -5.674688086163545364e+00 -6.982997086163545752e+00
1.119000100000000053e+00 5.772189966930925564e+00 -5.515496318783359442e+00 -6.727505033069073548e+00
1.120500000000000052e+00 1.120394569281504715e+00 -5.461371573575638294e+00 -7.100223145004209258e+00
1.122000000000000108e+00 2.184136885988932519e+00 -5.278662828296781129e+00 -6.583420256868208753e+00
1.123499999999999943e+00 -6.870518555912745740e-01 -5.373160141305559634e+00 -7.062287284162702683e+00
1.124999899999999942e+00 2.191394857397057194e+00 -5.128373285460085640e+00 -6.941887856888657282e+00
1.126500000000000057e+00 5.855209762120582084e+00 -4.815956952165131533e+00 -6.307852095022274064e+00
1.127999999999999892e+00 4.741617830707395953e+00 -4.635103169292602132e+00 -5.777364026435459543e+00
1.129499999999999948e+00 8.509840973881791726e+00 -4.406415168975350127e+00 -5.574061168975349645e+00
1.131000100000000064e+00 3.886832388292164708e+00 -4.534220040279262953e+00 -6.611899897422119921e+00
1.132500000000000062e+00 4.267535331148149425e+00 -4.160547240280422443e+00 -6.471335954566136195e+00
1.133999999999999897e+00 9.047713973876074789e-01 -3.994206459755249128e+00 -6.178721745469534454e+00
1.135499999999999954e+00 -2.070916043204618973e+00 -4.009436757490331793e+00 -6.614203328918903502e+00
1.136999899999999952e+00 -2.597356192480487103e+00 -3.624640192480487855e+00 -6.724883192480486827e+00
1.138500000000000068e+00 7.639536259405140584e+00 -2.800936169166287293e+00 -5.122124454880572664e+00
1.139999999999999902e+00 1.893301628332194397e+01 -1.678149430963769007e+00 -3.526628716678056108e+00
1.141499999999999959e+00 1.332130790408132981e+00 -2.258002209591866816e+00 -4.994132495306152997e+00
1.143000100000000074e+00 5.512032977720762617e+00 -1.233449593707808489e+00 -3.490443593707807324e+00
1.144500000000000073e+00 1.242793244084383630e+00 -8.632056130584739861e-01 -4.591402327344188627e+00
1.145999999999999908e+00 3.799470328528276042e+00 -5.583024290029392489e-02 -3.679563100043152346e+00
1.147499999999999964e+00 6.636700743277808456e+00 1.663765886134951799e+00 -2.960610685293619149e+00
1.148999899999999963e+00 -1.025449042821589707e+01 3.585436857498386587e+00 -8.020439142501611940e+00
