0.000000000000000000e+00 -1.054686449020018379e+01 4.386429408122837970e+01 -1.054686449020018379e+01
1.500000000000000031e-03 -1.054725501359872553e+01 1.328021927211555564e+01 -1.054725501359872553e+01
3.000000000000000062e-03 -1.054764340729192185e+01 6.117459449850933595e+00 -1.054764340729192185e+01
4.499999999999999660e-03 -1.054802967133221792e+01 3.060635042953494533e+00 -1.054802967133221792e+01
6.000000000000000125e-03 -1.054841380577724230e+01 1.096719908508470454e+00 -1.054841380577724230e+01
7.499999999999999722e-03 -1.054879581068981231e+01 6.334903595901053563e-03 -1.054879581068981231e+01
8.999999999999999320e-03 -1.054917568613793044e+01 -9.057981147093592256e-01 -1.054917568613793044e+01
1.050000000000000065e-02 -1.054955343219477548e+01 -1.746663146480491591e+00 -1.054955343219477548e+01
1.200000000000000025e-02 -1.054992904893872208e+01 -2.270090191795866019e+00 -1.054992904893872208e+01
1.349999999999999985e-02 -1.055030253645332294e+01 -2.776061393596180871e+00 -1.055030253645332294e+01
1.499999999999999944e-02 -1.055067389482731954e+01 -3.167751466255891657e+00 -1.055067389482731954e+01
1.650000000000000078e-02 -1.055104312415462608e+01 -3.457065124154627078e+00 -1.055104312415462608e+01
1.799999999999999864e-02 -1.055141022453435440e+01 -3.810966938820069316e+00 -1.055141022453435440e+01
1.949999999999999997e-02 -1.055177519607078729e+01 -4.046284767499359170e+00 -1.055177519607078729e+01
2.100000000000000130e-02 -1.055213803887339807e+01 -4.317600324587684391e+00 -1.050920221744482674e+01
2.249999999999999917e-02 -9.227558467342550585e+00 -4.503061467342551083e+00 -9.518152610199694053e+00
2.400000000000000050e-02 -5.615644481598083715e+00 -4.431525910169511917e+00 -7.302989624455227258e+00
2.549999999999999836e-02 -5.259508796050718971e+00 -4.658554796050719204e+00 -7.445973510336433066e+00
2.699999999999999969e-02 1.676427901774076901e+01 -4.345712696544943299e+00 -4.439427982259227967e+00
2.850000000000000103e-02 9.043953967392671700e+01 -2.680224611787559219e+00 -9.062777546447016164e-01
2.999999999999999889e-02 2.134951010295094136e+02 -1.035230970490550462e+00 3.807452674379516111e+01
3.150000000000000022e-02 2.232422524512914151e+03 1.919486737005749077e+01 8.555132594148605563e+01
3.300000000000000155e-02 5.667895464409705710e+03 3.889005440970565530e+01 8.656741869541993140e+01
3.450000000000000289e-02 5.831555835005440713e+03 3.768872929115499204e+01 6.260845071972641307e+01
3.599999999999999728e-02 5.538169350585671964e+03 3.702245201424422305e+01 5.314161915710137407e+01
3.749999999999999861e-02 5.176075439721664225e+03 3.588464829309264559e+01 5.171425829309264088e+01
3.899999999999999994e-02 4.940956102413242661e+03 3.484906955610003365e+01 5.053698384181431180e+01
4.050000000000000128e-02 4.566418910088803386e+03 3.297085723166104287e+01 4.758887008880390823e+01
4.200000000000000261e-02 4.332620148462450743e+03 3.172750131959369213e+01 4.416351417673654822e+01
4.349999999999999700e-02 4.067111531819710308e+03 3.005281039113940267e+01 3.981490324828226335e+01
4.499999999999999833e-02 3.784760203017534423e+03 2.786397587467730119e+01 3.990905587467730697e+01
4.649999999999999967e-02 3.550278304912867043e+03 2.559208919858131281e+01 3.453254491286703143e+01
4.800000000000000100e-02 3.295092408934076502e+03 2.304081321979163732e+01 3.273224464836306424e+01
4.950000000000000233e-02 3.207928372223814677e+03 2.177896079524328599e+01 3.016831365238614637e+01
5.099999999999999672e-02 2.983643623353294061e+03 1.982602335329469767e+01 2.959241335329469891e+01
5.249999999999999806e-02 2.796083733750870579e+03 1.841000517944197412e+01 2.640727089372769143e+01
5.399999999999999939e-02 2.634151703416318924e+03 1.695797627346178160e+01 2.529071484489035626e+01
5.550000000000000072e-02 2.498809960920839330e+03 1.604082806369702752e+01 2.332760949226845781e+01
5.700000000000000205e-02 2.305312649121342474e+03 1.468181197848547903e+01 2.074095483562832953e+01
5.850000000000000339e-02 2.130535196589016778e+03 1.317070944615970340e+01 2.179667944615970043e+01
5.999999999999999778e-02 1.999466889037904139e+03 1.194086903790427989e+01 2.012088332361856402e+01
6.149999999999999911e-02 1.876609012182041397e+03 1.095838218204146131e+01 1.895025932489859954e+01
6.300000000000000044e-02 1.746896851735459677e+03 1.000768602117404704e+01 1.675728316403119322e+01
6.450000000000000178e-02 1.559566836269328178e+03 8.470787697899693214e+00 1.433004769789969224e+01
6.600000000000000311e-02 1.457521394354810809e+03 7.577640069096599262e+00 1.337053721195374223e+01
6.750000000000000444e-02 1.392786254563066450e+03 6.932903134494937447e+00 1.148241599163779192e+01
6.900000000000000577e-02 1.264034588322391073e+03 5.760368322391162366e+00 1.113595975096259139e+01
7.049999999999999323e-02 1.189092609918219296e+03 5.174899918219431072e+00 9.700914203933717062e+00
7.199999999999999456e-02 1.081070547921694242e+03 4.199005064551588617e+00 8.092467921694447952e+00
7.349999999999999589e-02 9.803171166182398792e+02 3.335942903954329353e+00 7.570595189668612335e+00
7.499999999999999722e-02 9.014853588647033575e+02 2.662760864703482611e+00 7.449988864703485092e+00
7.649999999999999856e-02 8.487452603750696198e+02 2.108417803641147614e+00 5.248927517926862407e+00
7.799999999999999989e-02 7.949183497204613786e+02 1.563850434747131146e+00 4.524359720461415435e+00
7.950000000000000122e-02 7.249407411862817980e+02 9.335356148532270026e-01 3.993662614853228376e+00
8.100000000000000255e-02 6.689112919150717289e+02 3.439539150718040617e-01 4.194756200786088129e+00
8.250000000000000389e-02 6.299145019065100541e+02 -7.618180777564553807e-02 2.609601906510068403e+00
8.400000000000000522e-02 5.838169568745557854e+02 -5.196605540156262748e-01 1.615385731698660621e+00
8.550000000000000655e-02 5.252319853903059084e+02 -1.104610609694073986e+00 1.034188818877353810e+00
8.699999999999999400e-02 4.768661303105665183e+02 -1.652173546576355179e+00 1.850555962807867161e-01
8.849999999999999534e-02 4.401307916349955462e+02 -2.115121793575847065e+00 -1.889646507187041635e-01
8.999999999999999667e-02 4.220934550775317575e+02 -2.288229065325339207e+00 -5.005567796110526047e-01
9.149999999999999800e-02 3.917541063521085789e+02 -2.693769505034199874e+00 -9.806492193199147778e-01
9.299999999999999933e-02 3.655466454583686868e+02 -3.005579541631224316e+00 -1.914007255916938988e+00
9.450000000000000067e-02 3.331842438245210474e+02 -3.380337032621769211e+00 -1.923854318336056579e+00
9.600000000000000200e-02 3.122883300216265070e+02 -3.666808406944902288e+00 -2.390406264087760135e+00
9.750000000000000333e-02 2.923522897635979803e+02 -3.933825950687681150e+00 -2.716827093544824656e+00
9.900000000000000466e-02 2.678189373357719774e+02 -4.244874664228016847e+00 -3.097192949942303208e+00
1.005000000000000060e-01 2.578131298806223981e+02 -4.366532262234663619e+00 -3.415424976520377243e+00
1.019999999999999934e-01 2.363499531120470465e+02 -4.712941602238648109e+00 -3.822313602238648578e+00
1.034999999999999948e-01 2.312188927439381416e+02 -4.787349113204701467e+00 -3.753287684633273003e+00
1.049999999999999961e-01 2.202158059187544552e+02 -4.953767366959825225e+00 -3.824290366959825604e+00
1.064999999999999974e-01 2.066139926360924051e+02 -5.122458935336140939e+00 -4.317619935336141523e+00
1.079999999999999988e-01 1.979687243241147598e+02 -5.295389961599475726e+00 -4.637068675885188895e+00
1.095000000000000001e-01 1.903479009824077650e+02 -5.425139017592202961e+00 -4.753493874735060132e+00
1.110000000000000014e-01 1.810032083248381696e+02 -5.560325389447537070e+00 -4.666441389447537169e+00
1.125000000000000028e-01 1.696096034938390460e+02 -5.738913791875229542e+00 -5.071479934732372463e+00
1.140000000000000041e-01 1.602646007746955377e+02 -5.839407796733024014e+00 -5.380007653875880536e+00
1.155000000000000054e-01 1.563798858812590709e+02 -5.837605404455195490e+00 -5.265589404455194966e+00
1.170000000000000068e-01 1.494327730988045460e+02 -5.899929186909712797e+00 -5.240852329766855888e+00
1.184999999999999942e-01 1.472692052840303347e+02 -5.891606430255368565e+00 -5.367103001683940278e+00
1.199999999999999956e-01 1.368330395793439038e+02 -6.079005849227500313e+00 -5.731531277798928237e+00
1.214999999999999969e-01 1.385830045557191568e+02 -6.016460587137974159e+00 -5.292695301423688825e+00
1.229999999999999982e-01 1.391737144984105043e+02 -5.979062215875208253e+00 -5.123083644446636775e+00
1.244999999999999996e-01 1.327613979783815523e+02 -6.118771450189854022e+00 -5.632372878761283452e+00
1.260000000000000009e-01 1.265259564237337457e+02 -6.211615719123393831e+00 -5.810165433409109070e+00
1.275000000000000022e-01 1.219426498339918510e+02 -6.280031594579549292e+00 -6.038781166008120316e+00
1.290000000000000036e-01 1.161714624943899850e+02 -6.341669077038573299e+00 -6.138246934181430525e+00
1.305000000000000049e-01 1.122680015472998747e+02 -6.405460881271530127e+00 -6.030805452700102265e+00
1.320000000000000062e-01 1.141157469922311094e+02 -6.396503293483155161e+00 -6.058726007768870048e+00
1.335000000000000075e-01 1.091537788286881323e+02 -6.477949457026134006e+00 -6.163461885597562251e+00
1.350000000000000089e-01 1.058700927704560399e+02 -6.536499658115388911e+00 -6.145348943829674226e+00
1.365000000000000102e-01 1.017327959598861895e+02 -6.570530325828080720e+00 -6.113227897256652277e+00
1.380000000000000115e-01 1.014762555393249670e+02 -6.561018460675023256e+00 -6.183008317817880517e+00
1.395000000000000129e-01 1.001337915082564365e+02 -6.638701920314981741e+00 -6.321358206029267457e+00
1.409999999999999865e-01 9.822237672330248870e+01 -6.731493419554656299e+00 -6.650032562411798409e+00
1.424999999999999878e-01 9.496811832679415488e+01 -6.817796101777267914e+00 -6.657794101777267493e+00
1.439999999999999891e-01 8.811711774677173992e+01 -6.990053824656826009e+00 -6.874066110371112259e+00
1.454999999999999905e-01 8.360181355412757398e+01 -7.067572303015281499e+00 -7.032256160158139480e+00
1.469999999999999918e-01 8.745935003403461394e+01 -7.016235251679660223e+00 -6.894281251679659661e+00
1.484999999999999931e-01 8.718613432880364655e+01 -7.052178099767774100e+00 -6.846393528339202561e+00
1.499999999999999944e-01 8.396375786645461403e+01 -7.105364419259654341e+00 -6.900332990688226253e+00
1.514999999999999958e-01 7.513278207500243866e+01 -7.260273496426123963e+00 -7.211686639283266587e+00
1.529999999999999971e-01 7.325154123959978847e+01 -7.290043188971629284e+00 -7.363507046114486698e+00
1.544999999999999984e-01 7.808546250253715471e+01 -7.246443354605698772e+00 -7.211833926034270092e+00
1.559999999999999998e-01 7.625739014895707157e+01 -7.309975993900060587e+00 -7.180151708185775306e+00
1.575000000000000011e-01 7.529884560685420070e+01 -7.329953678860077204e+00 -7.222583107431505667e+00
1.590000000000000024e-01 7.334448744707525236e+01 -7.359921410067601144e+00 -7.366747838639030377e+00
1.605000000000000038e-01 6.902225138331903054e+01 -7.447747330966683954e+00 -7.405230045252398696e+00
1.620000000000000051e-01 6.832459170070785603e+01 -7.462516727863575561e+00 -7.401274156435004414e+00
1.635000000000000064e-01 6.847921411293042127e+01 -7.475915887069577437e+00 -7.469428887069577527e+00
1.650000000000000078e-01 6.385146147652751125e+01 -7.546988237758188944e+00 -7.587985666329617018e+00
1.665000000000000091e-01 6.075145521946346605e+01 -7.607185209107951707e+00 -7.691687351965094344e+00
1.680000000000000104e-01 6.239316819826896676e+01 -7.596936087445314456e+00 -7.626057230302457413e+00
1.695000000000000118e-01 6.010666184089822650e+01 -7.666280730530342424e+00 -7.798271730530341728e+00
1.710000000000000131e-01 6.012117757530042184e+01 -7.655249281842420928e+00 -7.848212996128135721e+00
1.724999999999999867e-01 5.673416682941972766e+01 -7.696385884865981630e+00 -7.803284027723124794e+00
1.739999999999999880e-01 5.525229817405235622e+01 -7.727100683090488253e+00 -7.808248254519059017e+00
1.754999999999999893e-01 5.584557017998955786e+01 -7.747605248581867166e+00 -7.865192820010438624e+00
1.769999999999999907e-01 6.049368998944605380e+01 -7.710957581982508913e+00 -7.826962724839651386e+00
1.784999999999999920e-01 5.636748045891730641e+01 -7.765622541082682240e+00 -7.886500969654110627e+00
1.799999999999999933e-01 5.325885444489374265e+01 -7.801881555106257693e+00 -7.888766555106258238e+00
1.814999999999999947e-01 5.514891908957499567e+01 -7.801451910424992420e+00 -7.956002481853563957e+00
1.829999999999999960e-01 5.171573010658433134e+01 -7.856588893415656472e+00 -8.030356464844228270e+00
1.844999999999999973e-01 5.014229463811138743e+01 -7.863222504745754904e+00 -8.022120790460039785e+00
1.859999999999999987e-01 5.038602554062646277e+01 -7.836482459373525167e+00 -7.993430030802096908e+00
1.875000000000000000e-01 4.705006709916634122e+01 -7.859110329405075035e+00 -8.063992615119360607e+00
1.890000000000000013e-01 4.498583217019132974e+01 -7.885285544094381649e+00 -8.169662401237239635e+00
1.905000000000000027e-01 4.590144218158528844e+01 -7.862980104128997283e+00 -8.090953104128997708e+00
1.920000000000000040e-01 4.498868856122707882e+01 -7.850625438772910414e+00 -7.993341867344339491e+00
1.935000000000000053e-01 4.282494559413345314e+01 -7.869138548723685567e+00 -7.998075548723685202e+00
1.950000000000000067e-01 4.517013613674468075e+01 -7.859822006112459292e+00 -8.021620148969603292e+00
1.965000000000000080e-01 4.567985447406748989e+01 -7.850692954503932341e+00 -7.999316954503932209e+00
1.980000000000000093e-01 4.600136203396075985e+01 -7.845756823182091999e+00 -8.037510394610663411e+00
1.995000000000000107e-01 4.271059881570694472e+01 -7.913600327150199121e+00 -8.214082184293056699e+00
2.010000000000000120e-01 3.854637053286920434e+01 -7.942739467130788711e+00 -8.272633324273645172e+00
2.025000000000000133e-01 3.935257147043432724e+01 -7.929352815279957056e+00 -8.208933672422814354e+00
2.039999999999999869e-01 4.192704305624121730e+01 -7.900686515187350878e+00 -8.125412372330206523e+00
2.054999999999999882e-01 3.971733386098095764e+01 -7.935119996161890121e+00 -8.226147853304746960e+00
2.069999999999999896e-01 3.749989102676824615e+01 -7.949036687517466504e+00 -8.261483973231751321e+00
2.084999999999999909e-01 3.477362740999846835e+01 -8.002573590001519577e+00 -8.424418447144375932e+00
2.099999999999999922e-01 3.594547158134781739e+01 -7.970731132937887153e+00 -8.349220275795030233e+00
2.114999999999999936e-01 3.707204354005889968e+01 -8.004946459941097103e+00 -8.336094888512526779e+00
2.129999999999999949e-01 3.658315185679792592e+01 -8.049797143202068739e+00 -8.339998428916354456e+00
2.144999999999999962e-01 3.412690081651188478e+01 -8.099176183488108194e+00 -8.409474469202393720e+00
2.159999999999999976e-01 3.360299756128564752e+01 -8.109093438714346291e+00 -8.475170010142917931e+00
2.174999999999999989e-01 3.375671494748485202e+01 -8.137651338229437314e+00 -8.522484195372294735e+00
2.190000000000000002e-01 3.266892011718443456e+01 -8.153074882815563029e+00 -8.505642454244133788e+00
2.205000000000000016e-01 3.037747021245441914e+01 -8.182368073259858932e+00 -8.560919787545572035e+00
2.220000000000000029e-01 3.076912523250273779e+01 -8.214826767497259041e+00 -8.666368196068686913e+00
2.235000000000000042e-01 2.958898803367519648e+01 -8.210788537753366256e+00 -8.576044394896223722e+00
2.250000000000000056e-01 3.094645147231270244e+01 -8.208653527687289397e+00 -8.580426384830147413e+00
2.265000000000000069e-01 3.135557840475119917e+01 -8.235855738105936297e+00 -8.612552595248793352e+00
2.280000000000000082e-01 3.046008168732171129e+01 -8.253589741249715672e+00 -8.638745741249715948e+00
2.295000000000000095e-01 2.749237560492172605e+01 -8.280274252221124343e+00 -8.685948395078266770e+00
2.310000000000000109e-01 2.770899729958671287e+01 -8.298872843270434174e+00 -8.775528557556148357e+00
2.325000000000000122e-01 3.060381534191857611e+01 -8.277198515224275965e+00 -8.694167086652846876e+00
2.340000000000000135e-01 2.793204401680008075e+01 -8.317624554628489264e+00 -8.748062840342774038e+00
2.354999999999999871e-01 2.431070618053759347e+01 -8.354030248033833317e+00 -8.838361533748120280e+00
2.369999999999999885e-01 2.338744183228972773e+01 -8.362883881995983870e+00 -8.844625167710269409e+00
2.384999999999999898e-01 2.395676954263874592e+01 -8.370774457361246590e+00 -8.848746600218388991e+00
2.399999999999999911e-01 2.451232502501916599e+01 -8.381600117837972874e+00 -8.862592832123686648e+00
2.414999999999999925e-01 2.445688113571770828e+01 -8.389696435710856548e+00 -8.869120292853713394e+00
2.429999999999999938e-01 2.487038215958764908e+01 -8.391510411840918948e+00 -8.863602554698061908e+00
2.444999999999999951e-01 2.475768238147733769e+01 -8.397980761379798764e+00 -8.889925047094084931e+00
2.459999999999999964e-01 2.209983608623025120e+01 -8.433932199484027947e+00 -8.956494342341171588e+00
2.474999999999999978e-01 2.240269755868495594e+01 -8.430404155600752958e+00 -8.934342155600752733e+00
2.489999999999999991e-01 2.009045822653228086e+01 -8.455478344896285137e+00 -8.986454916324856157e+00
2.505000000000000004e-01 1.907059237460102707e+01 -8.473346196827542087e+00 -8.993642339684685183e+00
2.520000000000000018e-01 2.069607143057223908e+01 -8.459622283713471802e+00 -8.973096426570615236e+00
2.535000000000000031e-01 2.124794253640781960e+01 -8.466985320735036069e+00 -8.970483320735036514e+00
2.550000000000000044e-01 2.125178569120763683e+01 -8.477531308792366715e+00 -8.976532737363793757e+00
2.565000000000000058e-01 2.082778517978096744e+01 -8.489046248790458549e+00 -9.002486248790459555e+00
2.580000000000000071e-01 1.826442100121796130e+01 -8.517253427353468354e+00 -9.048822713067755430e+00
2.595000000000000084e-01 1.878245315460386422e+01 -8.514739416824706808e+00 -9.054237273967563837e+00
2.610000000000000098e-01 1.680574735330480252e+01 -8.535466503838051722e+00 -9.086551646695195217e+00
2.625000000000000111e-01 1.844951359639632926e+01 -8.547647975032244716e+00 -9.101445546460816161e+00
2.640000000000000124e-01 1.895090616866340127e+01 -8.548269974193738463e+00 -9.073565545622310324e+00
2.655000000000000138e-01 1.832528792631472925e+01 -8.548860216542411905e+00 -9.070471787970983968e+00
2.670000000000000151e-01 1.541807886841129971e+01 -8.584226274445839522e+00 -9.175194103017268787e+00
2.685000000000000164e-01 1.564557327972354628e+01 -8.584473720276450948e+00 -9.167660563133592788e+00
2.700000000000000178e-01 1.613268115930277702e+01 -8.594239697840077241e+00 -9.181866854982933646e+00
2.715000000000000191e-01 1.626063822048117657e+01 -8.602643350947394296e+00 -9.208473608090251616e+00
2.730000000000000204e-01 1.450589874801466195e+01 -8.621356394842477400e+00 -9.235140651985334515e+00
2.745000000000000218e-01 1.556178845522576637e+01 -8.616979544774233446e+00 -9.203347230488519770e+00
2.760000000000000231e-01 1.589912591257502683e+01 -8.609267373139253721e+00 -9.169188058853539047e+00
2.775000000000000244e-01 1.367992111908962549e+01 -8.639593738053230609e+00 -9.265702066624658784e+00
2.790000000000000258e-01 1.286764121664903548e+01 -8.650440640493821221e+00 -9.267077897636678330e+00
2.805000000000000271e-01 1.403993763284221430e+01 -8.643053224300643933e+00 -9.209520424300643882e+00
2.819999999999999729e-01 1.460987465239616867e+01 -8.640976633318116384e+00 -9.179986119032401248e+00
2.834999999999999742e-01 1.304506370289023742e+01 -8.664354297109758463e+00 -9.272647497109758774e+00
2.849999999999999756e-01 1.148011906904181956e+01 -8.685202502386749401e+00 -9.336600288101033485e+00
2.864999999999999769e-01 1.297645503556351088e+01 -8.685070393007917389e+00 -9.326968235865059853e+00
2.879999999999999782e-01 1.150919445859168277e+01 -8.697093112836888906e+00 -9.349923298551175321e+00
2.894999999999999796e-01 1.208184162282934082e+01 -8.698226091456373155e+00 -9.358016091456372365e+00
2.909999999999999809e-01 1.114249938440328869e+01 -8.713542758453852954e+00 -9.370971401310995930e+00
2.924999999999999822e-01 1.272256774229267151e+01 -8.705939114850183458e+00 -9.335311514850184622e+00
2.939999999999999836e-01 1.319724240975758178e+01 -8.709003733099557110e+00 -9.340570918813842383e+00
2.954999999999999849e-01 1.351918481433905228e+01 -8.705311042803803190e+00 -9.308615757089516052e+00
2.969999999999999862e-01 1.195960495500191278e+01 -8.725729044998086437e+00 -9.375023844998086275e+00
2.984999999999999876e-01 1.253130711642049810e+01 -8.725402740722358885e+00 -9.354955040722357396e+00
2.999999999999999889e-01 1.285181986897868889e+01 -8.723906559592737864e+00 -9.315455788164166862e+00
3.014999999999999902e-01 1.304530892591273528e+01 -8.722587216944406308e+00 -9.292732731230120891e+00
3.029999999999999916e-01 1.136440428616841913e+01 -8.742754142403008188e+00 -9.339654156688721898e+00
3.044999999999999929e-01 1.404602594868677734e+01 -8.730376194170363036e+00 -9.301773765598934318e+00
3.059999999999999942e-01 1.291723819811837615e+01 -8.750680944738761013e+00 -9.352641073310190123e+00
3.074999999999999956e-01 1.159158246196619224e+01 -8.757672966605232645e+00 -9.380705438033803745e+00
3.089999999999999969e-01 1.177636016772845906e+01 -8.767029546557251862e+00 -9.408051032271536940e+00
3.104999999999999982e-01 1.236578845718438480e+01 -8.757470971387041558e+00 -9.340529914244184440e+00
3.119999999999999996e-01 9.418481614965601878e+00 -8.786139670748681851e+00 -9.422993885034395944e+00
3.135000000000000009e-01 1.201469106855614122e+01 -8.779574217158142346e+00 -9.412281517158142208e+00
3.150000000000000022e-01 1.225774110257819061e+01 -8.782460897421806578e+00 -9.399149197421806434e+00
3.165000000000000036e-01 1.198266171593491691e+01 -8.787336998350793849e+00 -9.410191884065080004e+00
3.180000000000000049e-01 1.245893719323907689e+01 -8.782217521046637998e+00 -9.379854278189494465e+00
3.195000000000000062e-01 1.219775753338440616e+01 -8.789469466615591031e+00 -9.384816538044162826e+00
3.210000000000000075e-01 1.084624559240282160e+01 -8.805725121882892026e+00 -9.420960679025750295e+00
3.225000000000000089e-01 1.148251994060723291e+01 -8.807590345107051633e+00 -9.438217645107052078e+00
3.240000000000000102e-01 1.122965200544872033e+01 -8.813987994551277794e+00 -9.443709794551278236e+00
3.255000000000000115e-01 1.063295464294509785e+01 -8.824178071340613272e+00 -9.452877842769185079e+00
3.270000000000000129e-01 1.228795928053806463e+01 -8.814470005176218592e+00 -9.420741205176216937e+00
3.285000000000000142e-01 1.235181591709320870e+01 -8.823210368621074551e+00 -9.421278854335358943e+00
3.300000000000000155e-01 1.083338169432858500e+01 -8.836249877099987771e+00 -9.461495805671415127e+00
3.315000000000000169e-01 9.414076611100410830e+00 -8.847927103185300624e+00 -9.504818831756729480e+00
3.330000000000000182e-01 9.335949237688838664e+00 -8.848188762311158584e+00 -9.471381305168302234e+00
3.345000000000000195e-01 1.021511814436933108e+01 -8.845029855630668791e+00 -9.427483169916381911e+00
3.360000000000000209e-01 9.852307615698409293e+00 -8.851899241444446176e+00 -9.438133670015874443e+00
3.375000000000000222e-01 1.037615622194222809e+01 -8.858894635200629253e+00 -9.476265063772057573e+00
3.390000000000000235e-01 9.845726819076567438e+00 -8.867897038066288928e+00 -9.493424466637717885e+00
3.405000000000000249e-01 1.163448083450113835e+01 -8.860494308356001270e+00 -9.463974079784572169e+00
3.420000000000000262e-01 9.078956838468153379e+00 -8.880310304388984832e+00 -9.513954704388986272e+00
3.435000000000000275e-01 9.549614829796610138e+00 -8.874827884489103980e+00 -9.489448841631960008e+00
3.449999999999999734e-01 8.626161950158012459e+00 -8.892066192699129346e+00 -9.534488206984843117e+00
3.464999999999999747e-01 9.984078198362098533e+00 -8.882051944495040985e+00 -9.482330601637897871e+00
3.479999999999999760e-01 9.710110716071126191e+00 -8.895691569643160435e+00 -9.489159512500302540e+00
3.494999999999999774e-01 9.963048073514146452e+00 -8.888577926485851322e+00 -9.496884212200138009e+00
3.509999999999999787e-01 9.080253126629903804e+00 -8.901812587655811626e+00 -9.546052073370097091e+00
3.524999999999999800e-01 8.461767302781078470e+00 -8.915917125790347342e+00 -9.559886997218919547e+00
3.539999999999999813e-01 8.179044886468624043e+00 -8.914666684959943410e+00 -9.543240113531371804e+00
3.554999999999999827e-01 7.673075876474594992e+00 -8.918569123525401210e+00 -9.538186480668258582e+00
3.569999999999999840e-01 8.958395985862161126e+00 -8.915009014137837084e+00 -9.528811571280693116e+00
3.584999999999999853e-01 9.682600927689911430e+00 -8.915766072310088219e+00 -9.508973029452944203e+00
3.599999999999999867e-01 9.059432129297546155e+00 -8.923986442131022656e+00 -9.527396256416736264e+00
3.614999999999999880e-01 7.735839589448769260e+00 -8.930851267694086104e+00 -9.564411681979800406e+00
3.629999999999999893e-01 8.191176164045558039e+00 -8.935930550240154702e+00 -9.584412407383013033e+00
3.644999999999999907e-01 7.426547566128167688e+00 -8.948218862443260591e+00 -9.618694619586117156e+00
3.659999999999999920e-01 8.262828080160867117e+00 -8.935922062696274537e+00 -9.557774991267702802e+00
3.674999999999999933e-01 8.318076276317643902e+00 -8.946782580825214382e+00 -9.582856066539498840e+00
3.689999999999999947e-01 7.983802153339349061e+00 -8.949943846660646685e+00 -9.600476760946360599e+00
3.704999999999999960e-01 7.672992852819437104e+00 -8.953541147180562376e+00 -9.582310875751989698e+00
3.719999999999999973e-01 9.371086944918229023e+00 -8.949448626510342564e+00 -9.543673540796056898e+00
3.734999999999999987e-01 8.342521571220075316e+00 -8.958437428779925327e+00 -9.597829114494210501e+00
3.750000000000000000e-01 8.502988159019075454e+00 -8.962654412409492011e+00 -9.602413298123778418e+00
3.765000000000000013e-01 1.043153813560480714e+01 -8.952360578680904624e+00 -9.532656050109476809e+00
3.780000000000000027e-01 8.995692928262297272e+00 -8.967822786023416981e+00 -9.597367500309131216e+00
3.795000000000000040e-01 7.462746821414917520e+00 -8.975820321442226302e+00 -9.617816350013654869e+00
3.810000000000000053e-01 7.551732670910087819e+00 -8.978697757661338485e+00 -9.613526629089909292e+00
3.825000000000000067e-01 8.518519046876432910e+00 -8.971271238837848827e+00 -9.581410367409278095e+00
3.840000000000000080e-01 7.253261662295216183e+00 -8.987000194847640344e+00 -9.625956080561925532e+00
3.855000000000000093e-01 7.196011944428889251e+00 -8.989073198428252809e+00 -9.637875712713967147e+00
3.870000000000000107e-01 6.756308463392572961e+00 -8.994431393750282666e+00 -9.658411936607425474e+00
3.885000000000000120e-01 6.798439789296880420e+00 -8.999202496417403552e+00 -9.649420896417403526e+00
3.900000000000000133e-01 7.109790206533652679e+00 -9.000395222037775866e+00 -9.648209536323490099e+00
3.915000000000000147e-01 6.972539713775962156e+00 -9.001714000509752012e+00 -9.648278629081181279e+00
3.930000000000000160e-01 7.152328309692400410e+00 -9.005859833164738149e+00 -9.634377161736166428e+00
3.945000000000000173e-01 7.842660278661378825e+00 -9.006054721338619728e+00 -9.620788507052905558e+00
3.960000000000000187e-01 7.723695619342546337e+00 -9.011729952086025008e+00 -9.635176580657452305e+00
3.975000000000000200e-01 6.987068616105368335e+00 -9.015575241037486975e+00 -9.646725341037488022e+00
3.990000000000000213e-01 5.600100696172018999e+00 -9.031903018113697001e+00 -9.714561960970840460e+00
4.005000000000000226e-01 6.207313286760191673e+00 -9.026252284668379033e+00 -9.678768027525523010e+00
4.020000000000000240e-01 7.470023529368861048e+00 -9.016816470631136227e+00 -9.622401356345422485e+00
4.035000000000000253e-01 7.010975708349706181e+00 -9.030919005936006272e+00 -9.660925305936006069e+00
4.050000000000000266e-01 7.113135536621385313e+00 -9.031860891950040937e+00 -9.657840606235755132e+00
4.064999999999999725e-01 6.778743012812423530e+00 -9.035522415759004389e+00 -9.664871772901861391e+00
4.079999999999999738e-01 6.775860992689761275e+00 -9.036700721595950725e+00 -9.656268735881665677e+00
4.094999999999999751e-01 7.871378046301650500e+00 -9.035308239412634279e+00 -9.638182110841205130e+00
4.109999999999999765e-01 7.102078457977620829e+00 -9.045040542022377394e+00 -9.660907513450949224e+00
4.124999999999999778e-01 7.069962226328524224e+00 -9.044847630814331296e+00 -9.667141716528616868e+00
4.139999999999999791e-01 7.066457921389364571e+00 -9.049715935753487983e+00 -9.683383378610631809e+00
4.154999999999999805e-01 6.009291256047905705e+00 -9.059638886809235458e+00 -9.704348572523521455e+00
4.169999999999999818e-01 6.548275086044636595e+00 -9.056576199669647664e+00 -9.678678813955361449e+00
4.184999999999999831e-01 7.724370838544247775e+00 -9.055211304312896559e+00 -9.669674047170039088e+00
4.199999999999999845e-01 7.464055654992751698e+00 -9.062762916435817218e+00 -9.684825873578674305e+00
4.214999999999999858e-01 6.425478105403213291e+00 -9.066098608882500187e+00 -9.689499380311071164e+00
4.229999999999999871e-01 7.063658188355750767e+00 -9.064924525929960453e+00 -9.673432025929960432e+00
4.244999999999999885e-01 6.185821616711837834e+00 -9.072683526145302935e+00 -9.708928811859589558e+00
4.259999999999999898e-01 5.540689817614289581e+00 -9.077648468099994261e+00 -9.717581853814278858e+00
4.274999999999999911e-01 7.140901361058711316e+00 -9.074213067512713948e+00 -9.686616810369857333e+00
4.289999999999999925e-01 6.553519102750650305e+00 -9.076309897249350556e+00 -9.691363454392206478e+00
4.304999999999999938e-01 5.917307326962719216e+00 -9.082247958751564099e+00 -9.711052144465849523e+00
4.319999999999999951e-01 4.411143175106071013e+00 -9.089645967751067701e+00 -9.744806167751068671e+00
4.334999999999999964e-01 6.007663788587512599e+00 -9.086132068555343722e+00 -9.721943954269629984e+00
4.349999999999999978e-01 6.406913451666659043e+00 -9.089964548333339778e+00 -9.701819091190483135e+00
4.364999999999999991e-01 6.662530734313099501e+00 -9.086759694258327968e+00 -9.691686051401186219e+00
4.380000000000000004e-01 5.906339920777808672e+00 -9.096064222079329298e+00 -9.714298822079330265e+00
4.395000000000000018e-01 5.084169581021752649e+00 -9.098173847549675841e+00 -9.745622504692533994e+00
4.410000000000000031e-01 5.732369713573000070e+00 -9.083253857855570601e+00 -9.710432472141283355e+00
4.425000000000000044e-01 6.080491745526760639e+00 -9.077396968758950635e+00 -9.685817111616094266e+00
4.440000000000000058e-01 7.040669961116801545e+00 -9.067795467454624614e+00 -9.680498653168909229e+00
4.455000000000000071e-01 6.476994358858316758e+00 -9.067528498284538330e+00 -9.697871926855967217e+00
4.470000000000000084e-01 6.550673508690785241e+00 -9.065148062737783619e+00 -9.680958691309211162e+00
4.485000000000000098e-01 6.366413123406557517e+00 -9.062550305164871034e+00 -9.681267133736298547e+00
4.500000000000000111e-01 4.749041772936561046e+00 -9.069985227063437350e+00 -9.728328084206294690e+00
4.515000000000000124e-01 4.510812312921746781e+00 -9.067832687078253073e+00 -9.729925372792537885e+00
4.530000000000000138e-01 5.239901884713090041e+00 -9.063777115286907105e+00 -9.717443958144050598e+00
4.545000000000000151e-01 6.026380486800174907e+00 -9.060197798914110479e+00 -9.696927013199823975e+00
4.560000000000000164e-01 5.127773831954039352e+00 -9.060701739474529504e+00 -9.705256853760243274e+00
4.575000000000000178e-01 5.180786204370065207e+00 -9.060974509915647346e+00 -9.713208624201362440e+00
4.590000000000000191e-01 6.626886173953659309e+00 -9.052956968903480117e+00 -9.685609368903481453e+00
4.605000000000000204e-01 5.909962310606024616e+00 -9.055463546536831387e+00 -9.696794775108259046e+00
4.620000000000000218e-01 5.140456041366975981e+00 -9.059876530061593769e+00 -9.704639415775879741e+00
4.635000000000000231e-01 6.486760221843542951e+00 -9.050261349585024817e+00 -9.677789363870740402e+00
4.650000000000000244e-01 6.243533421924260196e+00 -9.048620863790024060e+00 -9.676097492361451557e+00
4.665000000000000258e-01 5.122075640064878144e+00 -9.071969074220834983e+00 -9.742839188506549064e+00
4.680000000000000271e-01 5.560181160431232783e+00 -9.083447839568766113e+00 -9.740445725283052525e+00
4.694999999999999729e-01 5.667144267184960782e+00 -9.088892018529325156e+00 -9.732022204243609309e+00
4.709999999999999742e-01 5.011414958769229600e+00 -9.093194184087913357e+00 -9.718583212659341442e+00
4.724999999999999756e-01 6.492326090765869750e+00 -9.091774337805556883e+00 -9.698766880662699208e+00
4.739999999999999769e-01 6.360391947323977391e+00 -9.100092481247447296e+00 -9.707855095533162171e+00
4.754999999999999782e-01 5.157995384017036500e+00 -9.106505473125819705e+00 -9.729060144554390277e+00
4.769999999999999796e-01 4.993814970700080735e+00 -9.115957172157060029e+00 -9.765415572157060353e+00
4.784999999999999809e-01 3.811400705795417565e+00 -9.125962294204581937e+00 -9.778652865633151947e+00
4.799999999999999822e-01 5.012552587721188502e+00 -9.118569555135952243e+00 -9.749617569421666019e+00
4.814999999999999836e-01 4.957317757748548104e+00 -9.127305670822877914e+00 -9.756993656537163773e+00
4.829999999999999849e-01 6.458839071430210410e+00 -9.119157499998358674e+00 -9.700215385712644078e+00
4.844999999999999862e-01 6.836503670029044244e+00 -9.121535187113812171e+00 -9.706317972828097496e+00
4.859999999999999876e-01 5.585980123375207995e+00 -9.135209305196216434e+00 -9.752846805196217161e+00
4.874999999999999889e-01 5.111379858437615553e+00 -9.136286984419525581e+00 -9.750265812990955183e+00
4.889999999999999902e-01 6.300127159323901438e+00 -9.132965840676099845e+00 -9.732586912104670418e+00
4.904999999999999916e-01 5.245832024423300766e+00 -9.146157489862412504e+00 -9.774990332719555752e+00
4.919999999999999929e-01 5.783524452120962778e+00 -9.140600876450463375e+00 -9.731372862164750615e+00
4.934999999999999942e-01 6.009311583655062350e+00 -9.145356159202080448e+00 -9.731444930630651413e+00
4.949999999999999956e-01 6.262913417402554472e+00 -9.141515054026015719e+00 -9.718493282597444605e+00
4.964999999999999969e-01 4.950941380307719797e+00 -9.152435776835137204e+00 -9.767497891120852316e+00
4.979999999999999982e-01 5.282725470739340068e+00 -9.152262172117799466e+00 -9.750426714974942399e+00
4.994999999999999996e-01 5.437319972776414545e+00 -9.155676984366440507e+00 -9.761965841509297803e+00
5.010000000000000009e-01 5.068730599065290221e+00 -9.160111643791850611e+00 -9.766292300934708237e+00
5.024999999999999467e-01 5.547657347962543284e+00 -9.164331509180311031e+00 -9.780741380608882096e+00
5.040000000000000036e-01 5.787917360677843348e+00 -9.161544967893583191e+00 -9.759040010750725358e+00
5.054999999999999494e-01 4.754643492702518515e+00 -9.168226521583195066e+00 -9.782054235868908876e+00
5.070000000000000062e-01 4.082328599523860291e+00 -9.174245771904711688e+00 -9.806682143333283364e+00
5.084999999999999520e-01 6.300794108053688447e+00 -9.166471406232023611e+00 -9.750412034803453309e+00
5.100000000000000089e-01 5.171900016628368846e+00 -9.174554611943058546e+00 -9.782315240514487087e+00
5.114999999999999547e-01 5.777937752151673934e+00 -9.158369619276895079e+00 -9.750751462134038761e+00
5.130000000000000115e-01 6.239331598666215228e+00 -9.151453229905214926e+00 -9.731483187048072026e+00
5.144999999999999574e-01 5.168975840210586981e+00 -9.151375602646556473e+00 -9.759683445503698707e+00
5.160000000000000142e-01 4.358904760819385160e+00 -9.154002167752040009e+00 -9.793227539180611174e+00
5.174999999999999600e-01 4.022625501666075465e+00 -9.155160798333923822e+00 -9.797906398333925182e+00
5.190000000000000169e-01 4.793529489634396512e+00 -9.146304796079890664e+00 -9.767749910365603583e+00
5.204999999999999627e-01 5.573681008746971699e+00 -9.142082505538741799e+00 -9.755212634110170811e+00
5.220000000000000195e-01 4.301105771593872973e+00 -9.150203414120412049e+00 -9.795613728406125986e+00
5.234999999999999654e-01 5.847246633618345513e+00 -9.136147180667366641e+00 -9.747206466381651779e+00
5.250000000000000222e-01 4.886427878831094418e+00 -9.144832378311759769e+00 -9.770628578311761459e+00
5.264999999999999680e-01 4.277153791238864855e+00 -9.142326965903990299e+00 -9.772406823046848601e+00
5.280000000000000249e-01 5.166958654844448162e+00 -9.137335373726978460e+00 -9.757753059441263588e+00
5.294999999999999707e-01 5.644565325075268092e+00 -9.136856617781871748e+00 -9.757215989210443752e+00
5.310000000000000275e-01 4.616006657354803977e+00 -9.138671556930908935e+00 -9.762879099788051462e+00
5.324999999999999734e-01 4.381755507102603531e+00 -9.139441864325965170e+00 -9.773580235754536716e+00
5.340000000000000302e-01 5.057081872591432159e+00 -9.138972284551424963e+00 -9.767420084551424964e+00
5.354999999999999760e-01 5.820011466375841991e+00 -9.134293405052726911e+00 -9.753338676481298819e+00
5.370000000000000329e-01 5.031728572435055113e+00 -9.145641513279228363e+00 -9.769616770422086205e+00
5.384999700000000500e-01 6.079236039548387538e+00 -9.149390417594469582e+00 -9.744937831880182699e+00
5.400000000000000355e-01 5.726223885846664530e+00 -9.158399314153335524e+00 -9.751550742724763410e+00
5.415000300000000211e-01 5.244860667834263523e+00 -9.169512046451448128e+00 -9.776909332165732991e+00
5.430000000000000382e-01 4.882553513153407465e+00 -9.172730729703733488e+00 -9.779351301132304997e+00
5.444999700000000553e-01 4.910305290513406362e+00 -9.178661895200876941e+00 -9.778563409486590530e+00
5.460000000000000409e-01 6.010806011763117240e+00 -9.171850488236881205e+00 -9.750601331094022939e+00
5.475000300000000264e-01 4.932598518818862132e+00 -9.183053366895421732e+00 -9.788543481181136485e+00
5.490000000000000435e-01 5.522054224735942540e+00 -9.187318460978342927e+00 -9.781474203835486492e+00
5.504999699999999496e-01 5.666851712780211159e+00 -9.189477358648359129e+00 -9.785580830076931136e+00
5.520000000000000462e-01 4.185705280784551618e+00 -9.197711462072591715e+00 -9.811237347786876839e+00
5.535000300000000317e-01 4.389942056078437460e+00 -9.200194001064419425e+00 -9.817908958207276271e+00
5.550000000000000488e-01 4.894369165702940450e+00 -9.197742162868488336e+00 -9.793000620011346413e+00
5.564999699999999550e-01 4.637553764622289521e+00 -9.206214863949137239e+00 -9.815899135377708973e+00
5.580000000000000515e-01 4.812024436652349024e+00 -9.205814649061935029e+00 -9.797750349061935538e+00
5.595000300000000371e-01 6.841559737394153018e+00 -9.195563248320134164e+00 -9.746104276891561113e+00
5.610000000000000542e-01 6.239702507875769300e+00 -9.200583877838512947e+00 -9.758714049267084079e+00
5.624999699999999603e-01 5.817897046187374244e+00 -9.203860368098338185e+00 -9.782904096669765792e+00
5.639999999999999458e-01 4.482644793555317975e+00 -9.212107649301822576e+00 -9.795233063587536648e+00
5.655000300000000424e-01 5.028205733853459591e+00 -9.213560551860824788e+00 -9.790122709003682644e+00
5.669999999999999485e-01 6.331784136383850736e+00 -9.209483406473289335e+00 -9.769492806473287771e+00
5.684999699999999656e-01 5.985944299504401656e+00 -9.214633714781310658e+00 -9.778844886209881793e+00
5.699999999999999512e-01 5.387411950422364981e+00 -9.219034206720492008e+00 -9.799205692434776793e+00
5.715000300000000477e-01 4.733537072714227634e+00 -9.223542113000055664e+00 -9.802622627285769497e+00
5.729999999999999538e-01 5.095208221100184787e+00 -9.223510878899816134e+00 -9.798203621756957915e+00
5.744999699999999709e-01 5.838521122776237249e+00 -9.219681062938047234e+00 -9.767680305795190421e+00
5.759999999999999565e-01 5.599372933786638029e+00 -9.227233480499073437e+00 -9.784842566213360016e+00
5.775000300000000530e-01 4.255286494554642474e+00 -9.232352605445356630e+00 -9.809830791159642516e+00
5.789999999999999591e-01 3.899640359505559317e+00 -9.233107783351584885e+00 -9.821557740494441191e+00
5.804999699999999763e-01 4.350003113243889885e+00 -9.236551172470393922e+00 -9.818840743898965329e+00
5.819999999999999618e-01 5.384081912078361398e+00 -9.234217859350209778e+00 -9.795975145064495848e+00
5.835000299999999473e-01 5.169002453280292286e+00 -9.235763832433992349e+00 -9.792834718148277773e+00
5.849999999999999645e-01 4.706276148124258540e+00 -9.241134880447170019e+00 -9.828416366161455642e+00
5.864999699999999816e-01 4.161814438622185364e+00 -9.243308075663527745e+00 -9.830323447092098377e+00
5.879999999999999671e-01 4.299200195631932786e+00 -9.244984218653780061e+00 -9.814214990082351875e+00
5.895000299999999527e-01 5.139621973274163480e+00 -9.242485612440120235e+00 -9.798024769582976745e+00
5.909999999999999698e-01 5.471812611102606638e+00 -9.245403274611678768e+00 -9.801771160325964516e+00
5.924999699999999869e-01 5.708654979964110865e+00 -9.246409334321603168e+00 -9.787371234321602387e+00
5.939999999999999725e-01 4.653914808121703217e+00 -9.251314406164008020e+00 -9.810236191878292544e+00
5.955000299999999580e-01 4.977984935118161758e+00 -9.252925293453266420e+00 -9.813331536310409220e+00
5.969999999999999751e-01 5.547475343073362097e+00 -9.254126842640921780e+00 -9.808117899783779237e+00
5.984999699999999923e-01 5.700530331668007378e+00 -9.252481654046274429e+00 -9.800897225474846763e+00
5.999999999999999778e-01 4.814624200854936475e+00 -9.261013327716490551e+00 -9.824687870573633575e+00
6.015000299999999633e-01 4.571305504171743195e+00 -9.260660281542541838e+00 -9.824359552971113629e+00
6.029999999999999805e-01 4.849599937734387467e+00 -9.260512662265611539e+00 -9.818340362265612242e+00
6.044999699999999976e-01 4.608654658627745704e+00 -9.265044169943681851e+00 -9.826993927086538960e+00
6.059999999999999831e-01 5.802858252779074633e+00 -9.258809404363782747e+00 -9.801120947220924862e+00
6.075000299999999687e-01 4.412422130579262358e+00 -9.270301655135019914e+00 -9.826545869420733936e+00
6.089999999999999858e-01 4.974417702141691322e+00 -9.265867040715448866e+00 -9.817150797858305467e+00
6.104999700000000029e-01 5.446687839097158701e+00 -9.264472618045695995e+00 -9.808277960902838544e+00
6.119999999999999885e-01 4.343439699060528625e+00 -9.275326300939472191e+00 -9.850155115225186719e+00
6.135000299999999740e-01 4.882398977848751542e+00 -9.269253922151248659e+00 -9.825686593579819217e+00
6.149999999999999911e-01 4.675569942431089032e+00 -9.273639057568908939e+00 -9.822598071854622859e+00
6.164999700000000082e-01 4.696099750411754314e+00 -9.276788006731102598e+00 -9.832497292445387060e+00
6.179999999999999938e-01 5.764832702520649832e+00 -9.272482311765061880e+00 -9.811492568907919321e+00
6.195000299999999793e-01 5.685513065716435221e+00 -9.275168205712136071e+00 -9.822409891426421069e+00
6.209999999999999964e-01 5.257042249539900070e+00 -9.277197979031527098e+00 -9.829040650460097339e+00
6.224999700000000136e-01 6.260504554710392355e+00 -9.272035888146746174e+00 -9.798043931003888929e+00
6.239999999999999991e-01 5.922974282214605424e+00 -9.278635646356820033e+00 -9.819745546356820398e+00
6.255000299999999847e-01 5.792825698725675210e+00 -9.277190729845752770e+00 -9.810391815560038253e+00
6.270000000000000018e-01 4.889974499214432058e+00 -9.280717372214137839e+00 -9.822464829356995608e+00
6.284999700000000189e-01 5.800970698942808923e+00 -9.279274501057187763e+00 -9.815021543914332014e+00
6.300000000000000044e-01 5.207007170581722022e+00 -9.284907657989704077e+00 -9.824758672275418547e+00
6.315000299999999900e-01 5.675526751948723359e+00 -9.283480662336989653e+00 -9.814462505194132547e+00
6.330000000000000071e-01 5.249029423446058829e+00 -9.286618076553939005e+00 -9.831660690839653327e+00
6.344999700000000242e-01 5.163632343448547601e+00 -9.287998085122879388e+00 -9.832384956551450728e+00
6.360000000000000098e-01 5.534195527738752673e+00 -9.286187643689819637e+00 -9.820317957975532863e+00
6.375000299999999953e-01 5.599563242422867404e+00 -9.290780071862847933e+00 -9.839773086148561276e+00
6.390000000000000124e-01 5.828599753335950595e+00 -9.291511375235476322e+00 -9.827451960949760590e+00
6.404999700000000296e-01 5.803830790535986495e+00 -9.290825666606870925e+00 -9.824867352321156488e+00
6.420000000000000151e-01 4.919573512916034730e+00 -9.293745487083965529e+00 -9.833502229941109007e+00
6.435000300000000006e-01 5.937473614872329719e+00 -9.290807299413383902e+00 -9.816338727984811996e+00
6.450000000000000178e-01 4.720321076245543424e+00 -9.298500223754455618e+00 -9.845293566611598379e+00
6.464999700000000349e-01 5.391474484489968688e+00 -9.299529758367173216e+00 -9.842132072652887587e+00
6.480000000000000204e-01 5.811023855893726164e+00 -9.297569786963414629e+00 -9.824383201249128561e+00
6.495000300000000060e-01 6.336523456001620147e+00 -9.294320843998379544e+00 -9.812663401141238140e+00
6.510000000000000231e-01 6.583690407232772657e+00 -9.296930692767224613e+00 -9.821321992767224174e+00
6.524999700000000402e-01 5.058661868722339250e+00 -9.303992602706228965e+00 -9.838348474134800625e+00
6.540000000000000258e-01 6.003794999866626014e+00 -9.300248242990514669e+00 -9.817555028704800790e+00
6.555000300000000113e-01 5.627696923074688939e+00 -9.303728534068168798e+00 -9.816243262639597233e+00
6.570000000000000284e-01 4.898020474774087418e+00 -9.307485353797341432e+00 -9.836941753797340482e+00
6.584999700000000455e-01 5.763229957208253040e+00 -9.306039185648888434e+00 -9.825122342791745567e+00
6.600000000000000311e-01 6.656208244309054223e+00 -9.304334727119515591e+00 -9.808767898548087061e+00
6.615000300000000166e-01 6.227372458208369821e+00 -9.304221713220199419e+00 -9.803269256077340899e+00
6.630000000000000338e-01 6.336809720772199839e+00 -9.307492564942084101e+00 -9.815184522084940966e+00
6.644999700000000509e-01 6.153440048779629024e+00 -9.311122908363225648e+00 -9.829312794077511128e+00
6.660000000000000364e-01 5.135167744982645388e+00 -9.313304812160209778e+00 -9.828383926445923180e+00
6.675000300000000220e-01 5.192697074094498433e+00 -9.313615411619785789e+00 -9.835466125905499624e+00
6.690000000000000391e-01 5.514830871992479899e+00 -9.314806528007519404e+00 -9.832354042293232510e+00
6.704999699999999452e-01 5.021427727133021435e+00 -9.316638901438405895e+00 -9.829214572866977306e+00
6.720000000000000417e-01 4.993973371087031765e+00 -9.316429514627252217e+00 -9.836316543198680762e+00
6.735000300000000273e-01 5.404940639721994344e+00 -9.317836717420860282e+00 -9.831611117420861135e+00
6.750000000000000444e-01 6.378438082927939234e+00 -9.316452445643488289e+00 -9.825550231357773612e+00
6.764999699999999505e-01 5.717947146551733084e+00 -9.318967396305406936e+00 -9.838287382019693439e+00
6.780000000000000471e-01 5.372070705267718793e+00 -9.319385066160851494e+00 -9.821182094732279211e+00
6.795000300000000326e-01 3.945604451813359503e+00 -9.326992848186637985e+00 -9.859150419615209771e+00
6.810000000000000497e-01 3.760953650092851319e+00 -9.329421535621433392e+00 -9.884781849907147588e+00
6.824999699999999558e-01 4.728531031913735916e+00 -9.329319025229120044e+00 -9.871816625229119069e+00
6.840000000000000524e-01 4.807153900766882870e+00 -9.327095827804544825e+00 -9.859481256375973501e+00
6.855000300000000379e-01 4.281236949118301993e+00 -9.330247065167409204e+00 -9.860360965167410896e+00
6.870000000000000551e-01 6.394798726316407667e+00 -9.321456587969304763e+00 -9.812135730826447855e+00
6.884999699999999612e-01 5.583960678699638081e+00 -9.326123407014645039e+00 -9.830547121300359237e+00
6.899999999999999467e-01 6.171201395717019977e+00 -9.325073475711549875e+00 -9.820454589997265060e+00
6.915000300000000433e-01 6.082265140993161623e+00 -9.325629430435409262e+00 -9.825758616149695257e+00
6.929999999999999494e-01 5.597496177893569680e+00 -9.327398050677857100e+00 -9.834109479249285357e+00
6.944999699999999665e-01 7.166395953000664676e+00 -9.322772175570761988e+00 -9.812163275570762622e+00
6.959999999999999520e-01 5.771811627434695779e+00 -9.330310801136729282e+00 -9.837500843993872479e+00
6.975000300000000486e-01 5.933396035980337047e+00 -9.331364178305376456e+00 -9.838654678305376322e+00
6.989999999999999547e-01 5.522796298878807519e+00 -9.331597829692618973e+00 -9.846732801121190093e+00
7.004999699999999718e-01 5.389235291526713212e+00 -9.333124822759000239e+00 -9.849108551330427730e+00
7.019999999999999574e-01 5.708951603857169488e+00 -9.334445281857114196e+00 -9.842599767571400093e+00
7.035000300000000539e-01 5.164823784673512108e+00 -9.336671358183629366e+00 -9.847705515326486747e+00
7.049999999999999600e-01 5.771953239665606361e+00 -9.335012046048676737e+00 -9.836109360334392093e+00
7.064999699999999772e-01 6.556081415900154141e+00 -9.333735884099844782e+00 -9.832535084099845335e+00
7.079999999999999627e-01 7.245424046407610064e+00 -9.328315653592390788e+00 -9.809744039306677266e+00
7.095000299999999482e-01 6.875112536868609681e+00 -9.335650591702817636e+00 -9.829437934559960510e+00
7.109999999999999654e-01 6.099725435566005771e+00 -9.335048607291135170e+00 -9.827440250148276490e+00
7.124999699999999825e-01 5.579219904092511229e+00 -9.331078981621773849e+00 -9.829629724478916586e+00
7.139999999999999680e-01 5.764287390003246969e+00 -9.323831624282465924e+00 -9.820675281425323533e+00
7.155000299999999536e-01 5.619725013000509861e+00 -9.320024629856632714e+00 -9.834055629856633729e+00
7.169999999999999707e-01 5.434852749675911809e+00 -9.317316893181230242e+00 -9.832480078895516229e+00
7.184999699999999878e-01 6.706214904718363456e+00 -9.310639595281635650e+00 -9.808666266710208248e+00
7.199999999999999734e-01 4.936062925920705169e+00 -9.316095874079293182e+00 -9.841924916936436674e+00
7.215000299999999589e-01 4.388248218436945791e+00 -9.318619510134480421e+00 -9.847490081563051945e+00
7.229999999999999760e-01 5.607607901454704447e+00 -9.308546812831009376e+00 -9.810802355688153398e+00
7.244999699999999931e-01 5.780817708472117289e+00 -9.310628934385023925e+00 -9.827697648670737252e+00
7.259999999999999787e-01 5.836986230375622142e+00 -9.311124355338661118e+00 -9.819210841052946392e+00
7.275000299999999642e-01 5.696983443486754339e+00 -9.308577470798958586e+00 -9.811468113656101053e+00
7.289999999999999813e-01 5.220373609590641450e+00 -9.309007318980787815e+00 -9.814568376123645521e+00
7.304999699999999985e-01 5.288278176707679634e+00 -9.308079766149461420e+00 -9.820839137578031952e+00
7.319999999999999840e-01 5.326528593102365150e+00 -9.307455492611920178e+00 -9.828526992611919866e+00
7.335000299999999696e-01 5.225609120550974040e+00 -9.309833422306166284e+00 -9.829943750877594866e+00
7.349999999999999867e-01 6.113761163437683166e+00 -9.304449165133744870e+00 -9.815876436562316343e+00
7.364999700000000038e-01 5.873683312875321860e+00 -9.304819644267531942e+00 -9.825273572838961300e+00
7.379999999999999893e-01 4.537382731648010648e+00 -9.311748796923415838e+00 -9.845016311209130677e+00
7.395000299999999749e-01 6.032236538416892557e+00 -9.301664447297390836e+00 -9.798656390154533824e+00
7.409999999999999920e-01 6.198560423023844024e+00 -9.301052291261870053e+00 -9.787828705547584107e+00
7.424999700000000091e-01 6.749802976815718836e+00 -9.301459637469992714e+00 -9.787139594612849436e+00
7.439999999999999947e-01 6.307038505666435313e+00 -9.302492351476420396e+00 -9.801509265762135215e+00
7.455000299999999802e-01 5.379839842266362027e+00 -9.306241514876491649e+00 -9.818546186305063372e+00
7.469999999999999973e-01 5.504642676202362139e+00 -9.303616566654779874e+00 -9.809336395226207372e+00
7.484999700000000145e-01 6.076047027625461894e+00 -9.300814843803106413e+00 -9.804395372374536066e+00
7.500000000000000000e-01 5.508234345498069118e+00 -9.304653711644785830e+00 -9.822867768787642007e+00
7.515000299999999855e-01 5.313816033684215512e+00 -9.301953280601496843e+00 -9.821034094887211907e+00
7.530000000000000027e-01 5.116377781517272183e+00 -9.303710047054154941e+00 -9.819329575625582507e+00
7.544999700000000198e-01 5.962115323665445388e+00 -9.296777490620268480e+00 -9.794758290620269037e+00
7.560000000000000053e-01 5.716381537892642584e+00 -9.298141776393068270e+00 -9.803553104964496612e+00
7.575000299999999909e-01 6.311277827809522734e+00 -9.292841843619049413e+00 -9.778432515047621010e+00
7.590000000000000080e-01 6.518941311068951805e+00 -9.293238860359618769e+00 -9.790431317502475750e+00
7.604999700000000251e-01 5.760762008283606406e+00 -9.295390934573534381e+00 -9.793944820287821429e+00
7.620000000000000107e-01 5.739185654589022079e+00 -9.295678616839545327e+00 -9.799917545410973929e+00
7.635000299999999962e-01 5.815797939058324317e+00 -9.292225960941674856e+00 -9.797160803798817597e+00
7.650000000000000133e-01 6.322327407665458310e+00 -9.288644406620253591e+00 -9.785027635191681838e+00
7.664999700000000304e-01 5.485351224109109580e+00 -9.283584275890889970e+00 -9.798027018748031836e+00
7.680000000000000160e-01 4.637276552323726264e+00 -9.282456547676273928e+00 -9.818831361961988691e+00
7.695000300000000015e-01 6.039494795417878592e+00 -9.267446947439264449e+00 -9.770454547439264559e+00
7.710000000000000187e-01 6.221484499116739286e+00 -9.261895586597542973e+00 -9.768932700883258491e+00
7.724999700000000358e-01 5.020669970203714527e+00 -9.263214544081998625e+00 -9.786798915510571462e+00
7.740000000000000213e-01 5.494495515696550925e+00 -9.257265741446305540e+00 -9.783924027160590953e+00
7.755000300000000069e-01 6.354926824169423227e+00 -9.247309690116289005e+00 -9.755782704402001571e+00
7.770000000000000240e-01 5.327008155386034005e+00 -9.252725244613964506e+00 -9.777922416042535758e+00
7.784999700000000411e-01 5.723358102070315923e+00 -9.247118412215398209e+00 -9.776054597929682899e+00
7.800000000000000266e-01 5.672946685750588358e+00 -9.243007085677978907e+00 -9.771768557106550901e+00
7.815000300000000122e-01 5.034971023325361728e+00 -9.239689919531778983e+00 -9.768590548103206928e+00
7.830000000000000293e-01 4.171968231455569054e+00 -9.242070397115856650e+00 -9.793184225687285860e+00
7.844999700000000464e-01 5.216488331661530253e+00 -9.241283996909896103e+00 -9.793006639767039445e+00
7.860000000000000320e-01 6.327619917123660898e+00 -9.232609082876336970e+00 -9.764351511447765475e+00
7.875000300000000175e-01 5.380357247352097971e+00 -9.231782552647899820e+00 -9.767388881219329022e+00
7.890000000000000346e-01 5.198023153049470935e+00 -9.230014389807669417e+00 -9.774350818379097916e+00
7.904999700000000518e-01 6.385036227388306784e+00 -9.223426272611693122e+00 -9.760527372611694119e+00
7.920000000000000373e-01 6.108489349485495268e+00 -9.225044279085931720e+00 -9.762181421943074255e+00
7.935000300000000228e-01 6.545973921464401712e+00 -9.216849507107024664e+00 -9.733444935678452481e+00
7.950000000000000400e-01 6.795837059499534760e+00 -9.202689669071892453e+00 -9.720245040500463674e+00
7.964999699999999461e-01 6.304373071271422546e+00 -9.193384100157148353e+00 -9.727628828728576593e+00
7.980000000000000426e-01 6.292877693260683358e+00 -9.185669721025028878e+00 -9.723549092453600551e+00
7.995000300000000282e-01 7.646850898776939687e+00 -9.173349315508776414e+00 -9.687004744080203622e+00
8.010000000000000453e-01 7.346001232325315655e+00 -9.168720896246110641e+00 -9.695635310531825368e+00
8.024999699999999514e-01 6.431370144664457555e+00 -9.166098155335539843e+00 -9.711796741049825599e+00
8.040000000000000480e-01 5.886251943923076269e+00 -9.162247898934065660e+00 -9.705261056076922799e+00
8.055000300000000335e-01 5.720880888884368076e+00 -9.159884853972773300e+00 -9.718648568258487330e+00
8.070000000000000506e-01 6.000835523814279426e+00 -9.157649161900003776e+00 -9.718939819042860861e+00
8.084999699999999567e-01 5.665437299691078010e+00 -9.153699143166065255e+00 -9.723293171737493523e+00
8.100000000000000533e-01 5.925171953433066463e+00 -9.144452803709787858e+00 -9.709470917995501438e+00
8.115000300000000388e-01 4.727680886441516961e+00 -9.146325870701339511e+00 -9.731094656415624655e+00
8.129999999999999449e-01 6.033214071316232108e+00 -9.132526271540909235e+00 -9.704615885826623156e+00
8.144999699999999621e-01 6.146325816396608133e+00 -9.126539883603388859e+00 -9.693527826460531571e+00
8.159999999999999476e-01 5.378361858817783059e+00 -9.129582169753646781e+00 -9.708434898325075224e+00
8.175000300000000442e-01 5.534376456886407780e+00 -9.124720757399305882e+00 -9.704582157399304521e+00
8.189999999999999503e-01 5.163333868680652472e+00 -9.119792702747917090e+00 -9.702169174176487942e+00
8.204999699999999674e-01 5.840764117042549941e+00 -9.114229611528877228e+00 -9.692023868671734377e+00
8.219999999999999529e-01 6.561514367894123012e+00 -9.106288174963019344e+00 -9.660638232105876355e+00
8.235000300000000495e-01 6.740750307877629410e+00 -9.103243720693797059e+00 -9.656039849265226849e+00
8.249999999999999556e-01 6.646049051979790789e+00 -9.095372733734491177e+00 -9.654610105163062173e+00
8.264999699999999727e-01 5.680002051829648124e+00 -9.097347876741782358e+00 -9.681823676741780460e+00
8.279999999999999583e-01 5.198020759277595104e+00 -9.096114412150976491e+00 -9.697097826436690937e+00
8.295000300000000548e-01 5.340678003588847034e+00 -9.088769467839721727e+00 -9.695227953554008238e+00
8.309999999999999609e-01 5.047326613803193140e+00 -9.086860229053950633e+00 -9.698057871911093031e+00
8.324999699999999780e-01 4.135280898906716018e+00 -9.087310786807568874e+00 -9.710814429664711867e+00
8.339999999999999636e-01 5.271935168105411407e+00 -9.073636174751730010e+00 -9.664119846180300399e+00
8.355000299999999491e-01 6.313169393289088660e+00 -9.063424135282335925e+00 -9.642274320996621739e+00
8.369999999999999662e-01 5.806613546123671199e+00 -9.049813125304899231e+00 -9.658252011019184735e+00
8.384999699999999834e-01 4.861467650093796777e+00 -9.040934735620485441e+00 -9.678992621334771229e+00
8.399999999999999689e-01 4.462498871759665420e+00 -9.031236199668903453e+00 -9.681512299668902699e+00
8.415000299999999545e-01 4.604155754208759888e+00 -9.015454245791238108e+00 -9.655582931505524158e+00
8.429999999999999716e-01 4.907823983163375203e+00 -9.006483016836623889e+00 -9.647325431122338202e+00
8.444999699999999887e-01 5.921699296605320129e+00 -8.988011703394676033e+00 -9.619314917680389598e+00
8.459999999999999742e-01 5.762446004161914104e+00 -8.979482710123798839e+00 -9.613891695838084672e+00
8.475000299999999598e-01 5.146799791548531289e+00 -8.976870922737180791e+00 -9.603799637022895297e+00
8.489999999999999769e-01 6.708102058545513557e+00 -8.961537370025913773e+00 -9.580749084311626973e+00
8.504999699999999940e-01 6.548249971916163759e+00 -8.956614599512404240e+00 -9.592717856655260888e+00
8.519999999999999796e-01 5.730300698639243961e+00 -8.946248015646469653e+00 -9.591665572789326077e+00
8.535000299999999651e-01 4.938805638488274141e+00 -8.942692075797438633e+00 -9.624706361511723429e+00
8.549999999999999822e-01 4.456784762446149628e+00 -8.935558951839563946e+00 -9.604713080410991921e+00
8.564999699999999994e-01 5.374516666056296188e+00 -8.918016762515131646e+00 -9.562872376800845231e+00
8.579999999999999849e-01 6.743284230790372646e+00 -8.902084626352481322e+00 -9.521960012066767121e+00
8.595000299999999704e-01 4.902704570481716928e+00 -8.909512000946852694e+00 -9.582263215232567077e+00
8.609999999999999876e-01 4.208819084460314386e+00 -8.897062629825398972e+00 -9.593998758396828919e+00
8.624999700000000047e-01 4.944147797048318083e+00 -8.890201631523110493e+00 -9.585930617237396589e+00
8.639999999999999902e-01 6.391015018494602629e+00 -8.873828552933964886e+00 -9.531932524362535020e+00
8.655000299999999758e-01 7.142265005265430844e+00 -8.857694566163141658e+00 -9.505431251877427101e+00
8.669999999999999929e-01 5.315446299325266466e+00 -8.864834414960446551e+00 -9.569145629246161633e+00
8.684999700000000100e-01 5.927977496630740362e+00 -8.848326503369261076e+00 -9.538938660512117806e+00
8.699999999999999956e-01 6.120388621920829664e+00 -8.838384663793451779e+00 -9.524574763793452803e+00
8.715000299999999811e-01 5.879361074296388878e+00 -8.830885354275038068e+00 -9.523069225703608254e+00
8.729999999999999982e-01 5.420969109786641482e+00 -8.825491604499072551e+00 -9.535180375927643226e+00
8.744999700000000153e-01 5.262529895981273853e+00 -8.819765246875865827e+00 -9.529248332590151804e+00
8.760000000000000009e-01 7.068553457822261521e+00 -8.791779399320596156e+00 -9.452005013606310513e+00
8.775000299999999864e-01 7.164039765618149147e+00 -8.786239091524704392e+00 -9.455056020096133551e+00
8.790000000000000036e-01 5.617068789464621403e+00 -8.789831639106806094e+00 -9.477504867678234746e+00
8.804999700000000207e-01 5.475406268583022040e+00 -8.780463159988405764e+00 -9.490232402845547810e+00
8.820000000000000062e-01 5.379312228116885919e+00 -8.772867057597396823e+00 -9.478520786168825651e+00
8.835000299999999918e-01 4.672625209584179373e+00 -8.768425076130105467e+00 -9.488565233272963084e+00
8.850000000000000089e-01 6.594879468577289572e+00 -8.747511388565566648e+00 -9.448071074279852155e+00
8.864999700000000260e-01 6.480010744519235644e+00 -8.742717684052191629e+00 -9.423629798337906038e+00
8.880000000000000115e-01 4.828781919896567132e+00 -8.747436080103431877e+00 -9.485526665817717529e+00
8.895000299999999971e-01 3.819279107438351417e+00 -8.740566749704505867e+00 -9.487866921133075948e+00
8.910000000000000142e-01 4.864359562521109126e+00 -8.730696580336031687e+00 -9.478967880336032437e+00
8.924999700000000313e-01 4.072953167625266602e+00 -8.728828975231875731e+00 -9.524868460946160909e+00
8.940000000000000169e-01 3.915535234007519350e+00 -8.722584337421052325e+00 -9.530856937421052777e+00
8.955000300000000024e-01 3.874764302752611300e+00 -8.706642411533101367e+00 -9.506345782961673763e+00
8.970000000000000195e-01 4.419206057594328385e+00 -8.692717370977096181e+00 -9.475645885262810708e+00
8.984999700000000367e-01 4.337826238354798747e+00 -8.689033618788055691e+00 -9.476239090216626693e+00
9.000000000000000222e-01 3.711336013630868180e+00 -8.681452986369128766e+00 -9.490665757797700053e+00
9.015000300000000077e-01 4.409964781436087833e+00 -8.666721504278195098e+00 -9.445380718563908928e+00
9.030000000000000249e-01 5.997823082434672770e+00 -8.648049346136755133e+00 -9.401418603279612540e+00
9.044999700000000420e-01 4.741958370931850908e+00 -8.648343771925288692e+00 -9.453497157639574766e+00
9.060000000000000275e-01 5.279074958577490762e+00 -8.637155327136792238e+00 -9.402068969993935710e+00
9.075000300000000131e-01 7.403917100315672073e+00 -8.605688042541471461e+00 -9.308260913970041628e+00
9.090000000000000302e-01 5.729791908028451175e+00 -8.610226663400119662e+00 -9.368281749114405699e+00
9.104999700000000473e-01 5.646543693359896920e+00 -8.603853735211529852e+00 -9.380692120925814947e+00
9.120000000000000329e-01 5.474373911011445770e+00 -8.600721660417121939e+00 -9.415781903274265119e+00
9.135000300000000184e-01 5.566789672859423277e+00 -8.594825898569148137e+00 -9.405568512854863172e+00
9.150000000000000355e-01 5.805970947719753639e+00 -8.584821195137390504e+00 -9.402067052280246529e+00
9.164999700000000527e-01 5.406544904573895138e+00 -8.568808952568959469e+00 -9.367552609711816913e+00
9.180000000000000382e-01 4.778361569744848936e+00 -8.573159001683718472e+00 -9.404426030255148561e+00
9.195000300000000237e-01 5.369718054900053161e+00 -8.552121230814231367e+00 -9.356603387957088458e+00
9.210000000000000409e-01 5.673952900076745465e+00 -8.548416957066113042e+00 -9.362545414208970129e+00
9.224999699999999470e-01 6.086837560163766980e+00 -8.533808296979088936e+00 -9.323639782693375011e+00
9.240000000000000435e-01 5.358240633104223605e+00 -8.524801652610062064e+00 -9.346630752610060711e+00
9.255000300000000291e-01 4.881576373215544606e+00 -8.521485483927312643e+00 -9.371212998213026779e+00
9.270000000000000462e-01 6.611069034615164597e+00 -8.496219108241977125e+00 -9.306879765384834968e+00
9.284999699999999523e-01 5.188152929526429702e+00 -8.499313499044996334e+00 -9.348698099044996823e+00
9.300000000000000488e-01 4.034012370368246891e+00 -8.496516201060323681e+00 -9.377342015346037840e+00
9.315000300000000344e-01 3.497784754109774852e+00 -8.483282960175937859e+00 -9.379431117318794975e+00
9.330000000000000515e-01 5.136113477521812243e+00 -8.456689665335330730e+00 -9.270256379621043763e+00
9.344999699999999576e-01 4.768810853017898310e+00 -8.447990289839243161e+00 -9.288092632696384854e+00
9.360000000000000542e-01 5.721322336062716118e+00 -8.426400949651567274e+00 -9.256292578222996781e+00
9.375000300000000397e-01 5.460712180564613050e+00 -8.425123676578243348e+00 -9.253359090863957803e+00
9.389999999999999458e-01 5.516257497378061814e+00 -8.412821074050507164e+00 -9.274423931193364723e+00
9.404999699999999629e-01 6.351924027676783879e+00 -8.395074400894642963e+00 -9.241287572323216182e+00
9.419999999999999485e-01 5.188886084255480924e+00 -8.394952201458803387e+00 -9.285488344315947273e+00
9.435000300000000450e-01 3.816614206534863385e+00 -8.378610936322278491e+00 -9.278548407750848881e+00
9.449999999999999512e-01 2.592750933740555652e+00 -8.384278209116585501e+00 -9.345421080545156300e+00
9.464999699999999683e-01 2.170573007233553398e+00 -8.376529707052160489e+00 -9.360593649909302982e+00
9.479999999999999538e-01 3.913596311422846696e+00 -8.354179545720009870e+00 -9.314293645720010062e+00
9.495000300000000504e-01 4.051954385528963698e+00 -8.353150185899604452e+00 -9.303241743042462986e+00
9.509999999999999565e-01 4.896162197150438544e+00 -8.334613374278131204e+00 -9.273127317135273273e+00
9.524999699999999736e-01 5.334436916405509876e+00 -8.320101655023060871e+00 -9.238377226451632396e+00
9.539999999999999591e-01 3.914048570744553146e+00 -8.309125429255445283e+00 -9.253377843541159109e+00
9.555000299999999447e-01 5.074349984903966160e+00 -8.293517586524604468e+00 -9.251710672238891320e+00
9.569999999999999618e-01 5.274075411999799456e+00 -8.287547016571627623e+00 -9.202623759428769645e+00
9.584999699999999789e-01 3.998217736620357954e+00 -8.276028834808212054e+00 -9.240813191951069427e+00
9.599999999999999645e-01 4.497699843541640874e+00 -8.262503299315499206e+00 -9.225090642172641964e+00
9.615000299999999500e-01 4.626357414446253813e+00 -8.259252442696601193e+00 -9.214336542696601740e+00
9.629999999999999671e-01 6.873103273683808467e+00 -8.216854012030474053e+00 -9.083547454887618500e+00
9.644999699999999843e-01 5.537441734596924903e+00 -8.220510551117358844e+00 -9.157253793974502898e+00
9.659999999999999698e-01 4.737148539285746196e+00 -8.204821032142824322e+00 -9.187573632142823854e+00
9.675000299999999553e-01 5.396853654952270318e+00 -8.179921630762013507e+00 -9.120462473619156185e+00
9.689999999999999725e-01 6.106642762895747367e+00 -8.168587522818539171e+00 -9.079765922818539892e+00
9.704999699999999896e-01 5.243831605211605407e+00 -8.157192109074106412e+00 -9.078763423359820450e+00
9.719999999999999751e-01 7.751801638465538602e+00 -8.118758932963032748e+00 -8.981528418677317660e+00
9.735000299999999607e-01 7.025089972523554493e+00 -8.120487313190732692e+00 -9.038430927476445831e+00
9.749999999999999778e-01 8.001805145636295080e+00 -8.084546140077989662e+00 -8.982248497220846062e+00
9.764999699999999949e-01 9.921202900079133968e+00 -8.064961242778009520e+00 -8.924698242778008606e+00
9.779999999999999805e-01 9.497663264024636121e+00 -8.047428878832503685e+00 -8.958958021689646500e+00
9.795000299999999660e-01 4.901959061433196041e+00 -8.072935224281089006e+00 -9.144269252852518903e+00
9.809999999999999831e-01 3.610791544651481999e+00 -8.073880741062803068e+00 -9.167313326777088989e+00
9.824999700000000002e-01 3.363502027561874996e+00 -8.046614258152409604e+00 -9.136228601009552364e+00
9.839999999999999858e-01 2.008149538513787746e+00 -8.038966318629068297e+00 -9.191224261486210523e+00
9.855000299999999713e-01 4.073183615563754856e+00 -8.000577241579101440e+00 -9.101556198721958424e+00
9.869999999999999885e-01 4.992065082299118828e+00 -7.977369774843737105e+00 -9.052977260558023431e+00
9.884999700000000056e-01 3.813869252779211294e+00 -7.974626032935073994e+00 -9.080896575792216652e+00
9.899999999999999911e-01 4.499901441243078892e+00 -7.949101558756918706e+00 -9.051951587328348481e+00
9.915000299999999767e-01 6.644786328416609322e+00 -7.909378957297672486e+00 -8.939837528726243931e+00
9.929999999999999938e-01 4.268873737701042614e+00 -7.909381976584672458e+00 -9.017299762298957688e+00
9.944999700000000109e-01 4.056845126188296291e+00 -7.890588159525986356e+00 -9.036261059525987349e+00
9.959999999999999964e-01 5.952711951148430103e+00 -7.864569763137282621e+00 -8.951954677422996554e+00
9.975000299999999820e-01 4.718442750264179253e+00 -7.847390249735820333e+00 -9.003749878307248267e+00
9.989999999999999991e-01 6.114214632466740795e+00 -7.805952367533256719e+00 -8.908462938961827504e+00
1.000499999999999945e+00 5.922293356436158618e+00 -7.806574072135266107e+00 -8.930701929278123785e+00
1.002000000000000002e+00 2.839724618229537256e+00 -7.807662953199034028e+00 -9.064038581770462955e+00
1.003500000000000059e+00 3.525540843843709027e+00 -7.779838156156289486e+00 -9.018660556156289587e+00
1.004999999999999893e+00 5.033764744988456385e+00 -7.735283112154400342e+00 -8.897307112154400954e+00
1.006499999999999950e+00 3.443555176229361692e+00 -7.713650109484923689e+00 -8.951551566627781398e+00
1.008000000000000007e+00 3.795275277844949002e+00 -7.689348293583620375e+00 -8.888652579297906087e+00
1.009500000000000064e+00 2.117624904398146768e+00 -7.687884238458996045e+00 -8.961854581316138990e+00
1.010999999999999899e+00 4.790671053307697491e+00 -7.632168089549443479e+00 -8.843463946692301292e+00
1.012499999999999956e+00 4.424880007705331408e+00 -7.624185135151812176e+00 -8.837420849437526371e+00
1.014000000000000012e+00 4.288041479292905578e+00 -7.590175234992806885e+00 -8.844049092135664480e+00
1.015500000000000069e+00 5.639804036913862006e+00 -7.552451820228995416e+00 -8.787944248800425129e+00
1.016999999999999904e+00 4.332754820838909282e+00 -7.532325893446804699e+00 -8.716048464875376212e+00
1.018499999999999961e+00 5.000475257051794742e+00 -7.470278885805348601e+00 -8.652055457233919000e+00
1.020000000000000018e+00 3.754544200106423091e+00 -7.490123657036432903e+00 -8.812316228465004286e+00
1.021500000000000075e+00 2.897882504555454375e+00 -7.472426781158829634e+00 -8.867914638301686026e+00
1.022999999999999909e+00 4.566240167807450234e+00 -7.412345260763978594e+00 -8.731454546478264689e+00
1.024499999999999966e+00 4.722799187269730581e+00 -7.401950241301696209e+00 -8.731549384158839189e+00
1.026000000000000023e+00 3.648290703205546492e+00 -7.350745868223024893e+00 -8.768945296794452560e+00
1.027500000000000080e+00 4.627801855876930048e+00 -7.329150572694498322e+00 -8.690557144123069122e+00
1.028999999999999915e+00 5.681196928401845980e+00 -7.298574357312438643e+00 -8.686062643026724928e+00
1.030499999999999972e+00 4.016460203897075587e+00 -7.248797081817209609e+00 -8.706042224674352070e+00
1.032000000000000028e+00 3.645716822621059450e+00 -7.230007605950369509e+00 -8.651743034521796716e+00
1.033500000000000085e+00 2.516968781973925928e+00 -7.198398646597502726e+00 -8.716054932311788406e+00
1.034999999999999920e+00 2.289901936497486190e+00 -7.152619777788228106e+00 -8.692877777788227789e+00
1.036499999999999977e+00 4.200943855018111961e+00 -7.099674144981888091e+00 -8.528516859267602612e+00
1.038000000000000034e+00 3.431776249218163599e+00 -7.054003322210406601e+00 -8.558644607924692949e+00
1.039500000000000091e+00 3.143136259350296058e+00 -7.033528597792560788e+00 -8.578105597792561099e+00
1.040999999999999925e+00 3.320306597094599965e+00 -6.999314545762541862e+00 -8.539301117191113732e+00
1.042499999999999982e+00 4.904722831272897210e+00 -6.907663883012816086e+00 -8.423641025869958554e+00
1.044000000000000039e+00 2.354405816420195308e+00 -6.919475897865519087e+00 -8.618134040722662093e+00
1.045500000000000096e+00 2.960482264213233350e+00 -6.837484592929623517e+00 -8.533352735786765564e+00
1.046999999999999931e+00 3.248815172041968680e+00 -6.807991970815172600e+00 -8.504412827958029553e+00
1.048499999999999988e+00 3.668836680152399055e+00 -6.780845891276172210e+00 -8.458299891276171323e+00
1.050000000000000044e+00 4.183675214503733031e+00 -6.686803356924837516e+00 -8.396128642639123285e+00
1.051500000000000101e+00 4.422870201054118766e+00 -6.681614798945880729e+00 -8.355850513231594334e+00
1.052999999999999936e+00 3.079804351474928481e+00 -6.668426648525072054e+00 -8.495725505667929056e+00
1.054499999999999993e+00 2.700096806007907801e+00 -6.589414051134946604e+00 -8.418500193992089820e+00
1.056000000000000050e+00 6.610415620366349998e-01 -6.589211437963363949e+00 -8.496186009391934135e+00
1.057500000000000107e+00 5.556863312293636170e-01 -6.509564954484920563e+00 -8.563718668770635034e+00
1.058999999999999941e+00 2.689232968110474076e+00 -6.454039174746667662e+00 -8.377158746175238591e+00
1.060499999999999998e+00 3.184841843461825306e-01 -6.446278958510960777e+00 -8.479527958510960417e+00
1.062000000000000055e+00 2.213905120173141228e+00 -6.335464879826859352e+00 -8.269998594112573542e+00
1.063499999999999890e+00 6.499562344398436053e+00 -6.232235227030135327e+00 -7.923260369887278110e+00
1.064999999999999947e+00 4.442880711542445127e+00 -6.178648574171837993e+00 -8.068721574171838995e+00
1.066500000000000004e+00 4.810737218981737229e+00 -6.146190066732549084e+00 -8.118705209589691663e+00
1.068000000000000060e+00 2.808302721234747779e+00 -6.139515421622395053e+00 -8.281170993050967155e+00
1.069499999999999895e+00 3.065499215676107170e+00 -5.979964355752463767e+00 -8.138353355752464324e+00
1.070999999999999952e+00 1.895459556822368441e+00 -5.979638443177631935e+00 -8.143151014606203830e+00
1.072500000000000009e+00 8.001084563319800225e-01 -5.948814400810876535e+00 -8.328155543668019689e+00
1.074000000000000066e+00 3.293232483005347433e+00 -5.810204659851795128e+00 -8.119166231280367185e+00
1.075499999999999901e+00 2.657492491356212128e+00 -5.754890080072358138e+00 -7.979022651500930152e+00
1.076999899999999899e+00 2.369492565732365108e+00 -5.587505005696205451e+00 -7.800674291410491179e+00
1.078500000000000014e+00 1.997858013998088822e+00 -5.567815414573337840e+00 -7.910762414573337509e+00
1.080000000000000071e+00 2.102808380169239655e+00 -5.522042048402187930e+00 -7.997419048402187869e+00
1.081499999999999906e+00 9.185868603496238904e-01 -5.309925853936089624e+00 -7.856237711078946973e+00
1.083000100000000021e+00 8.056279366154441846e-01 -5.262397920527414286e+00 -7.779372063384556668e+00
1.084500000000000020e+00 3.024564580774422140e+00 -5.135843133511291292e+00 -7.752450847797005551e+00
1.086000000000000076e+00 1.902125244320560071e+00 -5.002964612822296431e+00 -7.704605612822295946e+00
1.087499999999999911e+00 6.015090154193691419e+00 -4.876767988663452513e+00 -7.430239702949165803e+00
1.088999899999999910e+00 1.810106965648072830e+00 -4.642367462923355781e+00 -7.382870462923355248e+00
1.090500000000000025e+00 5.956431988086530183e+00 -4.538281726199181243e+00 -7.122439440484895634e+00
1.092000000000000082e+00 3.735682906829849159e+00 -4.479228950313006941e+00 -7.285995378884434714e+00
1.093499999999999917e+00 4.910487756331001208e-01 -4.154046938652613541e+00 -6.913604510081184706e+00
1.095000100000000032e+00 -6.335452086389459225e-01 -4.110898208638945839e+00 -7.253109065781803366e+00
1.096500000000000030e+00 3.561514781429170995e+00 -3.749242075713683953e+00 -6.780567218570826782e+00
1.098000000000000087e+00 1.052390819885348527e+01 -3.352605372575084175e+00 -5.606657086860798778e+00
1.099499999999999922e+00 5.579793127200739278e+00 -3.416013301370688815e+00 -6.450467301370689022e+00
1.100999899999999920e+00 1.277353322121494550e+01 -2.802253778785053662e+00 -5.551619921642195976e+00
1.102500000000000036e+00 6.695658648947146574e+00 -2.972155493909997226e+00 -6.338059779624281909e+00
1.104000000000000092e+00 -1.037090620085448833e+00 -2.940711762942592067e+00 -6.939996762942591602e+00
1.105499999999999927e+00 1.335511325512827696e+00 -2.752628674487171523e+00 -6.272446245915742402e+00
1.107000100000000042e+00 6.860913973846454184e-01 -2.743093745472497069e+00 -6.552070745472496682e+00
1.108500000000000041e+00 3.112909421444740588e+00 -2.288962578555258531e+00 -6.111959578555256734e+00
1.110000000000000098e+00 1.775674566483669281e+00 -2.410098433516330019e+00 -6.592005290659185945e+00
1.111499999999999932e+00 3.822656201278364918e+00 -2.254199227293064212e+00 -5.825970513007348472e+00
1.112999899999999931e+00 3.394924122931621824e+00 -1.952590734211234746e+00 -5.511462591354091778e+00
1.114500000000000046e+00 2.564970215252293073e+00 -1.733887641890563103e+00 -5.317892070461991416e+00
1.116000000000000103e+00 -1.689564839440125255e+00 -1.717748268011552781e+00 -6.670750268011552464e+00
1.117499999999999938e+00 -1.065715414977193021e+00 -1.565238986405764976e+00 -6.109153843548621232e+00
1.119000100000000053e+00 -2.315757420919251075e-01 -1.480598456377640204e+00 -6.146744170663354545e+00
1.120500000000000052e+00 2.003824003664172793e+00 -9.453299963358254843e-01 -5.613342282050111542e+00
1.122000000000000108e+00 -5.837812931771164671e-01 -9.329410074628317062e-01 -5.656244150319973407e+00
1.123499999999999943e+00 1.550747735668938532e+00 -7.999372643310618258e-01 -5.837980407188203991e+00
1.124999899999999942e+00 1.100723153900826645e-01 -4.152986846099171458e-01 -5.958129541752773761e+00
1.126500000000000057e+00 -4.109965668766065505e+00 -3.258853830517800532e-01 -6.304811954480350700e+00
1.127999999999999892e+00 4.000963178356792938e+00 5.685016069282209372e-01 -3.536234964500350131e+00
1.129499999999999948e+00 5.399972054831994939e+00 5.902087691177104745e-01 -4.128899659453717064e+00
1.131000100000000064e+00 7.623507587540128583e+00 9.351103018258442034e-01 -3.609291126745583611e+00
1.132500000000000062e+00 1.362590959949798375e+01 1.921975599497985243e+00 -2.408046400502013462e+00
1.133999999999999897e+00 5.148399690945202778e+00 1.815589976659490290e+00 -3.980330023340510337e+00
1.135499999999999954e+00 6.255369229686214894e+00 2.186095943971928079e+00 -3.591194056028071735e+00
1.136999899999999952e+00 5.350285832913534989e-01 2.902800583291352154e+00 -4.257904988137217295e+00
1.138500000000000068e+00 6.959646638413596875e+00 3.708373352699309677e+00 -2.860856790157833451e+00
1.139999999999999902e+00 1.561268307450919934e+01 4.709860217366346191e+00 -1.029729639776510552e+00
1.141499999999999959e+00 1.608811751868852014e+01 6.592574661545663517e+00 2.016545518688520389e+00
1.143000100000000074e+00 -5.759205544565016766e+00 5.781964312577841270e+00 -4.242564973136445872e+00
1.144500000000000073e+00 -1.029663386506029354e+01 7.584783277796848466e+00 -8.976299793631723034e+00
1.145999999999999908e+00 5.265467444545333109e+00 9.962701730259620803e+00 1.416834445453361013e-01
1.147499999999999964e+00 1.103391323016500891e+00 1.174928389444507104e+01 3.529013230164999015e-01
1.148999899999999963e+00 9.582249946037695310e-01 1.812473685174662563e+01 3.414638566032341060e+00
