1.000000000000000021e-02 1.007476729970708625e+15
1.004620421346812641e-02 1.006876463644007750e+15
1.009262190987047364e-02 1.006270930592703500e+15
1.013925407558815411e-02 1.005660087371016250e+15
1.018610170155975769e-02 1.005043890226777000e+15
1.023316578330244961e-02 1.004422295100302000e+15
1.028044732093309245e-02 1.003795257623260000e+15
1.032794731918951388e-02 1.003162733117571000e+15
1.037566678745185933e-02 1.002524676594321375e+15
1.042360673976401760e-02 1.001881042752715875e+15
1.047176819485520251e-02 1.001231785979008750e+15
1.052015217616158495e-02 1.000576860345507500e+15
1.056875971184803933e-02 9.999162196095577500e+14
1.061759183483000114e-02 9.992498172125831250e+14
1.066664958279539381e-02 9.985776062791342500e+14
1.071593399822671176e-02 9.978995396159476250e+14
1.076544612842315375e-02 9.972155697110732500e+14
1.081518702552288110e-02 9.965256487329708750e+14
1.086515774652538346e-02 9.958297285296863750e+14
1.091535935331391580e-02 9.951277606280251250e+14
1.096579291267809828e-02 9.944196962327711250e+14
1.101645949633656314e-02 9.937054862259111250e+14
1.106736018095973335e-02 9.929850811659203750e+14
1.111849604819271052e-02 9.922584312870578750e+14
1.116986818467823224e-02 9.915254864987090000e+14
1.122147768207980290e-02 9.907861963847403750e+14
1.127332563710486610e-02 9.900405102029166250e+14
1.132541315152811416e-02 9.892883768843260000e+14
1.137774133221491381e-02 9.885297450328646250e+14
1.143031129114479259e-02 9.877645629247347500e+14
1.148312414543511094e-02 9.869927785079996250e+14
1.153618101736477927e-02 9.862143394021810000e+14
1.158948303439810527e-02 9.854291928978638750e+14
1.164303132920876775e-02 9.846372859563840000e+14
1.169682703970385297e-02 9.838385652095367500e+14
1.175087130904807486e-02 9.830329769593213750e+14
1.180516528568804902e-02 9.822204671777525000e+14
1.185971012337669328e-02 9.814009815066910000e+14
1.191450698119776025e-02 9.805744652577481250e+14
1.196955702359043389e-02 9.797408634122191250e+14
1.202486142037412220e-02 9.789001206210723750e+14
1.208042134677328287e-02 9.780521812049792500e+14
1.213623798344240501e-02 9.771969891544180000e+14
1.219231251649110712e-02 9.763344881298106250e+14
1.224864613750931315e-02 9.754646214617151250e+14
1.230524004359261590e-02 9.745873321510843750e+14
1.236209543736768550e-02 9.737025628695682500e+14
1.241921352701783922e-02 9.728102559598911250e+14
1.247659552630869806e-02 9.719103534362655000e+14
1.253424265461400115e-02 9.710027969848895000e+14
1.259215613694150866e-02 9.700875236393523750e+14
1.265033720395903130e-02 9.691644833198236250e+14
1.270878709202058823e-02 9.682336160179223750e+14
1.276750704319265690e-02 9.672948541777055000e+14
1.282649830528060503e-02 9.663481419419275000e+14
1.288576213185517981e-02 9.653934190424852500e+14
1.294529978227915330e-02 9.644306248884932500e+14
1.300511252173409266e-02 9.634596985673103750e+14
1.306520162124721190e-02 9.624805788456318750e+14
1.312556835771843365e-02 9.614932041706768750e+14
1.318621401394748545e-02 9.604975126714362500e+14
1.324713987866116792e-02 9.594934421600027500e+14
1.330834724654075471e-02 9.584809301330010000e+14
1.336983741824946531e-02 9.574599151075621250e+14
1.343161170046015991e-02 9.564303311107326250e+14
1.349367140588306549e-02 9.553921152246181250e+14
1.355601785329368231e-02 9.543452058461523750e+14
1.361865236756082051e-02 9.532895377584425000e+14
1.368157627967471826e-02 9.522250465997111250e+14
1.374479092677537324e-02 9.511516677050210000e+14
1.380829765218092274e-02 9.500693361084058750e+14
1.387209780541620238e-02 9.489779865450995000e+14
1.393619274224142807e-02 9.478775534538595000e+14
1.400058382468097502e-02 9.467679709793900000e+14
1.406527242105237024e-02 9.456491729748791250e+14
1.413025990599533696e-02 9.445210930046307500e+14
1.419554766050101606e-02 9.433836643468128750e+14
1.426113707194128985e-02 9.422368199963095000e+14
1.432702953409830879e-02 9.410804926676866250e+14
1.439322644719407199e-02 9.399146147982768750e+14
1.445972921792019507e-02 9.387391185513765000e+14
1.452653925946781159e-02 9.375539358195592500e+14
1.459365799155756989e-02 9.363589982281157500e+14
1.466108684046984502e-02 9.351542371386208750e+14
1.472882723907502529e-02 9.339395836526101250e+14
1.479688062686396362e-02 9.327149686154018750e+14
1.486524844997857107e-02 9.314803226200456250e+14
1.493393216124252500e-02 9.302355760113961250e+14
1.500293322019218348e-02 9.289806588903340000e+14
1.507225309310756232e-02 9.277155011181075000e+14
1.514189325304352018e-02 9.264400323208451250e+14
1.521185517986104775e-02 9.251541818941722500e+14
1.528214036025870096e-02 9.238578790080082500e+14
1.535275028780422671e-02 9.225510526114903750e+14
1.542368646296628232e-02 9.212336314380587500e+14
1.549495039314631624e-02 9.199055440106902500e+14
1.556654359271062056e-02 9.185667186472962500e+14
1.563846758302247023e-02 9.172170834662672500e+14
1.571072389247450338e-02 9.158565663921943750e+14
1.578331405652117284e-02 9.144850951617397500e+14
1.585623961771137277e-02 9.131025973296957500e+14
1.592950212572123020e-02 9.117090002751893750e+14
1.600310313738700918e-02 9.103042312080835000e+14
1.607704421673823714e-02 9.088882171755401250e+14
1.615132693503090397e-02 9.074608850687710000e+14
1.622595287078087284e-02 9.060221616299626250e+14
1.630092360979741237e-02 9.045719734593981250e+14
1.637624074521688150e-02 9.031102470227623750e+14
1.645190587753662601e-02 9.016369086586316250e+14
1.652792061464894782e-02 9.001518845861722500e+14
1.660428657187529647e-02 8.986551009130325000e+14
1.668100537200059227e-02 8.971464836434276250e+14
1.675807864530767799e-02 8.956259586864390000e+14
1.683550802961202367e-02 8.940934518645241250e+14
1.691329517029648011e-02 8.925488889222258750e+14
1.699144172034626130e-02 8.909921955351063750e+14
1.706994934038407949e-02 8.894232973188967500e+14
1.714881969870540174e-02 8.878421198388636250e+14
1.722805447131393886e-02 8.862485886194131250e+14
1.730765534195724889e-02 8.846426291539055000e+14
1.738762400216250364e-02 8.830241669147146250e+14
1.746796215127245644e-02 8.813931273635241250e+14
1.754867149648151048e-02 8.797494359618472500e+14
1.762975375287205784e-02 8.780930181818122500e+14
1.771121064345087745e-02 8.764237995171698750e+14
1.779304389918577242e-02 8.747417054945716250e+14
1.787525525904235316e-02 8.730466616850861250e+14
1.795784647002095918e-02 8.713385937159813750e+14
1.804081928719382735e-02 8.696174272827658750e+14
1.812417547374236756e-02 8.678830881614921250e+14
1.820791680099462587e-02 8.661355022213287500e+14
1.829204504846293836e-02 8.643745954374096250e+14
1.837656200388171346e-02 8.626002939039542500e+14
1.846146946324547441e-02 8.608125238476671250e+14
1.854676923084698503e-02 8.590112116414237500e+14
1.863246311931559748e-02 8.571962838182417500e+14
1.871855294965579092e-02 8.553676670855452500e+14
1.880504055128582458e-02 8.535252883397241250e+14
1.889192776207666499e-02 8.516690746809911250e+14
1.897921642839100337e-02 8.497989534285410000e+14
1.906690840512251933e-02 8.479148521360181250e+14
1.915500555573527997e-02 8.460166986072963750e+14
1.924350975230331232e-02 8.441044209125722500e+14
1.933242287555045347e-02 8.421779474047735000e+14
1.942174681489025612e-02 8.402372067362970000e+14
1.951148346846616477e-02 8.382821278760675000e+14
1.960163474319185847e-02 8.363126401269287500e+14
1.969220255479172538e-02 8.343286731433735000e+14
1.978318882784164262e-02 8.323301569496011250e+14
1.987459549580982907e-02 8.303170219579328750e+14
1.996642450109793396e-02 8.282891989875577500e+14
2.005867779508234069e-02 8.262466192836420000e+14
2.015135733815557467e-02 8.241892145367843750e+14
2.024446509976803726e-02 8.221169169028295000e+14
2.033800305846980919e-02 8.200296588884238750e+14
2.043197320195270367e-02 8.179273739407158750e+14
2.052637752709252084e-02 8.158099955674218750e+14
2.062121803999143396e-02 8.136774579907298750e+14
2.071649675602068794e-02 8.115296960221607500e+14
2.081221569986338102e-02 8.093666449813627500e+14
2.090837690555749986e-02 8.071882409130046250e+14
2.100498241653915230e-02 8.049944204525951250e+14
2.110203428568595621e-02 8.027851208960050000e+14
2.119953457536070951e-02 8.005602802230752500e+14
2.129748535745519880e-02 7.983198371216282500e+14
2.139588871343421628e-02 7.960637310118858750e+14
2.149474673437980557e-02 7.937919020196717500e+14
2.159406152103566373e-02 7.915042911961737500e+14
2.169383518385184506e-02 7.892008402708525000e+14
2.179406984302954819e-02 7.868814918458787500e+14
2.189476762856620851e-02 7.845461894765895000e+14
2.199593068030074663e-02 7.821948773356925000e+14
2.209756114795902171e-02 7.798275007724875000e+14
2.219966119119954825e-02 7.774440059949363750e+14
2.230223297965937615e-02 7.750443401818775000e+14
2.240527869300018224e-02 7.726284515116668750e+14
2.250880052095461867e-02 7.701962891912597500e+14
2.261280066337278266e-02 7.677478034857295000e+14
2.271728133026905058e-02 7.652829457482391250e+14
2.282224474186897445e-02 7.628016684504547500e+14
2.292769312865648723e-02 7.603039252134128750e+14
2.303362873142131284e-02 7.577896708388408750e+14
2.314005380130652878e-02 7.552588613409315000e+14
2.324697059985647921e-02 7.527114539785707500e+14
2.335438139906479207e-02 7.501474072880362500e+14
2.346228848142262527e-02 7.475666811161438750e+14
2.357069413996727703e-02 7.449692366538681250e+14
2.367960067833077553e-02 7.423550364704195000e+14
2.378901041078893344e-02 7.397240445477956250e+14
2.389892566231050300e-02 7.370762263157931250e+14
2.400934876860651851e-02 7.344115486874942500e+14
2.412028207618006903e-02 7.317299800952182500e+14
2.423172794237599473e-02 7.290314905269488750e+14
2.434368873543110365e-02 7.263160515632282500e+14
2.445616683452446483e-02 7.235836364145278750e+14
2.456916462982790261e-02 7.208342199590875000e+14
2.468268452255692469e-02 7.180677787812273750e+14
2.479672892502158763e-02 7.152842912101377500e+14
2.491130026067788633e-02 7.124837373591301250e+14
2.502640096417919208e-02 7.096660991653722500e+14
2.514203348142796460e-02 7.068313604300822500e+14
2.525820026962784584e-02 7.039795068592007500e+14
2.537490379733570514e-02 7.011105261045277500e+14
2.549214654451423256e-02 6.982244078053245000e+14
2.560993100258459471e-02 6.953211436303848750e+14
2.572825967447933335e-02 6.924007273205680000e+14
2.584713507469563881e-02 6.894631547317862500e+14
2.596655972934871007e-02 6.865084238784611250e+14
2.608653617622547910e-02 6.835365349774237500e+14
2.620706696483852613e-02 6.805474904922747500e+14
2.632815465648021339e-02 6.775412951781882500e+14
2.644980182427720053e-02 6.745179561271607500e+14
2.657201105324505375e-02 6.714774828137003750e+14
2.669478494034320873e-02 6.684198871409490000e+14
2.681812609453015570e-02 6.653451834872408750e+14
2.694203713681883605e-02 6.622533887530777500e+14
2.706652070033241375e-02 6.591445224085286250e+14
2.719157943036017502e-02 6.560186065410406250e+14
2.731721598441376117e-02 6.528756659036595000e+14
2.744343303228365463e-02 6.497157279636403750e+14
2.757023325609583853e-02 6.465388229514642500e+14
2.769761935036891068e-02 6.433449839102260000e+14
2.782559402207124277e-02 6.401342467454062500e+14
2.795415999067856622e-02 6.369066502750046250e+14
2.808331998823172457e-02 6.336622362800385000e+14
2.821307675939472084e-02 6.304010495553821250e+14
2.834343306151309444e-02 6.271231379609440000e+14
2.847439166467246457e-02 6.238285524731787500e+14
2.860595535175742068e-02 6.205173472369065000e+14
2.873812691851066262e-02 6.171895796174406250e+14
2.887090917359236286e-02 6.138453102530045000e+14
2.900430493863991738e-02 6.104846031074300000e+14
2.913831704832786987e-02 6.071075255231158750e+14
2.927294835042815874e-02 6.037141482742400000e+14
2.940820170587063812e-02 6.003045456202091250e+14
2.954407998880381400e-02 5.968787953593262500e+14
2.968058608665602449e-02 5.934369788826612500e+14
2.981772290019671715e-02 5.899791812281135000e+14
2.995549334359813229e-02 5.865054911346407500e+14
3.009390034449721182e-02 5.830160010966417500e+14
3.023294684405777866e-02 5.795108074184751250e+14
3.037263579703311511e-02 5.759900102703155000e+14
3.051297017182869400e-02 5.724537137388386250e+14
3.065395295056526706e-02 5.689020258866505000e+14
3.079558712914226559e-02 5.653350588050696250e+14
3.093787571730138158e-02 5.617529286692471250e+14
3.108082173869063797e-02 5.581557557930415625e+14
3.122442823092856298e-02 5.545436646838860625e+14
3.136869824566876352e-02 5.509167840976005625e+14
3.151363484866478992e-02 5.472752470931423125e+14
3.165924111983522277e-02 5.436191910835725000e+14
3.180552015332920035e-02 5.399487578994026250e+14
3.195247505759211959e-02 5.362640938443732500e+14
3.210010895543171511e-02 5.325653497294532500e+14
3.224842498408442282e-02 5.288526809461166250e+14
3.239742629528197249e-02 5.251262475144396875e+14
3.254711605531847990e-02 5.213862141365556875e+14
3.269749744511766393e-02 5.176327502498126250e+14
3.284857366030043829e-02 5.138660300795851875e+14
3.300034791125285027e-02 5.100862326917059375e+14
3.315282342319424841e-02 5.062935420444901875e+14
3.330600343624588733e-02 5.024881470403016250e+14
3.345989120549973384e-02 4.986702415797986250e+14
3.361449000108764767e-02 4.948400245996268750e+14
3.376980310825091619e-02 4.909977001420046250e+14
3.392583382740993470e-02 4.871434773908364375e+14
3.408258547423451829e-02 4.832775707237973125e+14
3.424006137971424141e-02 4.794001997603660625e+14
3.439826489022924233e-02 4.755115894091150625e+14
3.455719936762139538e-02 4.716119699142109375e+14
3.471686818926561502e-02 4.677015769010940000e+14
3.487727474814177747e-02 4.637806514212669375e+14
3.503842245290673951e-02 4.598494399961579375e+14
3.520031472796678745e-02 4.559081946600071875e+14
3.536295501355042614e-02 4.519571730017173750e+14
3.552634676578141082e-02 4.479966382056256875e+14
3.569049345675229939e-02 4.440268590911331250e+14
3.585539857459817126e-02 4.400481101511457500e+14
3.602106562357069997e-02 4.360606715892665625e+14
3.618749812411280187e-02 4.320648293556745000e+14
3.635469961293319452e-02 4.280608751816525625e+14
3.652267364308175307e-02 4.240491066126770625e+14
3.669142378402494298e-02 4.200298270400286250e+14
3.686095362172157885e-02 4.160033457308570000e+14
3.703126675869927026e-02 4.119699778566237500e+14
3.720236681413068014e-02 4.079300445198849375e+14
3.737425742391064371e-02 4.038838727793156250e+14
3.754694224073337055e-02 3.998317956729352500e+14
3.772042493416997294e-02 3.957741522394541875e+14
3.789470919074667404e-02 3.917112875376638125e+14
3.806979871402285664e-02 3.876435526638238750e+14
3.824569722466999305e-02 3.835713047669469375e+14
3.842240846055060971e-02 3.794949070619232500e+14
3.859993617679767508e-02 3.754147288404135000e+14
3.877828414589457040e-02 3.713311454794186875e+14
3.895745615775503268e-02 3.672445384474700000e+14
3.913745601980384015e-02 3.631552953083451875e+14
3.931828755705769896e-02 3.590638097222402500e+14
3.949995461220642823e-02 3.549704814443175625e+14
3.968246104569481819e-02 3.508757163205414375e+14
3.986581073580440504e-02 3.467799262807328125e+14
4.005000757873611317e-02 3.426835293287416250e+14
4.023505548869293208e-02 3.385869495296722500e+14
4.042095839796305823e-02 3.344906169940625625e+14
4.060772025700365440e-02 3.303949678589360000e+14
4.079534503452451194e-02 3.263004442656441250e+14
4.098383671757261509e-02 3.222074943344018750e+14
4.117319931161678853e-02 3.181165721354366250e+14
4.136343684063273352e-02 3.140281376566604375e+14
4.155455334718875099e-02 3.099426567677628125e+14
4.174655289253136753e-02 3.058606011806145625e+14
4.193943955667186335e-02 3.017824484061518125e+14
4.213321743847289053e-02 2.977086817069035000e+14
4.232789065573548670e-02 2.936397900461372500e+14
4.252346334528681743e-02 2.895762680326804375e+14
4.271993966306778662e-02 2.855186158616741875e+14
4.291732378422157684e-02 2.814673392511600938e+14
4.311561990318228677e-02 2.774229493742925625e+14
4.331483223376398489e-02 2.733859627871950312e+14
4.351496500925049887e-02 2.693569013523031250e+14
4.371602248248504519e-02 2.653362921571338438e+14
4.391800892596085804e-02 2.613246674283573438e+14
4.412092863191190151e-02 2.573225644411022500e+14
4.432478591240395643e-02 2.533305254233915000e+14
4.452958509942655380e-02 2.493490974556078750e+14
4.473533054498465139e-02 2.453788323649200312e+14
4.494202662119142072e-02 2.414202866145474688e+14
4.514967772036102001e-02 2.374740211877979375e+14
4.535828825510185985e-02 2.335406014667762500e+14
4.556786265841063915e-02 2.296205971056693438e+14
4.577840538376618668e-02 2.257145818985389375e+14
4.598992090522438514e-02 2.218231336415087188e+14
4.620241371751312998e-02 2.179468339892832812e+14
4.641588833612777382e-02 2.140862683059017500e+14
4.663034929742731344e-02 2.102420255096417500e+14
4.684580115873047956e-02 2.064146979120096562e+14
4.706224849841281199e-02 2.026048810507115000e+14
4.727969591600390820e-02 1.988131735165526562e+14
4.749814803228499804e-02 1.950401767741783125e+14
4.771760948938745528e-02 1.912864949765805000e+14
4.793808495089109389e-02 1.875527347733153750e+14
4.815957910192350533e-02 1.838395051123475312e+14
4.838209664925956915e-02 1.801474170354668438e+14
4.860564232142133845e-02 1.764770834672197500e+14
4.883022086877879947e-02 1.728291189972824375e+14
4.905583706365047869e-02 1.692041396562455625e+14
4.928249570040513228e-02 1.656027626847335625e+14
4.951020159556351191e-02 1.620256062958348438e+14
4.973895958790062327e-02 1.584732894307889062e+14
4.996877453854883799e-02 1.549464315078897812e+14
5.019965133110081829e-02 1.514456521645886875e+14
5.043159487171358646e-02 1.479715709927461875e+14
5.066461008921268466e-02 1.445248072670274062e+14
5.089870193519679953e-02 1.411059796664166562e+14
5.113387538414326111e-02 1.377157059888333281e+14
5.137013543351340999e-02 1.343546028588567500e+14
5.160748710385907462e-02 1.310232854285429531e+14
5.184593543892913187e-02 1.277223670713521719e+14
5.208548550577660197e-02 1.244524590691959219e+14
5.232614239486661767e-02 1.212141702926150625e+14
5.256791122018421997e-02 1.180081068741338594e+14
5.281079711934331261e-02 1.148348718748023125e+14
5.305480525369574152e-02 1.116950649439850156e+14
5.329994080844088072e-02 1.085892819724403750e+14
5.354620899273607876e-02 1.055181147387440625e+14
5.379361503980700093e-02 1.024821505491349531e+14
5.404216420705915125e-02 9.948197187084390625e+13
5.429186177618942899e-02 9.651815595900471875e+13
5.454271305329833758e-02 9.359127447723182812e+13
5.479472336900287344e-02 9.070189311197151562e+13
5.504789807854970629e-02 8.785057118074289062e+13
5.530224256192900478e-02 8.503786123439003125e+13
5.555776222398877556e-02 8.226430865348223438e+13
5.581446249454963954e-02 7.953045123900878125e+13
5.607234882852032976e-02 7.683681879752264062e+13
5.633142670601355012e-02 7.418393272090687500e+13
5.659170163246242391e-02 7.157230556094100000e+13
5.685317913873753209e-02 6.900244059886193750e+13
5.711586478126431943e-02 6.647483141012579688e+13
5.737976414214134013e-02 6.398996142458587500e+13
5.764488282925876034e-02 6.154830348232261719e+13
5.791122647641758214e-02 5.915031938536750781e+13
5.817880074344935343e-02 5.679645944557967969e+13
5.844761131633634255e-02 5.448716202894978125e+13
5.871766390733255264e-02 5.222285309661296875e+13
5.898896425508496494e-02 5.000394574287785938e+13
5.926151812475552449e-02 4.783083973058317969e+13
5.953533130814370189e-02 4.570392102411307031e+13
5.981040962380940879e-02 4.362356132041981250e+13
6.008675891719687107e-02 4.159011757840953906e+13
6.036438506075866850e-02 3.960393154707413281e+13
6.064329395408061402e-02 3.766532929275670312e+13
6.092349152400711870e-02 3.577462072596178125e+13
6.120498372476699395e-02 3.393209912813506250e+13
6.148777653810023197e-02 3.213804067884978125e+13
6.177187597338491126e-02 3.039270398386311328e+13
6.205728806776500406e-02 2.869632960451081641e+13
6.234401888627864180e-02 2.704913958893374609e+13
6.263207452198689407e-02 2.545133700564258203e+13
6.292146109610344262e-02 2.390310547994277344e+13
6.321218475812451221e-02 2.240460873376341406e+13
6.350425168595962011e-02 2.095599012944482031e+13
6.379766808606282535e-02 1.955737221805982031e+13
6.409244019356453992e-02 1.820885629285973047e+13
6.438857427240420039e-02 1.691052194845047266e+13
6.468607661546327270e-02 1.566242664632528516e+13
6.498495354469888130e-02 1.446460528739234766e+13
6.528521141127847927e-02 1.331706979215227930e+13
6.558685659571432403e-02 1.221980868920215039e+13
6.588989550799949357e-02 1.117278671274706641e+13
6.619433458774394430e-02 1.017594440982835156e+13
6.650018030431117944e-02 9.229197757983968750e+12
6.680743915695615265e-02 8.332437794072148438e+12
6.711611767496283854e-02 7.485530255010221680e+12
6.742622241778342684e-02 6.688315231183385742e+12
6.773775997517751668e-02 5.940606833302275391e+12
6.805073696735206012e-02 5.242192873493916992e+12
6.836516004510238831e-02 4.592834561424146484e+12
6.868103588995304321e-02 3.992266216264729980e+12
6.899837121430017761e-02 3.440194995322193848e+12
6.931717276155408003e-02 2.936300640162508301e+12
6.963744730628222690e-02 2.480235241070523438e+12
6.995920165435375038e-02 2.071623020691276123e+12
7.028244264308348976e-02 1.710060137711369629e+12
7.060717714137772216e-02 1.395114511439468262e+12
7.093341204987996251e-02 1.126325668176134521e+12
7.126115430111745752e-02 9.032046101181511230e+11
7.159041085964888695e-02 7.252337079814792480e+11
7.192118872221189840e-02 5.918666178097456055e+11
7.225349491787214085e-02 5.025282231478272705e+11
7.258733650817253413e-02 4.566146033358267212e+11
7.292272058728312134e-02 4.534930288155704346e+11
7.325965428215229502e-02 4.925019843182661743e+11
7.359814475265767653e-02 5.729512207963171387e+11
7.393819919175866062e-02 6.941218369549316406e+11
7.427982482564918221e-02 8.552663912301574707e+11
7.462302891391107973e-02 1.055609045049015625e+12
7.496781874966876313e-02 1.294345738195191162e+12
7.531420165974371528e-02 1.570644397087940674e+12
7.566218500481054765e-02 1.883645176766848389e+12
7.601177617955330590e-02 2.232460737318778320e+12
7.636298261282241373e-02 2.616176555713539062e+12
7.671581176779301847e-02 3.033851273243777832e+12
7.707027114212298968e-02 3.484517079980178711e+12
7.742636826811269413e-02 3.967180136389620117e+12
7.778411071286489564e-02 4.480821032970951172e+12
7.814350607844541829e-02 5.024395288486364258e+12
7.850456200204508628e-02 5.596833887366604492e+12
7.886728615614152504e-02 6.197043856826934570e+12
7.923168624866253062e-02 6.823908884195178711e+12
7.959777002314985528e-02 7.476289974905602539e+12
7.996554525892346499e-02 8.153026151567687500e+12
8.033501977124735127e-02 8.852935194472300781e+12
8.070620141149503768e-02 9.574814423840447266e+12
8.107909806731686264e-02 1.031744152407253516e+13
8.145371766280745662e-02 1.107957541019152148e+13
8.183006815867389927e-02 1.185995713661659570e+13
8.220815755240540312e-02 1.265731085003320312e+13
8.258799387844267814e-02 1.347034481119168555e+13
8.296958520834907258e-02 1.429775234090036719e+13
8.335293965098194979e-02 1.513821298713503516e+13
8.373806535266489770e-02 1.599039361627666797e+13
8.412497049736118726e-02 1.685294957495703320e+13
8.451366330684717543e-02 1.772452589323694141e+13
8.490415204088747059e-02 1.860375852866499219e+13
8.529644499741025065e-02 1.948927565066933594e+13
8.569055051268346934e-02 2.037969896465020312e+13
8.608647696149245021e-02 2.127364507504725000e+13
8.648423275731721704e-02 2.216972688655499609e+13
8.688382635251183650e-02 2.306655504257032422e+13
8.728526623848380239e-02 2.396273939984527734e+13
8.768856094587426653e-02 2.485689053822073828e+13
8.809371904473990711e-02 2.574762130421137891e+13
8.850074914473433918e-02 2.663354838709708203e+13
8.890965989529157898e-02 2.751329392607635156e+13
8.932045998580968871e-02 2.838548714691514844e+13
8.973315814583519845e-02 2.924876602641651953e+13
9.014776314524917955e-02 3.010177898292063672e+13
9.056428379445288779e-02 3.094318659092242969e+13
9.098272894455558535e-02 3.177166331778528125e+13
9.140310748756232118e-02 3.258589928039962109e+13
9.182542835656282154e-02 3.338460201952385938e+13
9.224970052592174063e-02 3.416649828942052344e+13
9.267593301146878626e-02 3.493033586027901172e+13
9.310413487069074678e-02 3.567488533080098438e+13
9.353431520292386503e-02 3.639894194819800000e+13
9.396648314954690606e-02 3.710132743273596094e+13
9.440064789417602908e-02 3.778089180384249219e+13
9.483681866285922912e-02 3.843651520467232031e+13
9.527500472427290201e-02 3.906710972191738281e+13
9.571521538991865918e-02 3.967162119752895312e+13
9.615746001432096124e-02 4.024903102891253125e+13
9.660174799522645850e-02 4.079835795404887500e+13
9.704808877380301235e-02 4.131865981788728125e+13
9.749649183484086767e-02 4.180903531626222656e+13
9.794696670695395013e-02 4.226862571348432812e+13
9.839952296278231536e-02 4.269661652966800781e+13
9.885417021919573610e-02 4.309223919377290625e+13
9.931091813749795549e-02 4.345477265825484375e+13
9.976977642363200893e-02 4.378354497115014062e+13
1.002307548283865452e-01 4.407793480135037500e+13
1.006938631476027579e-01 4.433737291276513281e+13
1.011591112223829692e-01 4.456134358302007031e+13
1.016265089392994619e-01 4.474938596229383594e+13
1.020960662306046457e-01 4.490109536786530469e+13
1.025677930744421928e-01 4.501612450991810938e+13
1.030416994950588000e-01 4.509418464413521875e+13
1.035177955630176283e-01 4.513504664661496875e+13
1.039960913954119798e-01 4.513854200664704688e+13
1.044765971560804169e-01 4.510456373290814062e+13
1.049593230558227702e-01 4.503306716866946875e+13
1.054442793526168959e-01 4.492407071165478125e+13
1.059314763518370006e-01 4.477765643424595312e+13
1.064209244064724114e-01 4.459397059980802344e+13
1.069126339173476076e-01 4.437322407099257812e+13
1.074066153333433360e-01 4.411569260598195312e+13
1.079028791516184194e-01 4.382171703875542188e+13
1.084014359178330916e-01 4.349170333959314062e+13
1.089022962263729993e-01 4.312612255218482031e+13
1.094054707205742438e-01 4.272551060387759375e+13
1.099109700929497280e-01 4.229046798578274219e+13
1.104188050854160719e-01 4.182165929966367188e+13
1.109289864895222771e-01 4.131981266874615625e+13
1.114415251466787521e-01 4.078571900983212500e+13
1.119564319483878218e-01 4.022023116435224219e+13
1.124737178364751955e-01 3.962426288626746094e+13
1.129933938033222257e-01 3.899878768502348438e+13
1.135154708920999012e-01 3.834483752206957031e+13
1.140399601970032428e-01 3.766350135978620312e+13
1.145668728634871431e-01 3.695592356200968750e+13
1.150962200885032316e-01 3.622330214570770312e+13
1.156280131207376022e-01 3.546688688374306250e+13
1.161622632608501904e-01 3.468797725905957031e+13
1.166989818617146929e-01 3.388792027104344141e+13
1.172381803286598606e-01 3.306810809524313672e+13
1.177798701197119297e-01 3.222997559807919141e+13
1.183240627458378574e-01 3.137499770863842188e+13
1.188707697711903349e-01 3.050468665012167969e+13
1.194200028133531877e-01 2.962058903400597656e+13
1.199717735435884280e-01 2.872428282048033203e+13
1.205260936870842653e-01 2.781737414922828906e+13
1.210829750232040036e-01 2.690149404515183594e+13
1.216424293857368000e-01 2.597829500415769922e+13
1.222044686631488103e-01 2.504944746466875781e+13
1.227691047988359180e-01 2.411663617105891406e+13
1.233363497913776002e-01 2.318155643575734375e+13
1.239062156947916271e-01 2.224591030731409766e+13
1.244787146187906202e-01 2.131140265226171875e+13
1.250538587290390691e-01 2.037973715915517578e+13
1.256316602474120692e-01 1.945261227370601953e+13
1.262121314522547388e-01 1.853171707446165234e+13
1.267952846786434551e-01 1.761872709900017578e+13
1.273811323186478384e-01 1.671530013112369531e+13
1.279696868215940975e-01 1.582307196002765039e+13
1.285609606943295680e-01 1.494365212290323633e+13
1.291549665014883885e-01 1.407861964288947070e+13
1.297517168657587594e-01 1.322951877472735352e+13
1.303512244681508947e-01 1.239785477088201562e+13
1.309535020482666956e-01 1.158508968127916211e+13
1.315585624045704505e-01 1.079263820015625000e+13
1.321664183946605065e-01 1.002186357384544727e+13
1.327770829355429671e-01 9.274073583584291016e+12
1.333905690039058622e-01 8.550516617692902344e+12
1.340068896363950102e-01 7.852377847649736328e+12
1.346260579298910465e-01 7.180775522749757812e+12
1.352480870417875347e-01 6.536757398129197266e+12
1.358729901902709924e-01 5.921297310987939453e+12
1.365007806546013891e-01 5.335291919836696289e+12
1.371314717753944756e-01 4.779557621527616211e+12
1.377650769549054188e-01 4.254827660704182617e+12
1.384016096573131571e-01 3.761749446117259277e+12
1.390410834090070324e-01 3.300882087998540527e+12
1.396835117988739772e-01 2.872694170363947266e+12
1.403289084785872554e-01 2.477561771725815918e+12
1.409772871628967028e-01 2.115766747231345947e+12
1.416286616299198831e-01 1.787495284709352295e+12
1.422830457214352695e-01 1.492836746497085938e+12
1.429404533431760937e-01 1.231782808235329590e+12
1.436008984651259979e-01 1.004226905058534302e+12
1.442643951218157972e-01 8.099639947882164307e+11
1.449309574126216582e-01 6.486906467068625488e+11
1.456005995020649424e-01 5.200054638539891968e+11
1.462733356201129931e-01 4.234098451423302002e+11
1.469491800624816435e-01 3.583090930327523193e+11
1.476281471909390297e-01 3.240138709570908813e+11
1.483102514336104294e-01 3.197420135149854126e+11
1.489955072852854334e-01 3.446206911121092529e+11
1.496839293077255606e-01 3.976889293014556274e+11
1.503755321299737602e-01 4.779004816238557739e+11
1.510703304486654963e-01 5.841270532235992432e+11
1.517683390283405265e-01 7.151618709440535889e+11
1.524695727017573721e-01 8.697235939929970703e+11
1.531740463702079835e-01 1.046460557612126831e+12
1.538817750038345700e-01 1.243955340498891846e+12
1.545927736419477616e-01 1.460729644992986328e+12
1.553070573933459930e-01 1.695249477471682617e+12
1.560246414366368850e-01 1.945930614172200439e+12
1.567455410205594868e-01 2.211144336730289551e+12
1.574697714643086000e-01 2.489223419179143555e+12
1.581973481578600738e-01 2.778468346925915039e+12
1.589282865622977936e-01 3.077153746373870117e+12
1.596626022101425846e-01 3.383535002233052734e+12
1.604003107056820032e-01 3.695855037962456543e+12
1.611414277253019056e-01 4.012351233248597656e+12
1.618859690178198474e-01 4.331262450957971191e+12
1.626339504048192330e-01 4.650836144616457031e+12
1.633853877809861299e-01 4.969335516181658203e+12
1.641402971144466372e-01 5.285046692690840820e+12
1.648986944471065030e-01 5.596285889306058594e+12
1.656605958949914359e-01 5.901406525345141602e+12
1.664260176485903575e-01 6.198806259098983398e+12
1.671949759731989338e-01 6.486933906598296875e+12
1.679674872092653259e-01 6.764296209023777344e+12
1.687435677727375793e-01 7.029464413157552734e+12
1.695232341554120392e-01 7.281080629164283203e+12
1.703065029252844309e-01 7.517863930076305664e+12
1.710933907269014398e-01 7.738616157645689453e+12
1.718839142817145671e-01 7.942227399728052734e+12
1.726780903884355955e-01 8.127681105082308594e+12
1.734759359233931653e-01 8.294058802414525391e+12
1.742774678408919031e-01 8.440544391668117188e+12
1.750827031735724126e-01 8.566427976967592773e+12
1.758916590327732621e-01 8.671109212264332031e+12
1.767043526088946659e-01 8.754100132607477539e+12
1.775208011717634982e-01 8.815027446072742188e+12
1.783410220710008043e-01 8.853634263721917969e+12
1.791650327363900341e-01 8.869781247532396484e+12
1.799928506782476345e-01 8.863447159023156250e+12
1.808244934877951682e-01 8.834728794301265625e+12
1.816599788375327651e-01 8.783840294453413086e+12
1.824993244816152382e-01 8.711111823594848633e+12
1.833425482562289766e-01 8.616987610451814453e+12
1.841896680799710861e-01 8.502023353074484375e+12
1.850407019542302245e-01 8.366882990138657227e+12
1.858956679635687392e-01 8.212334846274070312e+12
1.867545842761076103e-01 8.039247162933712891e+12
1.876174691439120579e-01 7.848583030467078125e+12
1.884843409033795381e-01 7.641394741253887695e+12
1.893552179756295140e-01 7.418817587966427734e+12
1.902301188668944765e-01 7.182063135227887695e+12
1.911090621689137958e-01 6.932411997088783203e+12
1.919920665593283782e-01 6.671206156823814453e+12
1.928791508020777645e-01 6.399840869519828125e+12
1.937703337477988952e-01 6.119756191750615234e+12
1.946656343342262341e-01 5.832428186279075195e+12
1.955650715865949185e-01 5.539359853155528320e+12
1.964686646180445473e-01 5.242071841759750000e+12
1.973764326300255501e-01 4.942093001223218750e+12
1.982883949127071388e-01 4.640950829237002930e+12
1.992045708453870356e-01 4.340161881461568359e+12
2.001249798969036986e-01 4.041222205576214355e+12
2.010496416260497965e-01 3.745597865406876465e+12
2.019785756819878486e-01 3.454715621520004883e+12
2.029118018046678074e-01 3.169953835142264160e+12
2.038493398252463062e-01 2.892633662235477051e+12
2.047912096665085446e-01 2.624010604001750000e+12
2.057374313432912549e-01 2.365266478999515137e+12
2.066880249629081956e-01 2.117501880400065918e+12
2.076430107255774760e-01 1.881729179700523926e+12
2.086024089248503799e-01 1.658866135425238037e+12
2.095662399480432980e-01 1.449730161994538086e+12
2.105345242766704927e-01 1.255033310024211670e+12
2.115072824868794721e-01 1.075378004849023071e+12
2.124845352498882789e-01 9.112535850590068359e+11
2.134663033324244452e-01 7.630336773184432373e+11
2.144526075971667500e-01 6.309744377337624512e+11
2.154434690031883370e-01 5.152136835834197998e+11
2.164389086064020251e-01 4.157709323696436157e+11
2.174389475600080057e-01 3.325483578567054443e+11
2.184436071149427339e-01 2.653326654342140808e+11
2.194529086203313717e-01 2.137978810133054810e+11
2.204668735239408706e-01 1.775090400319243164e+11
2.214855233726359396e-01 1.559267548511853027e+11
2.225088798128369294e-01 1.484126307558274536e+11
2.235369645909795477e-01 1.542354926592565918e+11
2.245697995539774061e-01 1.725783766247317505e+11
2.256074066496860375e-01 2.025462325232101440e+11
2.266498079273693844e-01 2.431742766409931030e+11
2.276970255381680075e-01 2.934369259136266479e+11
2.287490817355702921e-01 3.522572387837052002e+11
2.298059988758850980e-01 4.185167815454805908e+11
2.308677994187168514e-01 4.910658335244844360e+11
2.319345059274428578e-01 5.687338397081680908e+11
2.330061410696924740e-01 6.503400152444608154e+11
2.340827276178293059e-01 7.347040034021163330e+11
2.351642884494348495e-01 8.206564860398148193e+11
2.362508465477946296e-01 9.070496445952342529e+11
2.373424250023867532e-01 9.927673693399959717e+11
2.384390470093720460e-01 1.076735115533520142e+12
2.395407358720878233e-01 1.157929307092401367e+12
2.406475150015424114e-01 1.235386191498561035e+12
2.417594079169129717e-01 1.308210053906032227e+12
2.428764382460451843e-01 1.375580703763213623e+12
2.439986297259550130e-01 1.436760153723934082e+12
2.451260062033338571e-01 1.491098418139943604e+12
2.462585916350546744e-01 1.538038366957690430e+12
2.473964100886812956e-01 1.577119580318382080e+12
2.485394857429799875e-01 1.607981159499989258e+12
2.496878428884326817e-01 1.630363460948174805e+12
2.508415059277540049e-01 1.644108731909954346e+12
2.520004993764092260e-01 1.649160638485716553e+12
2.531648478631354227e-01 1.645562689616728027e+12
2.543345761304649510e-01 1.633455573479032715e+12
2.555097090352507205e-01 1.613073435804132568e+12
2.566902715491950482e-01 1.584739142618767578e+12
2.578762887593800679e-01 1.548858582692880859e+12
2.590677858688007484e-01 1.505914077137360107e+12
2.602647881969005761e-01 1.456456975609476807e+12
2.614673211801092356e-01 1.401099529260550293e+12
2.626754103723836775e-01 1.340506140750469238e+12
2.638890814457510170e-01 1.275384100513518311e+12
2.651083601908537646e-01 1.206473926064041748e+12
2.663332725174982207e-01 1.134539427500276611e+12
2.675638444552045359e-01 1.060357626810099731e+12
2.688001021537606006e-01 9.847086618454899902e+11
2.700420718837772682e-01 9.083658069559610596e+11
2.712897800372465751e-01 8.320857417624226074e+11
2.725432531281029025e-01 7.565991971155278320e+11
2.738025177927857490e-01 6.826021029590725098e+11
2.750676007908066101e-01 6.107473566108704834e+11
2.763385290053169685e-01 5.416373219200420532e+11
2.776153294436799479e-01 4.758171599289252319e+11
2.788980292380440762e-01 4.137690801616746826e+11
2.801866556459195468e-01 3.559075886107384033e+11
2.814812360507579769e-01 3.025757940593029175e+11
2.827817979625341094e-01 2.540428187538197632e+11
2.840883690183302890e-01 2.105023428440183411e+11
2.854009769829238818e-01 1.720722946864888916e+11
2.867196497493769702e-01 1.387956812899745789e+11
2.880444153396296558e-01 1.106425352964944611e+11
2.893753019050950281e-01 8.751293689972994995e+10
2.907123377272576858e-01 6.924105181315821838e+10
2.920555512182746449e-01 5.560010962522132874e+10
2.934049709215786894e-01 4.630823125735472107e+10
2.947606255124857189e-01 4.103499993497925568e+10
2.961225437988034281e-01 3.940865741502185822e+10
2.974907547214440395e-01 4.102379645150240326e+10
2.988652873550384226e-01 4.544941186695278168e+10
3.002461709085549324e-01 5.223716634373532867e+10
3.016334347259195803e-01 6.092972333037297058e+10
3.030271082866396459e-01 7.106899840580458069e+10
3.044272212064302874e-01 8.220418214250753784e+10
3.058338032378433158e-01 9.389939200302702332e+10
3.072468842709003556e-01 1.057408180232706909e+11
3.086664943337272815e-01 1.173432370227785339e+11
3.100926635931926523e-01 1.283557825144978943e+11
3.115254223555488089e-01 1.384668723655874023e+11
3.129648010670751934e-01 1.474082132132745056e+11
3.144108303147264971e-01 1.549578193856781616e+11
3.158635408267817524e-01 1.609420043354036560e+11
3.173229634734976434e-01 1.652363238490562134e+11
3.187891292677645927e-01 1.677654722324143982e+11
3.202620693657651785e-01 1.685021547552330017e+11
3.217418150676371602e-01 1.674649814203824768e+11
3.232283978181378914e-01 1.647154481021017761e+11
3.247218492073128959e-01 1.603540907893515930e+11
3.262222009711669979e-01 1.545159165964241333e+11
3.277294849923383935e-01 1.473652309128676758e+11
3.292437333007768863e-01 1.390899931439231567e+11
3.307649780744240653e-01 1.298958435752269440e+11
3.322932516398971470e-01 1.199999506755927124e+11
3.338285864731760921e-01 1.096248313936654663e+11
3.353710152002930545e-01 9.899229655211009216e+10
3.369205705980267140e-01 8.831766922810101318e+10
3.384772855945981096e-01 7.780441605327214050e+10
3.400411932703706341e-01 6.763931980183583069e+10
3.416123268585528616e-01 5.798830665303664398e+10
3.431907197459044268e-01 4.899302347782026672e+10
3.447764054734464012e-01 4.076823976726960754e+10
3.463694177371732796e-01 3.340012591602918625e+10
3.479697903887691290e-01 2.694543509377417755e+10
3.495775574363275129e-01 2.143159042931820679e+10
3.511927530450729695e-01 1.685765352134292603e+10
3.528154115380883193e-01 1.319612496060877228e+10
3.544455673970433596e-01 1.039550342350221825e+10
3.560832552629277781e-01 8.383507665420460701e+09
3.577285099367873422e-01 7.070846111998762131e+09
3.593813663804627523e-01 6.355402362846179008e+09
3.610418597173337130e-01 6.126692360869303703e+09
3.627100252330646146e-01 6.270440721280801773e+09
3.643858983763544335e-01 6.673120125606754303e+09
3.660695147596902399e-01 7.226299004832139015e+09
3.677609101601032604e-01 7.830649054227136612e+09
3.694601205199302685e-01 8.399475382725277901e+09
3.711671819475764744e-01 8.861648068254400253e+09
3.728821307182833555e-01 9.163834202103883743e+09
3.746050032748993175e-01 9.271953594435041428e+09
3.763358362286534642e-01 9.171808508095233917e+09
3.780746663599349189e-01 8.868867253773912430e+09
3.798215306190734220e-01 8.387212283638602257e+09
3.815764661271248692e-01 7.767694538215636253e+09
3.833395101766601254e-01 7.065366152165736198e+09
3.851107002325570572e-01 6.346292106132249832e+09
3.868900739327975624e-01 5.683866936512948036e+09
3.886776690892665975e-01 5.154784149971003532e+09
3.904735236885559790e-01 4.834822594097138405e+09
3.922776758927719598e-01 4.794624914005822182e+09
3.940901640403449702e-01 5.095647718366779327e+09
3.959110266468458539e-01 5.786460799655241013e+09
3.977403024058034919e-01 6.899563453301164627e+09
3.995780301895269782e-01 8.448869716555911064e+09
4.014242490499321803e-01 1.042799149788025093e+10
4.032789982193707434e-01 1.280941969295782661e+10
4.051423171114647559e-01 1.554466933893357277e+10
4.070142453219436907e-01 1.856541674901380920e+10
4.088948226294862320e-01 2.178561572005184937e+10
4.107840889965646558e-01 2.510453782307310867e+10
4.126820845702953711e-01 2.841064011079872131e+10
4.145888496832911274e-01 3.158612403381930542e+10
4.165044248545182737e-01 3.451201364217974854e+10
4.184288507901582355e-01 3.707355102401683044e+10
4.203621683844713797e-01 3.916568380720618439e+10
4.223044187206674294e-01 4.069840490990239716e+10
4.242556430717777105e-01 4.160169954240966797e+10
4.262158829015322836e-01 4.182985953822735596e+10
4.281851798652413499e-01 4.136494074716142273e+10
4.301635758106794882e-01 4.021916540596765900e+10
4.321511127789764428e-01 3.843610757569531250e+10
4.341478330055092427e-01 3.609054491310698700e+10
4.361537789208003724e-01 3.328691278466510391e+10
4.381689931514192171e-01 3.015635517388418198e+10
4.401935185208874501e-01 2.685242874637438583e+10
4.422273980505899149e-01 2.354557929599905777e+10
4.442706749606882832e-01 2.041657087021030045e+10
4.463233926710394872e-01 1.764910433639886856e+10
4.483855948021188698e-01 1.542191119510809898e+10
4.504573251759458330e-01 1.390064744221531487e+10
4.525386278170169252e-01 1.322993879823268890e+10
4.546295469532399269e-01 1.352594081329447365e+10
4.567301270168744320e-01 1.486977366157135773e+10
4.588404126454759258e-01 1.730217117979179382e+10
4.609604486828433600e-01 2.081964674434236526e+10
4.630902801799739454e-01 2.537242564291169739e+10
4.652299523960189420e-01 3.086432616764735794e+10
4.673795107992461118e-01 3.715469201114263916e+10
4.695390010680060566e-01 4.406238968463448334e+10
4.717084690917017209e-01 5.137179023490886688e+10
4.738879609717653318e-01 5.884055865226627350e+10
4.760775230226367838e-01 6.620898151323432922e+10
4.782772017727482949e-01 7.321047822771635437e+10
4.804870439655131720e-01 7.958286824059700012e+10
4.827070965603182939e-01 8.507991008466529846e+10
4.849374067335235350e-01 8.948259174708926392e+10
4.871780218794630746e-01 9.260963859915676880e+10
4.894289896114529248e-01 9.432671697198785400e+10
4.916903577628028987e-01 9.455384925449180603e+10
4.939621743878320759e-01 9.327061973617646790e+10
4.962444877628915951e-01 9.051883760491380310e+10
4.985373463873893907e-01 8.640243149890129089e+10
5.008407989848210340e-01 8.108447451591680908e+10
5.031548945038054610e-01 7.478137419872593689e+10
5.054796821191240852e-01 6.775440243594608307e+10
5.078152112327672940e-01 6.029887850422505188e+10
5.101615314749833319e-01 5.273144738833944702e+10
5.125186927053330121e-01 4.537600787385945129e+10
5.148867450137495361e-01 3.854893399289110565e+10
5.172657387216018643e-01 3.254429334932088089e+10
5.196557243827659711e-01 2.761979202064092636e+10
5.220567527846975420e-01 2.398416504697121429e+10
5.244688749495116653e-01 2.178668274695207977e+10
5.268921421350674095e-01 2.110935700813407516e+10
5.293266058360561743e-01 2.196231118059194565e+10
5.317723177850969263e-01 2.428262720018165207e+10
5.342293299538352080e-01 2.793681095066016388e+10
5.366976945540475885e-01 3.272683014420381927e+10
5.391774640387502204e-01 3.839948790531075287e+10
5.416686911033151697e-01 4.465871028254749298e+10
5.441714286865890760e-01 5.118015776507192230e+10
5.466857299720180308e-01 5.762742978428229523e+10
5.492116483887788947e-01 6.366902631346107483e+10
5.517492376129126130e-01 6.899516946238737488e+10
5.542985515684668574e-01 7.333357580772724915e+10
5.568596444286411096e-01 7.646330940872763062e+10
5.594325706169377410e-01 7.822593596399237061e+10
5.620173848083187540e-01 7.853333658755502319e+10
5.646141419303669640e-01 7.737171881326339722e+10
5.672228971644543982e-01 7.480157324770097351e+10
5.698437059469139143e-01 7.095355507065925598e+10
5.724766239702178128e-01 6.602050687275174713e+10
5.751217071841613349e-01 6.024606871692344666e+10
5.777790117970503792e-01 5.391052834427426147e+10
5.804485942768977669e-01 4.731473552050959778e+10
5.831305113526221717e-01 4.076302785439507294e+10
5.858248200152536000e-01 3.454618190209770203e+10
5.885315775191450882e-01 2.892540732089683533e+10
5.912508413831878418e-01 2.411834140564900589e+10
5.939826693920355893e-01 2.028787918957221985e+10
5.967271195973313791e-01 1.753449680947183228e+10
5.994842503189409255e-01 1.589250402358172607e+10
6.022541201461928395e-01 1.533040936205050659e+10
6.050367879391220782e-01 1.575531505665210342e+10
6.078323128297229427e-01 1.702099652680182457e+10
6.106407542232039631e-01 1.893908094222681427e+10
6.134621717992505552e-01 2.129253825915551758e+10
6.162966255132942273e-01 2.385055075913686752e+10
6.191441755977844519e-01 2.638374457659330750e+10
6.220048825634711953e-01 2.867875552149592209e+10
6.248788072006891126e-01 3.055116317748451233e+10
6.277660105806499580e-01 3.185595769219828415e+10
6.306665540567405470e-01 3.249489377729978943e+10
6.335804992658250478e-01 3.242032216253295517e+10
6.365079081295571539e-01 3.163535251502204132e+10
6.394488428556940329e-01 3.019047354042673111e+10
6.424033659394190465e-01 2.817701467520326233e+10
6.453715401646702432e-01 2.571805929693945694e+10
6.483534286054724038e-01 2.295759402372474670e+10
6.513490946272803006e-01 2.004878872507365036e+10
6.543586018883232880e-01 1.714233882125161552e+10
6.573820143409585537e-01 1.437576281436210060e+10
6.604193962330304757e-01 1.186443769143741226e+10
6.634708121092347533e-01 9.694982807871179581e+09
6.665363268124913088e-01 7.921384540956151962e+09
6.696160054853218524e-01 6.564008760506759644e+09
6.727099135712336642e-01 5.611397847130910873e+09
6.758181168161110364e-01 5.024515823412506104e+09
6.789406812696109350e-01 4.742909773842710495e+09
6.820776732865685421e-01 4.692115174515561104e+09
6.852291595284061287e-01 4.791558877739370346e+09
6.883952069645495886e-01 4.962211742707318306e+09
6.915758828738525210e-01 5.133311726603420258e+09
6.947712548460236448e-01 5.247609214588077545e+09
6.979813907830659803e-01 5.264764936830735207e+09
7.012063589007180298e-01 5.162737796289125443e+09
7.044462277299037289e-01 4.937213396759484291e+09
7.077010661181889484e-01 4.599321662275692940e+09
7.109709432312434352e-01 4.172053255068224430e+09
7.142559285543126357e-01 3.685893256222134113e+09
7.175560918936925159e-01 3.174236458018475056e+09
7.208715033782135961e-01 2.669128428407424927e+09
7.242022334607315370e-01 2.197794672821156025e+09
7.275483529196228316e-01 1.780288088970618010e+09
7.309099328602910450e-01 1.428419881524258852e+09
7.342870447166761627e-01 1.145962141848591566e+09
7.376797602527734865e-01 9.299438354918521643e+08
7.410881515641569717e-01 7.727268918741241693e+08
7.445122910795138882e-01 6.644623361620963812e+08
7.479522515621821466e-01 5.954985537690036297e+08
7.514081061116966165e-01 5.583477094096339941e+08
7.548799281653435500e-01 5.489066687268297672e+08
7.583677914997191127e-01 5.667623735464386940e+08
7.618717702322995722e-01 6.145692245303994417e+08
7.653919388230148169e-01 6.966446474015884399e+08
7.689283720758309792e-01 8.170650392129639387e+08
7.724811451403403861e-01 9.776367305122193098e+08
7.760503335133570602e-01 1.176150195509226322e+09
7.796360130405233235e-01 1.405293376905200243e+09
7.832382599179196214e-01 1.652504093879540920e+09
7.868571506936847815e-01 1.900894167500387907e+09
7.904927622696424905e-01 2.131199628280953646e+09
7.941451719029339884e-01 2.324528511853752613e+09
7.978144572076625307e-01 2.465518917786354542e+09
8.015006961565405152e-01 2.545411947915172100e+09
8.052039670825473783e-01 2.564507577696788788e+09
8.089243486805942629e-01 2.533517605053524494e+09
8.126619200091945716e-01 2.473457788379426956e+09
8.164167604921467314e-01 2.413917662064423561e+09
8.201889499202202893e-01 2.389786251568237782e+09
8.239785684528515564e-01 2.436761304314394474e+09
8.277856966198476885e-01 2.586190851954622746e+09
8.316104153230962082e-01 2.859952382518025398e+09
8.354528058382867384e-01 3.266137109808691025e+09
8.393129498166364000e-01 3.796257379658756256e+09
8.431909292866255345e-01 4.424532501907951355e+09
8.470868266557406434e-01 5.109547860417569160e+09
8.510007247122246543e-01 5.798255874173139572e+09
8.549327066268380682e-01 6.431939695725059509e+09
8.588828559546249908e-01 6.953442585577907562e+09
8.628512566366891567e-01 7.314728157583658218e+09
8.668379930019778357e-01 7.483721063382484436e+09
8.708431497690723999e-01 7.449410386625902176e+09
8.748668120479909938e-01 7.224384329573710442e+09
8.789090653419954213e-01 6.844286703783208847e+09
8.829699955494086927e-01 6.364103180768654823e+09
8.870496889654407857e-01 5.851640752505153656e+09
8.911482322840201808e-01 5.378990414836551666e+09
8.952657125996396070e-01 5.013094139976128578e+09
8.994022174092044519e-01 4.806717103888387680e+09
9.035578346138924966e-01 4.791119656492103577e+09
9.077326525210228647e-01 4.971522672447406769e+09
9.119267598459298574e-01 5.326086763591359138e+09
9.161402457138516642e-01 5.808630614607625008e+09
9.203731996618220723e-01 6.354768246208022118e+09
9.246257116405738330e-01 6.890632206422165871e+09
9.288978720164502434e-01 7.342950581878985405e+09
9.331897715733238341e-01 7.649026208947893143e+09
9.375015015145284902e-01 7.765165876123517036e+09
9.418331534647951253e-01 7.672330865042601585e+09
9.461848194721996785e-01 7.378196865881080627e+09
9.505565920101196609e-01 6.915357800014062881e+09
9.549485639791965852e-01 6.335998342657622337e+09
9.593608287093141618e-01 5.703899041393424034e+09
9.637934799615786030e-01 5.085037947333106041e+09
9.682466119303123619e-01 4.538247845791356087e+09
9.727203192450541991e-01 4.107346613450066090e+09
9.772146969725724608e-01 3.815888017441697121e+09
9.817298406188835758e-01 3.665228557915371418e+09
9.862658461312820979e-01 3.636051059047202110e+09
9.908228099003797418e-01 3.692923456246851921e+09
9.954008287621524120e-01 3.790997878826480865e+09
1.000000000000000000e+00 3.883650066815211773e+09
