1.000000000000000021e-02 9.322873081214443359e+12
1.004620421346812641e-02 9.306222337807750000e+12
1.009262190987047364e-02 9.289436232847689453e+12
1.013925407558815411e-02 9.272513852675679688e+12
1.018610170155975769e-02 9.255454281197982422e+12
1.023316578330244961e-02 9.238256599967425781e+12
1.028044732093309245e-02 9.220919888266791016e+12
1.032794731918951388e-02 9.203443223195187500e+12
1.037566678745185933e-02 9.185825679756779297e+12
1.042360673976401760e-02 9.168066330953146484e+12
1.047176819485520251e-02 9.150164247875947266e+12
1.052015217616158495e-02 9.132118499805019531e+12
1.056875971184803933e-02 9.113928154306875000e+12
1.061759183483000114e-02 9.095592277338232422e+12
1.066664958279539381e-02 9.077109933350580078e+12
1.071593399822671176e-02 9.058480185398490234e+12
1.076544612842315375e-02 9.039702095251113281e+12
1.081518702552288110e-02 9.020774723505820312e+12
1.086515774652538346e-02 9.001697129705962891e+12
1.091535935331391580e-02 8.982468372461521484e+12
1.096579291267809828e-02 8.963087509572361328e+12
1.101645949633656314e-02 8.943553598155119141e+12
1.106736018095973335e-02 8.923865694774048828e+12
1.111849604819271052e-02 8.904022855573904297e+12
1.116986818467823224e-02 8.884024136418107422e+12
1.122147768207980290e-02 8.863868593028271484e+12
1.127332563710486610e-02 8.843555281129484375e+12
1.132541315152811416e-02 8.823083256597117188e+12
1.137774133221491381e-02 8.802451575609716797e+12
1.143031129114479259e-02 8.781659294803079102e+12
1.148312414543511094e-02 8.760705471430185547e+12
1.153618101736477927e-02 8.739589163524832031e+12
1.158948303439810527e-02 8.718309430067394531e+12
1.164303132920876775e-02 8.696865331157345703e+12
1.169682703970385297e-02 8.675255928188208984e+12
1.175087130904807486e-02 8.653480284026632812e+12
1.180516528568804902e-02 8.631537463196938477e+12
1.185971012337669328e-02 8.609426532068733398e+12
1.191450698119776025e-02 8.587146559049880859e+12
1.196955702359043389e-02 8.564696614783493164e+12
1.202486142037412220e-02 8.542075772349960938e+12
1.208042134677328287e-02 8.519283107472416992e+12
1.213623798344240501e-02 8.496317698728890625e+12
1.219231251649110712e-02 8.473178627767964844e+12
1.224864613750931315e-02 8.449864979529337891e+12
1.230524004359261590e-02 8.426375842469833984e+12
1.236209543736768550e-02 8.402710308794248047e+12
1.241921352701783922e-02 8.378867474692029297e+12
1.247659552630869806e-02 8.354846440577541992e+12
1.253424265461400115e-02 8.330646311337916016e+12
1.259215613694150866e-02 8.306266196584151367e+12
1.265033720395903130e-02 8.281705178958858398e+12
1.270878709202058823e-02 8.256962474151623047e+12
1.276750704319265690e-02 8.232037111663181641e+12
1.282649830528060503e-02 8.206928254585150391e+12
1.288576213185517981e-02 8.181635040127613281e+12
1.294529978227915330e-02 8.156156611856745117e+12
1.300511252173409266e-02 8.130492119987316406e+12
1.306520162124721190e-02 8.104640721681126953e+12
1.312556835771843365e-02 8.078601581352625000e+12
1.318621401394748545e-02 8.052373870980045898e+12
1.324713987866116792e-02 8.025956770423117188e+12
1.330834724654075471e-02 7.999349467748130859e+12
1.336983741824946531e-02 7.972551169668802734e+12
1.343161170046015991e-02 7.945561060046796875e+12
1.349367140588306549e-02 7.918378357769796875e+12
1.355601785329368231e-02 7.891002303140347656e+12
1.361865236756082051e-02 7.863432121645655273e+12
1.368157627967471826e-02 7.835667057783833008e+12
1.374479092677537324e-02 7.807706366723269531e+12
1.380829765218092274e-02 7.779549314683156250e+12
1.387209780541620238e-02 7.751195179321956055e+12
1.393619274224142807e-02 7.722643250133671875e+12
1.400058382468097502e-02 7.693892828850796875e+12
1.406527242105237024e-02 7.664943229856717773e+12
1.413025990599533696e-02 7.635793780604760742e+12
1.419554766050101606e-02 7.606443822046015625e+12
1.426113707194128985e-02 7.576892709065208008e+12
1.432702953409830879e-02 7.547139810924614258e+12
1.439322644719407199e-02 7.517184511717278320e+12
1.445972921792019507e-02 7.487026210827572266e+12
1.452653925946781159e-02 7.456664323401575195e+12
1.459365799155756989e-02 7.426098280825427734e+12
1.466108684046984502e-02 7.395327531213216797e+12
1.472882723907502529e-02 7.364351539903328125e+12
1.479688062686396362e-02 7.333169789964670898e+12
1.486524844997857107e-02 7.301781782711572266e+12
1.493393216124252500e-02 7.270187038228414062e+12
1.500293322019218348e-02 7.238385095903744141e+12
1.507225309310756232e-02 7.206375514973926758e+12
1.514189325304352018e-02 7.174157875077151367e+12
1.521185517986104775e-02 7.141731776816408203e+12
1.528214036025870096e-02 7.109096842333422852e+12
1.535275028780422671e-02 7.076252715892272461e+12
1.542368646296628232e-02 7.043199064473510742e+12
1.549495039314631624e-02 7.009935578378601562e+12
1.556654359271062056e-02 6.976461971845137695e+12
1.563846758302247023e-02 6.942777983672467773e+12
1.571072389247450338e-02 6.908883377858491211e+12
1.578331405652117284e-02 6.874777944246891602e+12
1.585623961771137277e-02 6.840461499186417969e+12
1.592950212572123020e-02 6.805933886200169922e+12
1.600310313738700918e-02 6.771194976667128906e+12
1.607704421673823714e-02 6.736244670515055664e+12
1.615132693503090397e-02 6.701082896924602539e+12
1.622595287078087284e-02 6.665709615045340820e+12
1.630092360979741237e-02 6.630124814724071289e+12
1.637624074521688150e-02 6.594328517244958984e+12
1.645190587753662601e-02 6.558320776080851562e+12
1.652792061464894782e-02 6.522101677658705078e+12
1.660428657187529647e-02 6.485671342135870117e+12
1.668100537200059227e-02 6.449029924189533203e+12
1.675807864530767799e-02 6.412177613818731445e+12
1.683550802961202367e-02 6.375114637159291992e+12
1.691329517029648011e-02 6.337841257311532227e+12
1.699144172034626130e-02 6.300357775180792969e+12
1.706994934038407949e-02 6.262664530331803711e+12
1.714881969870540174e-02 6.224761901855476562e+12
1.722805447131393886e-02 6.186650309249992188e+12
1.730765534195724889e-02 6.148330213314735352e+12
1.738762400216250364e-02 6.109802117058220703e+12
1.746796215127245644e-02 6.071066566619710938e+12
1.754867149648151048e-02 6.032124152204875977e+12
1.762975375287205784e-02 5.992975509035389648e+12
1.771121064345087745e-02 5.953621318312333984e+12
1.779304389918577242e-02 5.914062308194524414e+12
1.787525525904235316e-02 5.874299254790542969e+12
1.795784647002095918e-02 5.834332983165705078e+12
1.804081928719382735e-02 5.794164368363274414e+12
1.812417547374236756e-02 5.753794336440527344e+12
1.820791680099462587e-02 5.713223865519462891e+12
1.829204504846293836e-02 5.672453986852716797e+12
1.837656200388171346e-02 5.631485785903928711e+12
1.846146946324547441e-02 5.590320403443703125e+12
1.854676923084698503e-02 5.548959036660350586e+12
1.863246311931559748e-02 5.507402940285875977e+12
1.871855294965579092e-02 5.465653427737694336e+12
1.880504055128582458e-02 5.423711872275267578e+12
1.889192776207666499e-02 5.381579708172655273e+12
1.897921642839100337e-02 5.339258431906139648e+12
1.906690840512251933e-02 5.296749603357684570e+12
1.915500555573527997e-02 5.254054847034436523e+12
1.924350975230331232e-02 5.211175853303451172e+12
1.933242287555045347e-02 5.168114379642183594e+12
1.942174681489025612e-02 5.124872251905403320e+12
1.951148346846616477e-02 5.081451365607397461e+12
1.960163474319185847e-02 5.037853687220297852e+12
1.969220255479172538e-02 4.994081255488443359e+12
1.978318882784164262e-02 4.950136182758594727e+12
1.987459549580982907e-02 4.906020656326178711e+12
1.996642450109793396e-02 4.861736939797528320e+12
2.005867779508234069e-02 4.817287374468237305e+12
2.015135733815557467e-02 4.772674380717137695e+12
2.024446509976803726e-02 4.727900459416855469e+12
2.033800305846980919e-02 4.682968193359957031e+12
2.043197320195270367e-02 4.637880248700955078e+12
2.052637752709252084e-02 4.592639375995054688e+12
2.062121803999143396e-02 4.547248413455161133e+12
2.071649675602068794e-02 4.501710285602639648e+12
2.081221569986338102e-02 4.456028006779670898e+12
2.090837690555749986e-02 4.410204682183243164e+12
2.100498241653915230e-02 4.364243509150563477e+12
2.110203428568595621e-02 4.318147779209257324e+12
2.119953457536070951e-02 4.271920879227907715e+12
2.129748535745519880e-02 4.225566292955250488e+12
2.139588871343421628e-02 4.179087603248883301e+12
2.149474673437980557e-02 4.132488492827959473e+12
2.159406152103566373e-02 4.085772746414510254e+12
2.169383518385184506e-02 4.038944252607884277e+12
2.179406984302954819e-02 3.992007004196274902e+12
2.189476762856620851e-02 3.944965101799688965e+12
2.199593068030074663e-02 3.897822754278187500e+12
2.209756114795902171e-02 3.850584280741306152e+12
2.219966119119954825e-02 3.803254112262001953e+12
2.230223297965937615e-02 3.755836793603861816e+12
2.240527869300018224e-02 3.708336984961755371e+12
2.250880052095461867e-02 3.660759463715307617e+12
2.261280066337278266e-02 3.613109126195049805e+12
2.271728133026905058e-02 3.565390989460973145e+12
2.282224474186897445e-02 3.517610193093038574e+12
2.292769312865648723e-02 3.469772000993423340e+12
2.303362873142131284e-02 3.421881803200075684e+12
2.314005380130652878e-02 3.373945117711182129e+12
2.324697059985647921e-02 3.325967592319984863e+12
2.335438139906479207e-02 3.277955006460164551e+12
2.346228848142262527e-02 3.229913273060332520e+12
2.357069413996727703e-02 3.181848440408041016e+12
2.367960067833077553e-02 3.133766694022392578e+12
2.378901041078893344e-02 3.085674358534829590e+12
2.389892566231050300e-02 3.037577899577595703e+12
2.400934876860651851e-02 2.989483925679311523e+12
2.412028207618006903e-02 2.941399190166896484e+12
2.423172794237599473e-02 2.893330593073677246e+12
2.434368873543110365e-02 2.845285183052370117e+12
2.445616683452446483e-02 2.797270159293115723e+12
2.456916462982790261e-02 2.749292873445014648e+12
2.468268452255692469e-02 2.701360831541051758e+12
2.479672892502158763e-02 2.653481695925441406e+12
2.491130026067788633e-02 2.605663287182650391e+12
2.502640096417919208e-02 2.557913586067219727e+12
2.514203348142796460e-02 2.510240735433672363e+12
2.525820026962784584e-02 2.462653042165562500e+12
2.537490379733570514e-02 2.415158979102798340e+12
2.549214654451423256e-02 2.367767186966134766e+12
2.560993100258459471e-02 2.320486476278312988e+12
2.572825967447933335e-02 2.273325829280332520e+12
2.584713507469563881e-02 2.226294401841927734e+12
2.596655972934871007e-02 2.179401525365686768e+12
2.608653617622547910e-02 2.132656708682795166e+12
2.620706696483852613e-02 2.086069639940179443e+12
2.632815465648021339e-02 2.039650188477125488e+12
2.644980182427720053e-02 1.993408406690653320e+12
2.657201105324505375e-02 1.947354531888041504e+12
2.669478494034320873e-02 1.901498988125395020e+12
2.681812609453015570e-02 1.855852388030854004e+12
2.694203713681883605e-02 1.810425534610976074e+12
2.706652070033241375e-02 1.765229423038863281e+12
2.719157943036017502e-02 1.720275242422706543e+12
2.731721598441376117e-02 1.675574377553029541e+12
2.744343303228365463e-02 1.631138410627091064e+12
2.757023325609583853e-02 1.586979122948911865e+12
2.769761935036891068e-02 1.543108496603153076e+12
2.782559402207124277e-02 1.499538716101171143e+12
2.795415999067856622e-02 1.456282169997468994e+12
2.808331998823172457e-02 1.413351452474745605e+12
2.821307675939472084e-02 1.370759364895547607e+12
2.834343306151309444e-02 1.328518917318767822e+12
2.847439166467246457e-02 1.286643329978909180e+12
2.860595535175742068e-02 1.245146034726023926e+12
2.873812691851066262e-02 1.204040676424398193e+12
2.887090917359236286e-02 1.163341114307627930e+12
2.900430493863991738e-02 1.123061423288025879e+12
2.913831704832786987e-02 1.083215895218078247e+12
2.927294835042815874e-02 1.043819040101505371e+12
2.940820170587063812e-02 1.004885587251688232e+12
2.954407998880381400e-02 9.664304863949814453e+11
2.968058608665602449e-02 9.284689087162441406e+11
2.981772290019671715e-02 8.910162478442951660e+11
2.995549334359813229e-02 8.540881207744158936e+11
3.009390034449721182e-02 8.177003687252626953e+11
3.023294684405777866e-02 7.818690579276051025e+11
3.037263579703311511e-02 7.466104803416865234e+11
3.051297017182869400e-02 7.119411543006923828e+11
3.065395295056526706e-02 6.778778250771400146e+11
3.079558712914226559e-02 6.444374653668861084e+11
3.093787571730138158e-02 6.116372757024752197e+11
3.108082173869063797e-02 5.794946847533059082e+11
3.122442823092856298e-02 5.480273495649770508e+11
3.136869824566876352e-02 5.172531556903750000e+11
3.151363484866478992e-02 4.871902172278421631e+11
3.165924111983522277e-02 4.578568767595144653e+11
3.180552015332920035e-02 4.292717051864802246e+11
3.195247505759211959e-02 4.014535014530448608e+11
3.210010895543171511e-02 3.744212921799765625e+11
3.224842498408442282e-02 3.481943311455443115e+11
3.239742629528197249e-02 3.227920986852547607e+11
3.254711605531847990e-02 2.982343009517897949e+11
3.269749744511766393e-02 2.745408690524283752e+11
3.284857366030043829e-02 2.517319580564801331e+11
3.300034791125285027e-02 2.298279458685459595e+11
3.315282342319424841e-02 2.088494319635225525e+11
3.330600343624588733e-02 1.888172359789734802e+11
3.345989120549973384e-02 1.697523961606105042e+11
3.361449000108764767e-02 1.516761676564160156e+11
3.376980310825091619e-02 1.346100206549556580e+11
3.392583382740993470e-02 1.185756383632861328e+11
3.408258547423451829e-02 1.035949148198409119e+11
3.424006137971424141e-02 8.968995253759083557e+10
3.439826489022924233e-02 7.688305997269403076e+10
3.455719936762139538e-02 6.519674881020271301e+10
3.471686818926561502e-02 5.465373108683142090e+10
3.487727474814177747e-02 4.527691607118397522e+10
3.503842245290673951e-02 3.708940702062374115e+10
3.520031472796678745e-02 3.011449768595537567e+10
3.536295501355042614e-02 2.437566863038348007e+10
3.552634676578141082e-02 1.989658333963261414e+10
3.569049345675229939e-02 1.670108411233176804e+10
3.585539857459817126e-02 1.481318773201077080e+10
3.602106562357069997e-02 1.425708091262174606e+10
3.618749812411280187e-02 1.505711551252592850e+10
3.635469961293319452e-02 1.723780351139947891e+10
3.652267364308175307e-02 2.082381174444404984e+10
3.669142378402494298e-02 2.583995638826054382e+10
3.686095362172157885e-02 3.231119719267091370e+10
3.703126675869927026e-02 4.026263145276134491e+10
3.720236681413068014e-02 4.971948771532623291e+10
3.737425742391064371e-02 6.070711921392708588e+10
3.754694224073337055e-02 7.325099702605871582e+10
3.772042493416997294e-02 8.737670295079298401e+10
3.789470919074667404e-02 1.031099220867676697e+11
3.806979871402285664e-02 1.204764351345844879e+11
3.824569722466999305e-02 1.395021103746103210e+11
3.842240846055060971e-02 1.602128953558067322e+11
3.859993617679767508e-02 1.826348082638333435e+11
3.877828414589457040e-02 2.067939289716590881e+11
3.895745615775503268e-02 2.327163897651065979e+11
3.913745601980384015e-02 2.604283657375155029e+11
3.931828755705769896e-02 2.899560648474240723e+11
3.949995461220642823e-02 3.213257176303503418e+11
3.968246104569481819e-02 3.545635665769010010e+11
3.986581073580440504e-02 3.896958551262567139e+11
4.005000757873611317e-02 4.267488163253448486e+11
4.023505548869293208e-02 4.657486611155501709e+11
4.042095839796305823e-02 5.067215662393945312e+11
4.060772025700365440e-02 5.496936617799752197e+11
4.079534503452451194e-02 5.946910183040081787e+11
4.098383671757261509e-02 6.417396336273811035e+11
4.117319931161678853e-02 6.908654191801345215e+11
4.136343684063273352e-02 7.420941859724367676e+11
4.155455334718875099e-02 7.954516301552470703e+11
4.174655289253136753e-02 8.509633181701240234e+11
4.193943955667186335e-02 9.086546714835706787e+11
4.213321743847289053e-02 9.685509509006047363e+11
4.232789065573548670e-02 1.030677240452910889e+12
4.252346334528681743e-02 1.095058430857058228e+12
4.271993966306778662e-02 1.161719202537976562e+12
4.291732378422157684e-02 1.230684008213866699e+12
4.311561990318228677e-02 1.301977055037987549e+12
4.331483223376398489e-02 1.375622286293746094e+12
4.351496500925049887e-02 1.451643362639373291e+12
4.371602248248504519e-02 1.530063642898491211e+12
4.391800892596085804e-02 1.610906164393789551e+12
4.412092863191190151e-02 1.694193622820539795e+12
4.432478591240395643e-02 1.779948351657346436e+12
4.452958509942655380e-02 1.868192301112149902e+12
4.473533054498465139e-02 1.958947016600612549e+12
4.494202662119142072e-02 2.052233616755694580e+12
4.514967772036102001e-02 2.148072770968977783e+12
4.535828825510185985e-02 2.246484676456260254e+12
4.556786265841063915e-02 2.347489034855854004e+12
4.577840538376618668e-02 2.451105028352143066e+12
4.598992090522438514e-02 2.557351295327995605e+12
4.620241371751312998e-02 2.666245905545397461e+12
4.641588833612777382e-02 2.777806334855848633e+12
4.663034929742731344e-02 2.892049439441923340e+12
4.684580115873047956e-02 3.008991429591760742e+12
4.706224849841281199e-02 3.128647843009473145e+12
4.727969591600390820e-02 3.251033517664103516e+12
4.749814803228499804e-02 3.376162564180875977e+12
4.771760948938745528e-02 3.504048337779246582e+12
4.793808495089109389e-02 3.634703409761922852e+12
4.815957910192350533e-02 3.768139538560936035e+12
4.838209664925956915e-02 3.904367640346517578e+12
4.860564232142133845e-02 4.043397759205370117e+12
4.883022086877879947e-02 4.185239036896403320e+12
4.905583706365047869e-02 4.329899682191223145e+12
4.928249570040513228e-02 4.477386939809241211e+12
4.951020159556351191e-02 4.627707058956376953e+12
4.973895958790062327e-02 4.780865261478118164e+12
4.996877453854883799e-02 4.936865709638654297e+12
5.019965133110081829e-02 5.095711473537310547e+12
5.043159487171358646e-02 5.257404498176442383e+12
5.066461008921268466e-02 5.421945570194066406e+12
5.089870193519679953e-02 5.589334284276166016e+12
5.113387538414326111e-02 5.759569009265055664e+12
5.137013543351340999e-02 5.932646853979794922e+12
5.160748710385907462e-02 6.108563632767511719e+12
5.184593543892913187e-02 6.287313830803694336e+12
5.208548550577660197e-02 6.468890569161847656e+12
5.232614239486661767e-02 6.653285569673835938e+12
5.256791122018421997e-02 6.840489119602255859e+12
5.281079711934331261e-02 7.030490036149333008e+12
5.305480525369574152e-02 7.223275630825977539e+12
5.329994080844088072e-02 7.418831673707115234e+12
5.354620899273607876e-02 7.617142357600490234e+12
5.379361503980700093e-02 7.818190262156540039e+12
5.404216420705915125e-02 8.021956317949723633e+12
5.429186177618942899e-02 8.228419770561381836e+12
5.454271305329833758e-02 8.437558144696761719e+12
5.479472336900287344e-02 8.649347208369709961e+12
5.504789807854970629e-02 8.863760937189734375e+12
5.530224256192900478e-02 9.080771478788113281e+12
5.555776222398877556e-02 9.300349117420525391e+12
5.581446249454963954e-02 9.522462238785562500e+12
5.607234882852032976e-02 9.747077295100023438e+12
5.633142670601355012e-02 9.974158770472816406e+12
5.659170163246242391e-02 1.020366914662140820e+13
5.685317913873753209e-02 1.043556886897615234e+13
5.711586478126431943e-02 1.066981631321892188e+13
5.737976414214134013e-02 1.090636775230502539e+13
5.764488282925876034e-02 1.114517732401759766e+13
5.791122647641758214e-02 1.138619699910654102e+13
5.817880074344935343e-02 1.162937655006481641e+13
5.844761131633634255e-02 1.187466352059688672e+13
5.871766390733255264e-02 1.212200319583571094e+13
5.898896425508496494e-02 1.237133857336608203e+13
5.926151812475552449e-02 1.262261033511368945e+13
5.953533130814370189e-02 1.287575682016165234e+13
5.981040962380940879e-02 1.313071399855626562e+13
6.008675891719687107e-02 1.338741544616751367e+13
6.036438506075866850e-02 1.364579232066915039e+13
6.064329395408061402e-02 1.390577333870662305e+13
6.092349152400711870e-02 1.416728475432158203e+13
6.120498372476699395e-02 1.443025033870344336e+13
6.148777653810023197e-02 1.469459136134080078e+13
6.177187597338491126e-02 1.496022657264520703e+13
6.205728806776500406e-02 1.522707218812354883e+13
6.234401888627864180e-02 1.549504187417468750e+13
6.263207452198689407e-02 1.576404673558855664e+13
6.292146109610344262e-02 1.603399530482725195e+13
6.321218475812451221e-02 1.630479353316806055e+13
6.350425168595962011e-02 1.657634478379062305e+13
6.379766808606282535e-02 1.684854982689115820e+13
6.409244019356453992e-02 1.712130683690763477e+13
6.438857427240420039e-02 1.739451139194159766e+13
6.468607661546327270e-02 1.766805647546201562e+13
6.498495354469888130e-02 1.794183248037889062e+13
6.528521141127847927e-02 1.821572721557441406e+13
6.558685659571432403e-02 1.848962591497964453e+13
6.588989550799949357e-02 1.876341124928740625e+13
6.619433458774394430e-02 1.903696334038952344e+13
6.650018030431117944e-02 1.931015977862996094e+13
6.680743915695615265e-02 1.958287564296405469e+13
6.711611767496283854e-02 1.985498352411399609e+13
6.742622241778342684e-02 2.012635355081269922e+13
6.773775997517751668e-02 2.039685341922533984e+13
6.805073696735206012e-02 2.066634842564035156e+13
6.836516004510238831e-02 2.093470150251948438e+13
6.868103588995304321e-02 2.120177325799632812e+13
6.899837121430017761e-02 2.146742201891322656e+13
6.931717276155408003e-02 2.173150387748369922e+13
6.963744730628222690e-02 2.199387274166777344e+13
6.995920165435375038e-02 2.225438038934685156e+13
7.028244264308348976e-02 2.251287652638088281e+13
7.060717714137772216e-02 2.276920884863228516e+13
7.093341204987996251e-02 2.302322310803653125e+13
7.126115430111745752e-02 2.327476318279847266e+13
7.159041085964888695e-02 2.352367115179119922e+13
7.192118872221189840e-02 2.376978737323083984e+13
7.225349491787214085e-02 2.401295056769920703e+13
7.258733650817253413e-02 2.425299790558181641e+13
7.292272058728312134e-02 2.448976509898628906e+13
7.325965428215229502e-02 2.472308649820276953e+13
7.359814475265767653e-02 2.495279519276258594e+13
7.393819919175866062e-02 2.517872311714992969e+13
7.427982482564918221e-02 2.540070116121367578e+13
7.462302891391107973e-02 2.561855928532448828e+13
7.496781874966876313e-02 2.583212664031540625e+13
7.531420165974371528e-02 2.604123169223955859e+13
7.566218500481054765e-02 2.624570235197292578e+13
7.601177617955330590e-02 2.644536610968363281e+13
7.636298261282241373e-02 2.664005017418288672e+13
7.671581176779301847e-02 2.682958161716677734e+13
7.707027114212298968e-02 2.701378752234930469e+13
7.742636826811269413e-02 2.719249513948164062e+13
7.778411071286489564e-02 2.736553204324317969e+13
7.814350607844541829e-02 2.753272629698233594e+13
7.850456200204508628e-02 2.769390662127705469e+13
7.886728615614152504e-02 2.784890256727456641e+13
7.923168624866253062e-02 2.799754469476253906e+13
7.959777002314985528e-02 2.813966475491253516e+13
7.996554525892346499e-02 2.827509587762735547e+13
8.033501977124735127e-02 2.840367276341337891e+13
8.070620141149503768e-02 2.852523187968789453e+13
8.107909806731686264e-02 2.863961166142074219e+13
8.145371766280745662e-02 2.874665271599746875e+13
8.183006815867389927e-02 2.884619803217952344e+13
8.220815755240540312e-02 2.893809319341177344e+13
8.258799387844267814e-02 2.902218660072737891e+13
8.296958520834907258e-02 2.909832967280599219e+13
8.335293965098194979e-02 2.916637709040670703e+13
8.373806535266489770e-02 2.922618701667924609e+13
8.412497049736118726e-02 2.927762132737975781e+13
8.451366330684717543e-02 2.932054584394899609e+13
8.490415204088747059e-02 2.935483056922125781e+13
8.529644499741025065e-02 2.938034992551671484e+13
8.569055051268346934e-02 2.939698299485549219e+13
8.608647696149245021e-02 2.940461376101600000e+13
8.648423275731721704e-02 2.940313135314467969e+13
8.688382635251183650e-02 2.939243029060875000e+13
8.728526623848380239e-02 2.937241072876745703e+13
8.768856094587426653e-02 2.934297870532160547e+13
8.809371904473990711e-02 2.930404638688462500e+13
8.850074914473433918e-02 2.925553231540291406e+13
8.890965989529157898e-02 2.919736165403618750e+13
8.932045998580968871e-02 2.912946643209314453e+13
8.973315814583519845e-02 2.905178578860100000e+13
9.014776314524917955e-02 2.896426621407162891e+13
9.056428379445288779e-02 2.886686179001128906e+13
9.098272894455558535e-02 2.875953442570434766e+13
9.140310748756232118e-02 2.864225409178680078e+13
9.182542835656282154e-02 2.851499905010954688e+13
9.224970052592174063e-02 2.837775607937605078e+13
9.267593301146878626e-02 2.823052069602550000e+13
9.310413487069074678e-02 2.807329736981673438e+13
9.353431520292386503e-02 2.790609973355614453e+13
9.396648314954690606e-02 2.772895078639871484e+13
9.440064789417602908e-02 2.754188309013833203e+13
9.483681866285922912e-02 2.734493895789327734e+13
9.527500472427290201e-02 2.713817063457969922e+13
9.571521538991865918e-02 2.692164046855690234e+13
9.615746001432096124e-02 2.669542107381874219e+13
9.660174799522645850e-02 2.645959548209585547e+13
9.704808877380301235e-02 2.621425728422812109e+13
9.749649183484086767e-02 2.595951076015766016e+13
9.794696670695395013e-02 2.569547099689063672e+13
9.839952296278231536e-02 2.542226399376975000e+13
9.885417021919573610e-02 2.514002675439823047e+13
9.931091813749795549e-02 2.484890736455492188e+13
9.976977642363200893e-02 2.454906505544008203e+13
1.002307548283865452e-01 2.424067025159421094e+13
1.006938631476027579e-01 2.392390460283578516e+13
1.011591112223829692e-01 2.359896099956879297e+13
1.016265089392994619e-01 2.326604357081986719e+13
1.020960662306046457e-01 2.292536766437244141e+13
1.025677930744421928e-01 2.257715980837803906e+13
1.030416994950588000e-01 2.222165765383796094e+13
1.035177955630176283e-01 2.185910989736357812e+13
1.039960913954119798e-01 2.148977618364316016e+13
1.044765971560804169e-01 2.111392698706162500e+13
1.049593230558227702e-01 2.073184347194335938e+13
1.054442793526168959e-01 2.034381733091344922e+13
1.059314763518370006e-01 1.995015060089962500e+13
1.064209244064724114e-01 1.955115545632894531e+13
1.069126339173476076e-01 1.914715397910502344e+13
1.074066153333433360e-01 1.873847790498777344e+13
1.079028791516184194e-01 1.832546834603676562e+13
1.084014359178330916e-01 1.790847548881939453e+13
1.089022962263729993e-01 1.748785826813037695e+13
1.094054707205742438e-01 1.706398401601577930e+13
1.099109700929497280e-01 1.663722808594392969e+13
1.104188050854160719e-01 1.620797345201990039e+13
1.109289864895222771e-01 1.577661028319378516e+13
1.114415251466787521e-01 1.534353549247422070e+13
1.119564319483878218e-01 1.490915226121727539e+13
1.124737178364751955e-01 1.447386953862710156e+13
1.129933938033222257e-01 1.403810151667087500e+13
1.135154708920999012e-01 1.360226708067981836e+13
1.140399601970032428e-01 1.316678923598195312e+13
1.145668728634871431e-01 1.273209451098551367e+13
1.150962200885032316e-01 1.229861233721039453e+13
1.156280131207376022e-01 1.186677440684466406e+13
1.161622632608501904e-01 1.143701400848427930e+13
1.166989818617146929e-01 1.100976534179979688e+13
1.172381803286598606e-01 1.058546281195841211e+13
1.177798701197119297e-01 1.016454030471805078e+13
1.183240627458378574e-01 9.747430443199708984e+12
1.188707697711903349e-01 9.334563827433904297e+12
1.194200028133531877e-01 8.926368257870476562e+12
1.199717735435884280e-01 8.523267944131769531e+12
1.205260936870842653e-01 8.125682700383547852e+12
1.210829750232040036e-01 7.734027128791391602e+12
1.216424293857368000e-01 7.348709792622646484e+12
1.222044686631488103e-01 6.970132380649190430e+12
1.227691047988359180e-01 6.598688864596675781e+12
1.233363497913776002e-01 6.234764651478485352e+12
1.239062156947916271e-01 5.878735732742700195e+12
1.244787146187906202e-01 5.530967832247443359e+12
1.250538587290390691e-01 5.191815555167858398e+12
1.256316602474120692e-01 4.861621540019183594e+12
1.262121314522547388e-01 4.540715616062424805e+12
1.267952846786434551e-01 4.229413968434231445e+12
1.273811323186478384e-01 3.928018313416491699e+12
1.279696868215940975e-01 3.636815086328405762e+12
1.285609606943295680e-01 3.356074644587104004e+12
1.291549665014883885e-01 3.086050488540455078e+12
1.297517168657587594e-01 2.826978502726818359e+12
1.303512244681508947e-01 2.579076220262043945e+12
1.309535020482666956e-01 2.342542113090839355e+12
1.315585624045704505e-01 2.117554910870546631e+12
1.321664183946605065e-01 1.904272951276965332e+12
1.327770829355429671e-01 1.702833564534722412e+12
1.333905690039058622e-01 1.513352494979598633e+12
1.340068896363950102e-01 1.335923362453581055e+12
1.346260579298910465e-01 1.170617166317887939e+12
1.352480870417875347e-01 1.017481834842520630e+12
1.358729901902709924e-01 8.765418226925318604e+11
1.365007806546013891e-01 7.477977591824188232e+11
1.371314717753944756e-01 6.312261499074669189e+11
1.377650769549054188e-01 5.267791342873621216e+11
1.384016096573131571e-01 4.343843014702247314e+11
1.390410834090070324e-01 3.539445669447483521e+11
1.396835117988739772e-01 2.853381121008842163e+11
1.403289084785872554e-01 2.284183888108833618e+11
1.409772871628967028e-01 1.830141910828810425e+11
1.416286616299198831e-01 1.489297954830891724e+11
1.422830457214352695e-01 1.259451720522749023e+11
1.429404533431760937e-01 1.138162671401904755e+11
1.436008984651259979e-01 1.122753594229024200e+11
1.442643951218157972e-01 1.210314901507458496e+11
1.449309574126216582e-01 1.397709684490025940e+11
1.456005995020649424e-01 1.681579522542780762e+11
1.462733356201129931e-01 2.058351052171496887e+11
1.469491800624816435e-01 2.524243296365482178e+11
1.476281471909390297e-01 3.075275752138837891e+11
1.483102514336104294e-01 3.707277231258403320e+11
1.489955072852854334e-01 4.415895446148763428e+11
1.496839293077255606e-01 5.196607329778428955e+11
1.503755321299737602e-01 6.044730075715483398e+11
1.510703304486654963e-01 6.955432879535588379e+11
1.517683390283405265e-01 7.923749362297252197e+11
1.524695727017573721e-01 8.944590650514726562e+11
1.531740463702079835e-01 1.001275908532917114e+12
1.538817750038345700e-01 1.112296252952291504e+12
1.545927736419477616e-01 1.226982923759880371e+12
1.553070573933459930e-01 1.344792325064460693e+12
1.560246414366368850e-01 1.465176027421761475e+12
1.567455410205594868e-01 1.587582399402955811e+12
1.574697714643086000e-01 1.711458278081668213e+12
1.581973481578600738e-01 1.836250673244994873e+12
1.589282865622977936e-01 1.961408499811040771e+12
1.596626022101425846e-01 2.086384332623522949e+12
1.604003107056820032e-01 2.210636177495554199e+12
1.611414277253019056e-01 2.333629252092517090e+12
1.618859690178198474e-01 2.454837769979561035e+12
1.626339504048192330e-01 2.573746720914938965e+12
1.633853877809861299e-01 2.689853640249691895e+12
1.641402971144466372e-01 2.802670360097122559e+12
1.648986944471065030e-01 2.911724734767135254e+12
1.656605958949914359e-01 3.016562332820461426e+12
1.664260176485903575e-01 3.116748087990679688e+12
1.671949759731989338e-01 3.211867901147521973e+12
1.679674872092653259e-01 3.301530185437823730e+12
1.687435677727375793e-01 3.385367346740574219e+12
1.695232341554120392e-01 3.463037191612767578e+12
1.703065029252844309e-01 3.534224254984922852e+12
1.710933907269014398e-01 3.598641039990124023e+12
1.718839142817145671e-01 3.656029162480535156e+12
1.726780903884355955e-01 3.706160393001150879e+12
1.734759359233931653e-01 3.748837589253145020e+12
1.742774678408919031e-01 3.783895512389864258e+12
1.750827031735724126e-01 3.811201520846813965e+12
1.758916590327732621e-01 3.830656135814254883e+12
1.767043526088946659e-01 3.842193472916226562e+12
1.775208011717634982e-01 3.845781535163237305e+12
1.783410220710008043e-01 3.841422362796318848e+12
1.791650327363900341e-01 3.829152036236915039e+12
1.799928506782476345e-01 3.809040528998551270e+12
1.808244934877951682e-01 3.781191408100465332e+12
1.816599788375327651e-01 3.745741380248673340e+12
1.824993244816152382e-01 3.702859682812907715e+12
1.833425482562289766e-01 3.652747319426475098e+12
1.841896680799710861e-01 3.595636140865828125e+12
1.850407019542302245e-01 3.531787772724924316e+12
1.858956679635687392e-01 3.461492392280932617e+12
1.867545842761076103e-01 3.385067357848523926e+12
1.876174691439120579e-01 3.302855694835270020e+12
1.884843409033795381e-01 3.215224443633719238e+12
1.893552179756295140e-01 3.122562875412863281e+12
1.902301188668944765e-01 3.025280582795087891e+12
1.911090621689137958e-01 2.923805453318899902e+12
1.919920665593283782e-01 2.818581534486336914e+12
1.928791508020777645e-01 2.710066800069002930e+12
1.937703337477988952e-01 2.598730828192562988e+12
1.946656343342262341e-01 2.485052402527862305e+12
1.955650715865949185e-01 2.369517048680757324e+12
1.964686646180445473e-01 2.252614518585538086e+12
1.973764326300255501e-01 2.134836236359517578e+12
1.982883949127071388e-01 2.016672719663702148e+12
1.992045708453870356e-01 1.898610991127626953e+12
2.001249798969036986e-01 1.781131994829405029e+12
2.010496416260497965e-01 1.664708033168187988e+12
2.019785756819878486e-01 1.549800239718497559e+12
2.029118018046678074e-01 1.436856103809203613e+12
2.038493398252463062e-01 1.326307062618644775e+12
2.047912096665085446e-01 1.218566176516213867e+12
2.057374313432912549e-01 1.114025903206664551e+12
2.066880249629081956e-01 1.013055985941374756e+12
2.076430107255774760e-01 9.160014706498626709e+11
2.086024089248503799e-01 8.231808663121105957e+11
2.095662399480432980e-01 7.348844622371020508e+11
2.105345242766704927e-01 6.513728151363625488e+11
2.115072824868794721e-01 5.728754179830220947e+11
2.124845352498882789e-01 4.995895616308364868e+11
2.134663033324244452e-01 4.316793990362055054e+11
2.144526075971667500e-01 3.692752206844907837e+11
2.154434690031883370e-01 3.124729484760664062e+11
2.164389086064020251e-01 2.613338538839688416e+11
2.174389475600080057e-01 2.158845046626939087e+11
2.184436071149427339e-01 1.761169427759065552e+11
2.194529086203313717e-01 1.419890945334340210e+11
2.204668735239408706e-01 1.134254121672622986e+11
2.214855233726359396e-01 9.031774436432212830e+10
2.225088798128369294e-01 7.252643134726232910e+10
2.235369645909795477e-01 5.988161838232265472e+10
2.245697995539774061e-01 5.218477969954955292e+10
2.256074066496860375e-01 4.921044302450428009e+10
2.266498079273693844e-01 5.070810314295001221e+10
2.276970255381680075e-01 5.640431119731498718e+10
2.287490817355702921e-01 6.600492476048905182e+10
2.298059988758850980e-01 7.919750216667843628e+10
2.308677994187168514e-01 9.565382311842854309e+10
2.319345059274428578e-01 1.150325162510908051e+11
2.330061410696924740e-01 1.369817731380364685e+11
2.340827276178293059e-01 1.611421271753187866e+11
2.351642884494348495e-01 1.871492749351419983e+11
2.362508465477946296e-01 2.146369168310971375e+11
2.373424250023867532e-01 2.432395935588554077e+11
2.384390470093720460e-01 2.725954943954877014e+11
2.395407358720878233e-01 3.023492134513579712e+11
2.406475150015424114e-01 3.321544301209854736e+11
2.417594079169129717e-01 3.616764903903535156e+11
2.428764382460451843e-01 3.905948663026166992e+11
2.439986297259550130e-01 4.186054717661929932e+11
2.451260062033338571e-01 4.454228140068245850e+11
2.462585916350546744e-01 4.707819613134083252e+11
2.473964100886812956e-01 4.944403092992226562e+11
2.485394857429799875e-01 5.161791296846849976e+11
2.496878428884326817e-01 5.358048875920657959e+11
2.508415059277540049e-01 5.531503155104458008e+11
2.520004993764092260e-01 5.680752344215061035e+11
2.531648478631354227e-01 5.804671150522308350e+11
2.543345761304649510e-01 5.902413748147188721e+11
2.555097090352507205e-01 5.973414086797730713e+11
2.566902715491950482e-01 6.017383549810281982e+11
2.578762887593800679e-01 6.034305999295133057e+11
2.590677858688007484e-01 6.024430274028706055e+11
2.602647881969005761e-01 5.988260233255610352e+11
2.614673211801092356e-01 5.926542466424765625e+11
2.626754103723836775e-01 5.840251814740076904e+11
2.638890814457510170e-01 5.730574874916218262e+11
2.651083601908537646e-01 5.598891678357690430e+11
2.663332725174982207e-01 5.446755759798373413e+11
2.675638444552045359e-01 5.275872847940931396e+11
2.688001021537606006e-01 5.088078426530686035e+11
2.700420718837772682e-01 4.885314427326618042e+11
2.712897800372465751e-01 4.669605326359374390e+11
2.725432531281029025e-01 4.443033921499445801e+11
2.738025177927857490e-01 4.207717072541386719e+11
2.750676007908066101e-01 3.965781684630877075e+11
2.763385290053169685e-01 3.719341211859613037e+11
2.776153294436799479e-01 3.470472950211947632e+11
2.788980292380440762e-01 3.221196377811577759e+11
2.801866556459195468e-01 2.973452785677705078e+11
2.814812360507579769e-01 2.729086424109522705e+11
2.827817979625341094e-01 2.489827368580505066e+11
2.840883690183302890e-01 2.257276284896625366e+11
2.854009769829238818e-01 2.032891246666922607e+11
2.867196497493769702e-01 1.817976729208356934e+11
2.880444153396296558e-01 1.613674873262091980e+11
2.893753019050950281e-01 1.420959079778051147e+11
2.907123377272576858e-01 1.240629964002136230e+11
2.920555512182746449e-01 1.073313663678950806e+11
2.934049709215786894e-01 9.194624628800715637e+10
2.947606255124857189e-01 7.793576603141058350e+10
2.961225437988034281e-01 6.531145795009399414e+10
2.974907547214440395e-01 5.406895884186291504e+10
2.988652873550384226e-01 4.418889686732383728e+10
3.002461709085549324e-01 3.563794492832708740e+10
3.016334347259195803e-01 2.837001986071784210e+10
3.030271082866396459e-01 2.232760493323115158e+10
3.044272212064302874e-01 1.744317173655712891e+10
3.058338032378433158e-01 1.364067649474962425e+10
3.072468842709003556e-01 1.083710523755032921e+10
3.086664943337272815e-01 8.944042113629146576e+09
3.100926635931926523e-01 7.869235413664711952e+09
3.115254223555488089e-01 7.518136602895499229e+09
3.129648010670751934e-01 7.795388821688933372e+09
3.144108303147264971e-01 8.606242877635261536e+09
3.158635408267817524e-01 9.857880693022789001e+09
3.173229634734976434e-01 1.146062844861620522e+10
3.187891292677645927e-01 1.332904423218690681e+10
3.202620693657651785e-01 1.538286780721373367e+10
3.217418150676371602e-01 1.754782309834526825e+10
3.232283978181378914e-01 1.975626709985114670e+10
3.247218492073128959e-01 2.194768205899130630e+10
3.262222009711669979e-01 2.406901092819550323e+10
3.277294849923383935e-01 2.607483913133184433e+10
3.292437333007768863e-01 2.792742859235068512e+10
3.307649780744240653e-01 2.959661266588441086e+10
3.322932516398971470e-01 3.105956302330738831e+10
3.338285864731760921e-01 3.230044164978395081e+10
3.353710152002930545e-01 3.330995282783413315e+10
3.369205705980267140e-01 3.408481131104078293e+10
3.384772855945981096e-01 3.462714378602686310e+10
3.400411932703706341e-01 3.494384117462450409e+10
3.416123268585528616e-01 3.504587933711132050e+10
3.431907197459044268e-01 3.494762531117484283e+10
3.447764054734464012e-01 3.466614538149970245e+10
3.463694177371732796e-01 3.422053005287014771e+10
3.479697903887691290e-01 3.363124944585777283e+10
3.495775574363275129e-01 3.291955078637767410e+10
3.511927530450729695e-01 3.210690760436797333e+10
3.528154115380883193e-01 3.121452803686175537e+10
3.544455673970433596e-01 3.026292733621256638e+10
3.560832552629277781e-01 2.927156738356561661e+10
3.577285099367873422e-01 2.825856377806727219e+10
3.593813663804627523e-01 2.724045898649147797e+10
3.610418597173337130e-01 2.623205816378145981e+10
3.627100252330646146e-01 2.524632265282591248e+10
3.643858983763544335e-01 2.429431489210538101e+10
3.660695147596902399e-01 2.338518754128296661e+10
3.677609101601032604e-01 2.252620910231249619e+10
3.694601205199302685e-01 2.172281817713570023e+10
3.711671819475764744e-01 2.097869875662184143e+10
3.728821307182833555e-01 2.029586955694737244e+10
3.746050032748993175e-01 1.967478137113559723e+10
3.763358362286534642e-01 1.911441763197449493e+10
3.780746663599349189e-01 1.861239482158288193e+10
3.798215306190734220e-01 1.816506093479669952e+10
3.815764661271248692e-01 1.776759182206958771e+10
3.833395101766601254e-01 1.741408681125240326e+10
3.851107002325570572e-01 1.709766644340689468e+10
3.868900739327975624e-01 1.681057636514840317e+10
3.886776690892665975e-01 1.654430231499512100e+10
3.904735236885559790e-01 1.628970165076853943e+10
3.922776758927719598e-01 1.603715693111483955e+10
3.940901640403449702e-01 1.577675664720967484e+10
3.959110266468458539e-01 1.549850728302788734e+10
3.977403024058034919e-01 1.519257947092392731e+10
3.995780301895269782e-01 1.484958913637544060e+10
4.014242490499321803e-01 1.446091225092624664e+10
4.032789982193707434e-01 1.401902922103717995e+10
4.051423171114647559e-01 1.351789214246980286e+10
4.070142453219436907e-01 1.295330527664064980e+10
4.088948226294862320e-01 1.232330630363501930e+10
4.107840889965646558e-01 1.162853334035762787e+10
4.126820845702953711e-01 1.087256054131589890e+10
4.145888496832911274e-01 1.006218349253322220e+10
4.165044248545182737e-01 9.207634716053220749e+09
4.184288507901582355e-01 8.322709559939594269e+09
4.203621683844713797e-01 7.424783664892326355e+09
4.223044187206674294e-01 6.534705147870366096e+09
4.242556430717777105e-01 5.676547658234700203e+09
4.262158829015322836e-01 4.877214528345942497e+09
4.281851798652413499e-01 4.165889292112422943e+09
4.301635758106794882e-01 3.573333761680003166e+09
4.321511127789764428e-01 3.131041458980219841e+09
4.341478330055092427e-01 2.870261274319129944e+09
4.361537789208003724e-01 2.820913484924642563e+09
4.381689931514192171e-01 3.010427418718057632e+09
4.401935185208874501e-01 3.462536737853292465e+09
4.422273980505899149e-01 4.196074196036613941e+09
4.442706749606882832e-01 5.223812439265350342e+09
4.463233926710394872e-01 6.551400629838179588e+09
4.483855948021188698e-01 8.176448075698746681e+09
4.504573251759458330e-01 1.008780538758761406e+10
4.525386278170169252e-01 1.226509078063711166e+10
4.546295469532399269e-01 1.467850388472356224e+10
4.567301270168744320e-01 1.728896182658969498e+10
4.588404126454759258e-01 2.004858250161976242e+10
4.609604486828433600e-01 2.290152808241353989e+10
4.630902801799739454e-01 2.578520825458921814e+10
4.652299523960189420e-01 2.863182784749605560e+10
4.673795107992461118e-01 3.137024804024943161e+10
4.695390010680060566e-01 3.392811471495812988e+10
4.717084690917017209e-01 3.623419257772799683e+10
4.738879609717653318e-01 3.822083004439518738e+10
4.760775230226367838e-01 3.982646834971483612e+10
4.782772017727482949e-01 4.099809958509314728e+10
4.804870439655131720e-01 4.169357303150814819e+10
4.827070965603182939e-01 4.188364778016482544e+10
4.849374067335235350e-01 4.155369259921444702e+10
4.871780218794630746e-01 4.070494155342446899e+10
4.894289896114529248e-01 3.935522603364524078e+10
4.916903577628028987e-01 3.753912042075492096e+10
4.939621743878320759e-01 3.530745918081789398e+10
4.962444877628915951e-01 3.272620712617466354e+10
4.985373463873893907e-01 2.987469102922800446e+10
5.008407989848210340e-01 2.684322870016551590e+10
5.031548945038054610e-01 2.373021984113747787e+10
5.054796821191240852e-01 2.063879016458150864e+10
5.078152112327672940e-01 1.767310505912622070e+10
5.101615314749833319e-01 1.493449015951009560e+10
5.125186927053330121e-01 1.251751228297480392e+10
5.148867450137495361e-01 1.050618419343386269e+10
5.172657387216018643e-01 8.970459723590639114e+09
5.196557243827659711e-01 7.963181256407661438e+09
5.220567527846975420e-01 7.517629233884341240e+09
5.244688749495116653e-01 7.645803310491543770e+09
5.268921421350674095e-01 8.337537523418605804e+09
5.293266058360561743e-01 9.560518325933338165e+09
5.317723177850969263e-01 1.126123582016864204e+10
5.342293299538352080e-01 1.336685666821315765e+10
5.366976945540475885e-01 1.578796386846888733e+10
5.391774640387502204e-01 1.842206596329650116e+10
5.416686911033151697e-01 2.115773849106818390e+10
5.441714286865890760e-01 2.387922578549544144e+10
5.466857299720180308e-01 2.647130359500072861e+10
5.492116483887788947e-01 2.882418419265008926e+10
5.517492376129126130e-01 3.083823711637642670e+10
5.542985515684668574e-01 3.242830124384491348e+10
5.568596444286411096e-01 3.352737801089721298e+10
5.594325706169377410e-01 3.408952089949558640e+10
5.620173848083187540e-01 3.409177198247027969e+10
5.646141419303669640e-01 3.353504080173451233e+10
5.672228971644543982e-01 3.244387209461820602e+10
5.698437059469139143e-01 3.086510431948021698e+10
5.724766239702178128e-01 2.886547766614027786e+10
5.751217071841613349e-01 2.652830517251544189e+10
5.777790117970503792e-01 2.394937058820108414e+10
5.804485942768977669e-01 2.123225877486283112e+10
5.831305113526221717e-01 1.848335610865699768e+10
5.858248200152536000e-01 1.580677747212081909e+10
5.885315775191450882e-01 1.329948158873564911e+10
5.912508413831878418e-01 1.104682704314718056e+10
5.939826693920355893e-01 9.118797602982727051e+09
5.967271195973313791e-01 7.567088515385765076e+09
5.994842503189409255e-01 6.423197285367621422e+09
6.022541201461928395e-01 5.697605740176645279e+09
6.050367879391220782e-01 5.380078263124028206e+09
6.078323128297229427e-01 5.441037643271550179e+09
6.106407542232039631e-01 5.833918912363483429e+09
6.134621717992505552e-01 6.498346623851531982e+09
6.162966255132942273e-01 7.363935731707762718e+09
6.191441755977844519e-01 8.354483432821622849e+09
6.220048825634711953e-01 9.392301143776800156e+09
6.248788072006891126e-01 1.040243334071057892e+10
6.277660105806499580e-01 1.131652340709198189e+10
6.306665540567405470e-01 1.207611493643627548e+10
6.335804992658250478e-01 1.263521814876652336e+10
6.365079081295571539e-01 1.296202230906986427e+10
6.394488428556940329e-01 1.303969271713256836e+10
6.424033659394190465e-01 1.286625094566558266e+10
6.453715401646702432e-01 1.245359536877148056e+10
6.483534286054724038e-01 1.182577163142595291e+10
6.513490946272803006e-01 1.101664600813107300e+10
6.543586018883232880e-01 1.006716575964836502e+10
6.573820143409585537e-01 9.022407739893043518e+09
6.604193962330304757e-01 7.928618836623371124e+09
6.634708121092347533e-01 6.830439699658989906e+09
6.665363268124913088e-01 5.768478066351784706e+09
6.696160054853218524e-01 4.777362269456089020e+09
6.727099135712336642e-01 3.884362402822486401e+09
6.758181168161110364e-01 3.108619765189109802e+09
6.789406812696109350e-01 2.460978506630729198e+09
6.820776732865685421e-01 1.944370482991173267e+09
6.852291595284061287e-01 1.554668426929674625e+09
6.883952069645495886e-01 1.281896115719213009e+09
6.915758828738525210e-01 1.111668785169403315e+09
6.947712548460236448e-01 1.026733089646150112e+09
6.979813907830659803e-01 1.008482879161359787e+09
7.012063589007180298e-01 1.038343447196792126e+09
7.044462277299037289e-01 1.098940428824469805e+09
7.077010661181889484e-01 1.174997428444108963e+09
7.109709432312434352e-01 1.253935762037794828e+09
7.142559285543126357e-01 1.326177556374655247e+09
7.175560918936925159e-01 1.385177406689214230e+09
7.208715033782135961e-01 1.427226041935998201e+09
7.242022334607315370e-01 1.451080959528682709e+09
7.275483529196228316e-01 1.457483590558129311e+09
7.309099328602910450e-01 1.448620858586575031e+09
7.342870447166761627e-01 1.427582269792046785e+09
7.376797602527734865e-01 1.397853616165751696e+09
7.410881515641569717e-01 1.362876861392453432e+09
7.445122910795138882e-01 1.325694554035297871e+09
7.479522515621821466e-01 1.288687584051518917e+09
7.514081061116966165e-01 1.253408113233213186e+09
7.548799281653435500e-01 1.220505289174096107e+09
7.583677914997191127e-01 1.189739489215737104e+09
7.618717702322995722e-01 1.160080423846178532e+09
7.653919388230148169e-01 1.129884248486802340e+09
7.689283720758309792e-01 1.097143647835000992e+09
7.724811451403403861e-01 1.059801680598602057e+09
7.760503335133570602e-01 1.016114524631603837e+09
7.796360130405233235e-01 9.650403482822459936e+08
7.832382599179196214e-01 9.066223048501966000e+08
7.868571506936847815e-01 8.423247357357213497e+08
7.904927622696424905e-01 7.752751487628513575e+08
7.941451719029339884e-01 7.103626457074309587e+08
7.978144572076625307e-01 6.541481217480785847e+08
8.015006961565405152e-01 6.145539891893819571e+08
8.052039670825473783e-01 6.003215321701750755e+08
8.089243486805942629e-01 6.202511052486978769e+08
8.126619200091945716e-01 6.822716885181490183e+08
8.164167604921467314e-01 7.924180210795547962e+08
8.201889499202202893e-01 9.538210570833301544e+08
8.239785684528515564e-01 1.165835929969362020e+09
8.277856966198476885e-01 1.423436675368815899e+09
8.316104153230962082e-01 1.716995440127012730e+09
8.354528058382867384e-01 2.032534671632893085e+09
8.393129498166364000e-01 2.352495013954904556e+09
8.431909292866255345e-01 2.657003164816841125e+09
8.470868266557406434e-01 2.925558987729324341e+09
8.510007247122246543e-01 3.138997771852307796e+09
8.549327066268380682e-01 3.281530617712728500e+09
8.588828559546249908e-01 3.342632116109757423e+09
8.628512566366891567e-01 3.318536779786228180e+09
8.668379930019778357e-01 3.213128241252417564e+09
8.708431497690723999e-01 3.038058416993918419e+09
8.748668120479909938e-01 2.812013752038370609e+09
8.789090653419954213e-01 2.559144208808085442e+09
8.829699955494086927e-01 2.306776303563974380e+09
8.870496889654407857e-01 2.082630542439539909e+09
8.911482322840201808e-01 1.911842024419905424e+09
8.952657125996396070e-01 1.814128396605821609e+09
8.994022174092044519e-01 1.801452919159572124e+09
9.035578346138924966e-01 1.876488640076037169e+09
9.077326525210228647e-01 2.032105014383414268e+09
9.119267598459298574e-01 2.251979644945097923e+09
9.161402457138516642e-01 2.512299346099460602e+09
9.203731996618220723e-01 2.784374416314136982e+09
9.246257116405738330e-01 3.037867123808115482e+09
9.288978720164502434e-01 3.244247792104785442e+09
9.331897715733238341e-01 3.380053179038617611e+09
9.375015015145284902e-01 3.429539299249406815e+09
9.418331534647951253e-01 3.386393840311445713e+09
9.461848194721996785e-01 3.254293159728760242e+09
9.505565920101196609e-01 3.046239692326726437e+09
9.549485639791965852e-01 2.782776618703968048e+09
9.593608287093141618e-01 2.489325026964156628e+09
9.637934799615786030e-01 2.193003162338541508e+09
9.682466119303123619e-01 1.919351081824101686e+09
9.727203192450541991e-01 1.689387913818532467e+09
9.772146969725724608e-01 1.517372729627400398e+09
9.817298406188835758e-01 1.409532624073507786e+09
9.862658461312820979e-01 1.363879592300923586e+09
9.908228099003797418e-01 1.371082931628039122e+09
9.954008287621524120e-01 1.416219596161580801e+09
1.000000000000000000e+00 1.481112478811656713e+09
