2.000000000000000042e-02 5.836313854230493234e+02 4.141027144546004024e+01
2.500000000000000139e-02 5.504856228090119430e+02 6.867845424681368272e+00
2.999999999999999889e-02 3.977795598492000977e+02 3.712726757573177938e+00
3.500000000000000333e-02 2.202122019134813513e+02 2.396476810245852906e+00
4.000000000000000083e-02 1.129842283012286543e+02 1.273144959390126063e+00
4.499999999999999833e-02 6.890359015221460481e+01 5.805717265202109401e-01
5.000000000000000278e-02 6.094543144226663145e+01 3.717397735941358472e-01
5.500000000000000028e-02 6.160251392363473855e+01 3.379376733886464423e-01
5.999999999999999778e-02 6.058251447485327645e+01 3.165548257411915922e-01
6.500000000000000222e-02 5.443274104349314513e+01 2.984069029935424999e-01
7.000000000000000666e-02 4.432375465980108231e+01 2.771630951777683816e-01
7.499999999999999722e-02 3.410141677464872600e+01 2.416774589010210195e-01
8.000000000000000167e-02 2.604988469936991891e+01 2.041226928735994928e-01
8.500000000000000611e-02 2.094302268200166139e+01 1.700759104741513539e-01
8.999999999999999667e-02 1.807310374151949972e+01 1.428701404902297800e-01
9.500000000000000111e-02 1.647189073512176805e+01 1.311056838843905614e-01
1.000000000000000056e-01 1.518471577416193519e+01 1.230992676226629889e-01
1.049999999999999961e-01 1.360746276479960315e+01 1.121839996646549487e-01
1.100000000000000006e-01 1.187207716943868263e+01 1.006631550628317856e-01
1.150000000000000050e-01 1.024758823896014270e+01 8.984536867947665040e-02
1.199999999999999956e-01 8.927453313560915760e+00 8.251944235755657997e-02
1.250000000000000000e-01 7.957129064646225380e+00 7.445204884155803837e-02
1.300000000000000044e-01 7.276636767592135513e+00 7.017968558284644331e-02
1.350000000000000089e-01 6.666270670196220216e+00 6.464964170370730845e-02
1.400000000000000133e-01 6.127682730854687065e+00 6.139493479068666021e-02
1.449999999999999900e-01 5.512568195968302831e+00 5.602101606636715470e-02
1.499999999999999944e-01 5.079520314403637826e+00 5.280128126345800393e-02
1.549999999999999989e-01 4.628320597062017150e+00 4.994989452405932534e-02
1.600000000000000033e-01 4.218552034013218766e+00 4.590546993692028871e-02
1.650000000000000078e-01 3.891961273430986967e+00 4.316750164478450058e-02
1.700000000000000122e-01 3.551063817676670009e+00 4.313987282918765875e-02
1.749999999999999889e-01 3.296964093656498562e+00 4.106175159719719497e-02
1.799999999999999933e-01 3.100127593356636346e+00 3.986567148703369645e-02
1.849999999999999978e-01 2.873487387484652711e+00 3.776377695193616768e-02
1.900000000000000022e-01 2.696510218087140753e+00 3.532454958934736627e-02
1.950000000000000067e-01 2.492391145944272690e+00 3.325676394066742064e-02
2.000000000000000111e-01 2.299616982948234245e+00 3.121336872224654210e-02
2.049999999999999878e-01 2.094955602659488214e+00 2.993387744220605065e-02
2.099999999999999922e-01 2.007494541740564742e+00 2.902240326825761968e-02
2.149999999999999967e-01 1.851802177391170590e+00 2.742503163087024395e-02
2.200000000000000011e-01 1.703160903271615734e+00 2.591005377574027643e-02
2.250000000000000056e-01 1.584933390136479936e+00 2.452810995948021683e-02
2.300000000000000100e-01 1.504235411061481287e+00 2.380696553097973178e-02
2.349999999999999867e-01 1.399719624064179602e+00 2.265581406898979633e-02
2.399999999999999911e-01 1.339418333819612172e+00 2.138996464629881050e-02
2.449999999999999956e-01 1.248997514107484275e+00 2.045598206775273847e-02
2.500000000000000000e-01 1.171722445631749876e+00 1.958352739627636230e-02
2.550000000000000044e-01 1.099835005626385920e+00 1.902235090595381234e-02
2.600000000000000089e-01 1.019675751682479037e+00 1.799948645969125932e-02
2.650000000000000133e-01 9.599126679747581603e-01 1.735190038185476999e-02
2.700000000000000178e-01 9.151277646970322754e-01 1.678153062990949199e-02
2.750000000000000222e-01 8.772470480429069850e-01 1.629521699050273664e-02
2.800000000000000266e-01 8.180276396840748809e-01 1.557338613180108897e-02
2.849999999999999756e-01 7.965205934293434487e-01 1.511574321097508382e-02
2.899999999999999800e-01 7.747912116781362490e-01 1.469772277629372362e-02
2.949999999999999845e-01 7.561721224860894486e-01 1.464261553743120663e-02
2.999999999999999889e-01 7.261403297358617337e-01 1.422506466626657744e-02
3.049999999999999933e-01 7.043253799341661070e-01 1.383615198368003119e-02
3.099999999999999978e-01 6.922064453036338438e-01 1.391327449115776181e-02
3.150000000000000022e-01 6.865366072739115255e-01 1.413473450625752671e-02
3.200000000000000067e-01 6.888467089124433729e-01 1.418393919970894167e-02
3.250000000000000111e-01 6.575854234962712486e-01 1.367572061082645077e-02
3.300000000000000155e-01 6.678973400512261405e-01 1.345096327922466403e-02
3.350000000000000200e-01 6.466754263415935844e-01 1.309024845155694165e-02
3.400000000000000244e-01 6.537159561067990010e-01 1.300053919029441236e-02
3.449999999999999734e-01 6.846389294952547333e-01 1.305932467670465127e-02
3.499999999999999778e-01 6.993355132500058691e-01 1.317659910790663393e-02
3.549999999999999822e-01 7.075542891407253787e-01 1.303865728167812911e-02
3.599999999999999867e-01 7.019023190400031087e-01 1.282885762246118062e-02
3.649999999999999911e-01 7.111156644035077079e-01 1.280569673201298678e-02
3.699999999999999956e-01 7.195302803392569224e-01 1.285257010860673885e-02
3.750000000000000000e-01 7.418544425449890012e-01 1.291525495229295731e-02
3.800000000000000044e-01 7.829874522916473456e-01 1.320966750568824781e-02
3.850000000000000089e-01 7.773152570153549767e-01 1.294305207529489188e-02
3.900000000000000133e-01 7.964875448324332252e-01 1.313970678473928150e-02
3.950000000000000178e-01 7.935394779822153577e-01 1.281472498637582086e-02
4.000000000000000222e-01 8.121794995238030834e-01 1.292858423874728574e-02
4.050000000000000266e-01 8.439388239952700932e-01 1.302460997791859976e-02
4.099999999999999756e-01 8.633246312066525929e-01 1.331100129268573094e-02
4.149999999999999800e-01 8.972580913344977427e-01 1.378182405053353030e-02
4.199999999999999845e-01 8.933326629114554107e-01 1.369345747691723576e-02
4.249999999999999889e-01 9.144990870368318037e-01 1.389327891140366977e-02
4.299999999999999933e-01 9.160172009727984843e-01 1.376263559200498372e-02
4.349999999999999978e-01 9.542318923209512915e-01 1.365602345848811010e-02
4.400000000000000022e-01 9.661204296717386120e-01 1.358737242373339940e-02
4.450000000000000067e-01 9.869575464512957419e-01 1.368404970585664245e-02
4.500000000000000111e-01 9.677894533794640930e-01 2.396009520266425413e-02
4.550000000000000155e-01 9.732816585942625220e-01 2.415345025952347555e-02
4.600000000000000200e-01 9.552227671534474496e-01 2.330684853088415415e-02
4.650000000000000244e-01 9.741817552901473887e-01 2.416121242657807283e-02
4.699999999999999734e-01 1.058197878076847065e+00 2.504774473553507408e-02
4.749999999999999778e-01 1.066491438892234189e+00 2.484881193228222554e-02
4.799999999999999822e-01 1.075476881516974181e+00 2.464180018164363606e-02
4.849999999999999867e-01 1.097560509022671438e+00 2.473459583983982774e-02
4.899999999999999911e-01 1.150927557853077099e+00 2.556180159131611271e-02
4.949999999999999956e-01 1.155154110261378930e+00 2.595180957709126990e-02
5.000000000000000000e-01 1.154138682448243802e+00 2.518060890985538910e-02
5.050000000000000044e-01 1.204524167529415157e+00 2.553077232851536441e-02
5.100000000000000089e-01 1.209246659476015839e+00 2.508641501264787313e-02
5.150000000000000133e-01 1.174624404929262900e+00 2.455382703196548264e-02
5.200000000000000178e-01 1.240134577410462846e+00 2.527783319903867398e-02
5.250000000000000222e-01 1.225089557116893380e+00 2.516711689989055770e-02
5.300000000000000266e-01 1.270158534683488272e+00 2.706000577594390097e-02
5.350000000000000311e-01 1.288296830995388831e+00 2.564756409679594396e-02
5.400000000000000355e-01 1.305328913607860075e+00 2.551266759833126577e-02
5.450000000000000400e-01 1.341032626834787189e+00 2.586024118044289583e-02
5.500000000000000444e-01 1.344245219948045023e+00 2.591591270128824551e-02
5.550000000000000488e-01 1.379278187536720601e+00 2.587504384280430586e-02
5.600000000000000533e-01 1.405758925337622145e+00 2.667090092879495847e-02
5.649999999999999467e-01 1.365454292483233134e+00 2.565732502186710007e-02
5.699999999999999512e-01 1.405859518826883647e+00 2.608777547140894021e-02
5.749999999999999556e-01 1.402404515334393809e+00 2.687948766508658702e-02
5.799999999999999600e-01 1.444584655579812082e+00 2.700485400560875826e-02
5.849999999999999645e-01 1.461936612900837096e+00 2.695236025301907257e-02
5.899999999999999689e-01 1.438644237664685299e+00 2.708624924317888996e-02
5.949999999999999734e-01 1.497115330910085085e+00 2.799043051724090306e-02
5.999999999999999778e-01 1.532746509832711324e+00 2.827170680117433582e-02
6.049999999999999822e-01 1.543334630165926535e+00 2.767855608546070795e-02
6.099999999999999867e-01 1.537232885049043318e+00 2.827814887535890290e-02
6.149999999999999911e-01 1.544004798886356333e+00 2.817884243731029470e-02
6.199999999999999956e-01 1.586294710859107449e+00 2.891460618958820866e-02
6.250000000000000000e-01 1.581154163280126923e+00 2.855443849143050189e-02
6.300000000000000044e-01 1.556042713705315661e+00 2.734320004939886153e-02
6.350000000000000089e-01 1.620745987942360467e+00 2.684351683890824625e-02
6.400000000000000133e-01 1.656124004835442642e+00 2.693592858451768560e-02
6.450000000000000178e-01 1.641351079965381432e+00 2.715371873347648124e-02
6.500000000000000222e-01 1.663528692628929218e+00 2.682123312581259633e-02
6.550000000000000266e-01 1.670682421170008647e+00 2.628216268669812672e-02
6.600000000000000311e-01 1.713252243180397372e+00 2.636124448380353785e-02
6.650000000000000355e-01 1.725439474821008456e+00 2.690392223271540970e-02
6.700000000000000400e-01 1.741940583249285801e+00 2.714730235835851116e-02
6.750000000000000444e-01 1.735246920447415020e+00 2.794061313887280865e-02
6.800000000000000488e-01 1.697370639598396513e+00 2.685658717439254328e-02
6.850000000000000533e-01 1.764606897754824599e+00 2.712982699307073253e-02
6.899999999999999467e-01 1.776887852317912353e+00 2.728137229092602450e-02
6.949999999999999512e-01 1.749130133142380528e+00 2.666990233649280118e-02
6.999999999999999556e-01 1.767860976504164849e+00 2.600428392426331822e-02
7.049999999999999600e-01 1.786247976844260510e+00 2.706946460586482153e-02
7.099999999999999645e-01 1.791233857999970924e+00 2.668615096470350681e-02
7.149999999999999689e-01 1.798217395783670902e+00 2.610345242650548639e-02
7.199999999999999734e-01 1.775967196368747780e+00 2.534820930621576110e-02
7.249999999999999778e-01 1.813267975467157900e+00 2.590953985724227249e-02
7.299999999999999822e-01 1.828501280758876080e+00 2.575361050841338054e-02
7.349999999999999867e-01 1.834929613809873628e+00 2.637257777217399610e-02
7.399999999999999911e-01 1.845119031481270877e+00 2.659438746493727329e-02
7.449999999999999956e-01 1.786668182806702587e+00 2.593113913601317877e-02
7.500000000000000000e-01 1.792452623121691735e+00 2.629048236615670955e-02
7.550000000000000044e-01 1.859880837571497025e+00 2.659975961879810016e-02
7.600000000000000089e-01 1.840508514039139953e+00 2.534038053137630669e-02
7.650000000000000133e-01 1.831816303009009772e+00 2.583720485182539398e-02
7.700000000000000178e-01 1.815229338719460017e+00 2.579940204932802336e-02
7.750000000000000222e-01 1.846626779984551270e+00 2.590982779168234107e-02
7.800000000000000266e-01 1.842282169211114873e+00 2.510983210702764576e-02
7.850000000000000311e-01 1.812669816580281701e+00 2.516416465405607594e-02
7.900000000000000355e-01 1.822426021414712993e+00 2.491275330786520137e-02
7.950000000000000400e-01 1.844232361236507467e+00 2.494424725174772955e-02
8.000000000000000444e-01 1.790541923743543373e+00 2.472356254873661618e-02
8.050000000000000488e-01 1.830462171987505826e+00 2.477180074568570076e-02
8.100000000000000533e-01 1.834426751257715038e+00 2.484069260064896909e-02
8.149999999999999467e-01 1.830620562153079334e+00 2.462931620445441006e-02
8.199999999999999512e-01 1.806718856803141815e+00 2.449041484736616189e-02
8.249999999999999556e-01 1.820071305102211712e+00 2.507163175570409699e-02
8.299999999999999600e-01 1.818391005723190901e+00 2.455561390380028158e-02
8.349999999999999645e-01 1.765755069114008480e+00 2.420177656755804346e-02
8.399999999999999689e-01 1.754912265786083170e+00 2.328692860744492610e-02
8.449999999999999734e-01 1.788479180295859283e+00 2.336105258257958547e-02
8.499999999999999778e-01 1.808546165332527877e+00 2.343900991440358086e-02
8.549999999999999822e-01 1.814750864057033786e+00 2.359243963565259630e-02
8.599999999999999867e-01 1.818533242189758870e+00 2.414211225091629498e-02
8.649999999999999911e-01 1.795203786871798712e+00 2.426376900984542062e-02
8.699999999999999956e-01 1.809343046185416526e+00 2.395899905880316538e-02
8.750000000000000000e-01 1.768821125100573655e+00 2.329859808156416190e-02
8.800000000000000044e-01 1.749606929498416452e+00 2.295656133712789884e-02
8.850000000000000089e-01 1.737614905869813597e+00 2.273260078983144888e-02
8.900000000000000133e-01 1.754334561258337422e+00 2.286203597440832416e-02
8.950000000000000178e-01 1.766481041521911877e+00 2.353010418949672694e-02
9.000000000000000222e-01 1.763656976337981019e+00 2.286732054165440883e-02
9.050000000000000266e-01 1.773182151808389007e+00 2.228906269727066666e-02
9.100000000000000311e-01 1.734170391792262178e+00 2.249372534343374586e-02
9.150000000000000355e-01 1.773574351032944696e+00 2.320255752285670103e-02
9.200000000000000400e-01 1.791163578919881871e+00 2.271108437743855901e-02
9.250000000000000444e-01 1.762266342152490672e+00 2.248198454129292714e-02
9.300000000000000488e-01 1.747482875420416137e+00 2.227200166387296315e-02
9.350000000000000533e-01 1.745533470101144236e+00 2.244324293615854518e-02
9.399999999999999467e-01 1.743408943999471550e+00 2.274966392111214125e-02
9.449999999999999512e-01 1.735297374533270043e+00 2.242949393552771606e-02
9.499999999999999556e-01 1.715289077773183068e+00 2.233225705904650152e-02
9.549999999999999600e-01 1.731884433594683914e+00 2.232705168688320016e-02
9.599999999999999645e-01 1.713174831298150291e+00 2.205138356864671731e-02
9.649999999999999689e-01 1.737694520529197817e+00 2.253630502549417575e-02
9.699999999999999734e-01 1.737775026788851873e+00 2.254048663075946743e-02
9.749999999999999778e-01 1.724956542157233486e+00 2.201530575043600391e-02
9.799999999999999822e-01 1.702407813993156660e+00 2.153589490772655352e-02
9.849999999999999867e-01 1.697311951321814671e+00 2.123570201289277579e-02
9.899999999999999911e-01 1.703618921841972389e+00 2.160924214168500820e-02
9.949999999999999956e-01 1.718924184520169707e+00 2.144710201027094643e-02
1.000000000000000000e+00 1.736119849558608985e+00 2.117407670012825052e-02
1.004999999999999893e+00 1.709379288949677278e+00 2.083446301054281413e-02
1.010000000000000009e+00 1.690492625328979148e+00 2.080623966623815560e-02
1.014999999999999902e+00 1.717752988895195454e+00 2.126376277126588651e-02
1.020000000000000018e+00 1.716280065249511377e+00 2.120255913298189562e-02
1.024999999999999911e+00 1.710641375355094640e+00 2.071493088260951271e-02
1.030000000000000027e+00 1.707074135122761183e+00 2.106512052480683655e-02
1.034999999999999920e+00 1.703150097441289645e+00 2.091676820485887170e-02
1.040000000000000036e+00 1.716408455688360313e+00 2.134187954219694122e-02
1.044999999999999929e+00 1.731532356382268212e+00 2.151876988889772635e-02
1.050000000000000044e+00 1.716113860469808516e+00 2.116988355650652881e-02
1.054999999999999938e+00 1.699584640409495639e+00 2.146745095078116464e-02
1.060000000000000053e+00 1.699582227844059767e+00 2.150048421630593523e-02
1.064999999999999947e+00 1.706864294376913671e+00 2.138331850038279261e-02
1.070000000000000062e+00 1.673992880524644011e+00 2.138131712001250379e-02
1.075000100000000014e+00 1.671117889231186426e+00 2.107511536383112338e-02
1.080000000000000071e+00 1.673985852616635350e+00 2.125629588124181360e-02
1.084999899999999906e+00 1.669624668567595949e+00 2.090827230322931871e-02
1.090000000000000080e+00 1.656899539728931225e+00 2.098021605346898216e-02
1.095000100000000032e+00 1.652380017961392999e+00 2.067365923059193145e-02
1.100000000000000089e+00 1.666983276544821813e+00 2.128293479941998842e-02
1.104999899999999924e+00 1.662317427438889217e+00 2.077244172236435496e-02
1.110000000000000098e+00 1.642713497624687102e+00 2.004456181435432249e-02
1.115000100000000050e+00 1.657009468797488339e+00 2.003564633612722051e-02
1.120000000000000107e+00 1.623301524103861970e+00 1.992313477361235333e-02
1.124999899999999942e+00 1.632703396501665960e+00 2.043095095197564395e-02
1.129999999999999893e+00 1.622289820033029795e+00 1.989355252560239679e-02
1.135000100000000067e+00 1.609394657778209892e+00 1.975818610134846831e-02
1.139999999999999902e+00 1.599325868378607129e+00 1.985026900379958242e-02
1.144999899999999959e+00 1.636908917633015825e+00 1.954289872679403767e-02
1.149999999999999911e+00 1.634928516092600148e+00 1.961857251298588720e-02
1.155000100000000085e+00 1.601223770670530344e+00 1.972403046842526042e-02
1.159999999999999920e+00 1.593893977299705611e+00 1.928923635215732887e-02
1.164999899999999977e+00 1.598226944822560114e+00 1.954917769057630886e-02
1.169999999999999929e+00 1.572893329439348564e+00 1.914034068051553850e-02
1.175000100000000103e+00 1.562343128341136644e+00 1.908482912324800662e-02
1.179999999999999938e+00 1.555868589417334302e+00 1.910331566813586526e-02
1.184999899999999995e+00 1.552996797395432838e+00 1.926179027349962311e-02
1.189999999999999947e+00 1.547848644990621914e+00 1.886744858594256724e-02
1.195000099999999899e+00 1.564082011102590153e+00 1.903013154457970299e-02
1.199999999999999956e+00 1.550296717096076859e+00 1.872787800418123164e-02
1.204999900000000013e+00 1.505548663179529623e+00 1.853953426530894483e-02
1.209999999999999964e+00 1.513239239977168582e+00 1.854191536250001521e-02
1.215000099999999916e+00 1.511007249819449560e+00 1.843964933602646600e-02
1.219999999999999973e+00 1.495326308745224875e+00 1.836068554483911291e-02
1.224999900000000030e+00 1.501400152018371292e+00 1.867718318625351606e-02
1.229999999999999982e+00 1.460369441861929296e+00 1.794343392611456867e-02
1.235000099999999934e+00 1.454331996858620135e+00 1.790598147007614604e-02
1.239999999999999991e+00 1.467236337351511599e+00 1.781409471968438407e-02
1.244999900000000048e+00 1.441646990032095843e+00 1.743178701341568590e-02
1.250000000000000000e+00 1.452534425820585229e+00 1.794073552412160308e-02
1.255000099999999952e+00 1.433854980591999784e+00 1.780533081350314795e-02
1.260000000000000009e+00 1.425121441267011457e+00 1.753697591536188330e-02
1.264999900000000066e+00 1.439386153983295502e+00 1.753582784889685248e-02
1.270000000000000018e+00 1.426754957855406181e+00 1.730517453039879736e-02
1.275000099999999970e+00 1.430168213476440631e+00 1.751467227237784793e-02
1.280000000000000027e+00 1.416886044257459343e+00 1.749077476279388421e-02
1.284999900000000084e+00 1.405427722060934359e+00 1.766765409560898392e-02
1.290000000000000036e+00 1.398104904151044270e+00 1.710746636634003989e-02
1.295000099999999987e+00 1.403271360584922967e+00 1.701338418140162234e-02
1.300000000000000044e+00 1.367212685556472351e+00 1.656569542734961584e-02
1.304999900000000101e+00 1.369323260736276859e+00 1.657260900073567397e-02
1.310000000000000053e+00 1.387923301093776374e+00 1.680041496754862765e-02
1.315000100000000005e+00 1.373584480660950957e+00 1.672730846566301485e-02
1.320000000000000062e+00 1.385122679752233354e+00 1.664535466674740144e-02
1.324999899999999897e+00 1.356848828914645644e+00 1.661957640506494041e-02
1.330000000000000071e+00 1.347541518592513476e+00 1.635736830407771847e-02
1.335000100000000023e+00 1.347643528152791870e+00 1.631257378205299563e-02
1.340000000000000080e+00 1.351971146074027352e+00 1.628264748123304725e-02
1.344999899999999915e+00 1.347307919321830028e+00 1.621517431964022982e-02
1.350000000000000089e+00 1.327843813408759788e+00 1.664719293671539438e-02
1.355000100000000041e+00 1.311292827812449380e+00 1.641188336692608538e-02
1.360000000000000098e+00 1.267582911292379544e+00 1.583432359310650572e-02
1.364999899999999933e+00 1.305636882830458756e+00 1.583895047403594339e-02
1.370000000000000107e+00 1.304307454381135045e+00 1.584395812072764836e-02
1.375000100000000058e+00 1.272086174466762643e+00 1.534708502449909709e-02
1.379999999999999893e+00 1.273509011156114923e+00 1.583310839438586623e-02
1.384999899999999950e+00 1.275181286132707870e+00 1.601614501376994598e-02
1.389999999999999902e+00 1.270352274177405150e+00 1.610186241476554633e-02
1.395000100000000076e+00 1.268706694761830844e+00 1.626913291902610040e-02
1.399999999999999911e+00 1.258536525166845887e+00 1.615909685843675350e-02
1.404999899999999968e+00 1.255145611999631150e+00 1.600186210191874292e-02
1.409999999999999920e+00 1.229968865816827073e+00 1.585868893059673088e-02
1.415000100000000094e+00 1.226601973409821467e+00 1.579584160099185841e-02
1.419999999999999929e+00 1.233288660750757604e+00 1.594339829881672929e-02
1.424999899999999986e+00 1.226807618389693655e+00 1.556542429432992806e-02
1.429999999999999938e+00 1.215471550324278560e+00 1.538495810607655966e-02
1.435000099999999890e+00 1.180601850479122916e+00 1.537353775556211249e-02
1.439999999999999947e+00 1.209308651918303168e+00 1.593168634256698565e-02
1.444999900000000004e+00 1.178867215930719858e+00 1.555932732189684205e-02
1.449999999999999956e+00 1.193353412643433087e+00 1.573096404512560817e-02
1.455000099999999907e+00 1.194502003579214433e+00 1.560898421221637404e-02
1.459999999999999964e+00 1.165592441749270236e+00 1.486995405612656293e-02
1.464999900000000022e+00 1.184736043588890064e+00 1.520586655565090220e-02
1.469999999999999973e+00 1.166127087228692849e+00 1.513765965948312732e-02
1.475000099999999925e+00 1.143871800447524567e+00 1.496812081924208879e-02
1.479999999999999982e+00 1.146323753636506959e+00 1.466673685134202779e-02
1.484999900000000039e+00 1.151181821271189731e+00 1.490118838698935994e-02
1.489999999999999991e+00 1.132313042102962353e+00 1.453696390760413244e-02
1.495000099999999943e+00 1.098988380631194195e+00 1.431494390207133267e-02
1.500000000000000000e+00 1.108144538484060249e+00 1.433005600217343405e-02
1.504999900000000057e+00 1.118528639696718674e+00 1.434996386278548398e-02
1.510000000000000009e+00 1.099572221466678767e+00 1.419801944269177829e-02
1.515000099999999961e+00 1.086403128140736252e+00 1.417843465605983858e-02
1.520000000000000018e+00 1.073452267092591894e+00 1.434023860172512106e-02
1.524999900000000075e+00 1.059958526374298104e+00 1.386668767067114616e-02
1.530000000000000027e+00 1.061009355962851508e+00 1.390024960270882723e-02
1.535000099999999978e+00 1.051901921442375265e+00 1.360178116769096036e-02
1.540000000000000036e+00 1.041827467758705383e+00 1.376069999977736977e-02
1.544999900000000093e+00 1.055561573420318089e+00 1.370788527109055577e-02
1.550000000000000044e+00 1.035053770720852917e+00 1.345227658551198351e-02
1.555000099999999996e+00 1.023922928058712545e+00 1.342225850231132389e-02
1.560000000000000053e+00 1.025678908566516112e+00 1.333427014298150907e-02
1.564999900000000110e+00 1.020344936176067030e+00 1.342726090429556193e-02
1.570000000000000062e+00 9.973700230830331304e-01 1.314419040593687617e-02
1.575000100000000014e+00 9.996693028375835954e-01 1.306906574061706544e-02
1.580000000000000071e+00 9.756195393957870499e-01 1.299189983515019672e-02
1.584999899999999906e+00 9.728610855022975512e-01 1.306517154532109599e-02
1.590000000000000080e+00 9.759911269199884609e-01 1.301422812825933639e-02
1.595000100000000032e+00 9.828140717609779031e-01 1.308036860968420090e-02
1.600000000000000089e+00 9.622648358725051088e-01 1.280712983994750434e-02
1.604999899999999924e+00 9.434455142957132168e-01 1.246097127991110075e-02
1.610000000000000098e+00 9.247899849331883138e-01 1.249970082221830286e-02
1.615000100000000050e+00 9.498529734109830702e-01 1.278967178219437423e-02
1.620000000000000107e+00 9.397021567865599945e-01 1.246955267027240362e-02
1.624999899999999942e+00 9.296770033531017718e-01 1.249704700023882530e-02
1.629999999999999893e+00 9.204489930079058357e-01 1.240691040872957812e-02
1.635000100000000067e+00 9.287269770421090476e-01 1.237965471295300948e-02
1.639999999999999902e+00 9.376000780328560547e-01 1.226085212382869126e-02
1.644999899999999959e+00 9.166710204294550302e-01 1.224784839612925828e-02
1.649999999999999911e+00 8.993172274608156602e-01 1.226164302571506638e-02
1.655000100000000085e+00 9.050607066104693343e-01 1.242791651108570219e-02
1.659999999999999920e+00 8.912872131957619848e-01 1.188654102303846570e-02
1.664999899999999977e+00 8.861610361152475468e-01 1.193214060765973236e-02
1.669999999999999929e+00 8.908385284717615926e-01 1.183810719850077880e-02
1.675000100000000103e+00 8.850151199802754887e-01 1.187158836204343058e-02
1.679999999999999938e+00 8.649637641718653791e-01 1.188818471435935074e-02
1.684999899999999995e+00 8.660227230569961243e-01 1.181122125460079726e-02
1.689999999999999947e+00 8.682067765884454724e-01 1.187354778475397006e-02
1.695000099999999899e+00 8.614239013125216671e-01 1.185108260477987958e-02
1.699999999999999956e+00 8.614276250548249525e-01 1.171397965788285866e-02
1.704999900000000013e+00 8.599543867266925545e-01 1.155340297376539899e-02
1.709999999999999964e+00 8.454623683886883789e-01 1.148911492301869959e-02
1.715000099999999916e+00 8.388685648170336462e-01 1.148543523625822349e-02
1.719999999999999973e+00 8.365952463644563686e-01 1.137032072542633332e-02
1.724999900000000030e+00 8.326364362724633095e-01 1.137739531133170195e-02
1.729999999999999982e+00 8.215276738287687897e-01 1.123875776302915921e-02
1.735000099999999934e+00 8.114271015019017819e-01 1.127115694342089094e-02
1.739999999999999991e+00 8.186167562891460969e-01 1.128476433695004520e-02
1.744999900000000048e+00 8.141594891992687266e-01 1.132387202266578463e-02
1.750000000000000000e+00 8.136028683955497387e-01 1.115069387991178725e-02
1.755000099999999952e+00 8.045567445053898314e-01 1.103353603104984849e-02
1.760000000000000009e+00 8.101832142314028262e-01 1.108078927193619119e-02
1.764999900000000066e+00 7.786833438294356036e-01 1.082466031137666040e-02
1.770000000000000018e+00 7.784716149888991632e-01 1.080798161715347365e-02
1.775000099999999970e+00 7.678670262742303132e-01 1.073773977448760041e-02
1.780000000000000027e+00 7.824110196632556580e-01 1.067535817490600052e-02
1.784999900000000084e+00 7.735951384309990297e-01 1.070506419801223533e-02
1.790000000000000036e+00 7.627550099038830078e-01 1.075324050741317990e-02
1.795000099999999987e+00 7.673331675009281705e-01 1.068752170046885150e-02
1.800000000000000044e+00 7.579240049597418816e-01 1.054390220454119904e-02
1.804999900000000101e+00 7.501787783102724649e-01 1.053284006754690548e-02
1.810000000000000053e+00 7.674178170794829779e-01 1.065352603112345795e-02
1.815000100000000005e+00 7.575888681524521884e-01 1.054051569692825846e-02
1.820000000000000062e+00 7.399145711103626288e-01 1.046607022122572617e-02
1.824999899999999897e+00 7.250104761064937176e-01 1.036669665092150930e-02
1.830000000000000071e+00 7.204214095179123367e-01 1.015023341295245504e-02
1.835000100000000023e+00 7.258820415937455861e-01 1.010103386112424541e-02
1.840000000000000080e+00 7.266737301862395970e-01 1.030071455966221836e-02
1.844999899999999915e+00 7.275925504877900352e-01 1.049988914392940322e-02
1.850000000000000089e+00 7.371166245696292307e-01 1.070166772545510202e-02
1.855000100000000041e+00 7.078007028049618787e-01 1.051158956182270988e-02
1.860000000000000098e+00 7.101572023180026116e-01 1.047586313901244237e-02
1.864999899999999933e+00 7.131163711663430771e-01 1.043193609160314103e-02
1.870000000000000107e+00 6.990512195692668573e-01 1.057000826044049262e-02
1.875000100000000058e+00 6.865278546269468762e-01 1.044486691786875379e-02
1.879999999999999893e+00 6.951491572120918061e-01 1.068715509541674422e-02
1.884999899999999950e+00 6.863764399223075685e-01 1.049629442142993065e-02
1.889999999999999902e+00 6.732199338942912448e-01 1.045090777193191829e-02
1.895000100000000076e+00 6.976898508514550734e-01 1.068003016031967081e-02
1.899999999999999911e+00 6.778128291193252775e-01 1.064880317204733480e-02
1.904999899999999968e+00 6.806926979907295117e-01 1.075247110882742926e-02
1.909999999999999920e+00 6.652121047418327882e-01 1.053206227742920637e-02
1.915000100000000094e+00 6.736211540156944455e-01 1.070948024170140407e-02
1.919999999999999929e+00 6.679005417906069830e-01 1.061251189424261901e-02
1.924999899999999986e+00 6.708323332659574811e-01 1.077040853284325604e-02
1.929999999999999938e+00 6.766186092285607634e-01 1.097441349268968476e-02
1.935000099999999890e+00 6.884737459922144476e-01 1.082502219619204537e-02
1.939999999999999947e+00 6.708496408006062728e-01 1.070727641562279654e-02
1.944999900000000004e+00 6.728542204424555750e-01 1.074595455979679773e-02
1.949999999999999956e+00 6.716447909000300420e-01 1.086982143845349226e-02
1.955000099999999907e+00 6.737681631660594750e-01 1.084678406089449945e-02
1.959999999999999964e+00 6.558776268350097194e-01 1.059905921958380869e-02
1.964999900000000022e+00 6.457570721726846319e-01 1.079400604515997307e-02
1.969999999999999973e+00 6.438939947383577334e-01 1.070320442474361443e-02
1.975000099999999925e+00 6.612941509210259472e-01 1.069466708992505323e-02
1.979999999999999982e+00 6.528142456492538326e-01 1.071050715542389703e-02
1.984999900000000039e+00 6.534811102039780328e-01 1.103410927757624525e-02
1.989999999999999991e+00 6.525307167634623040e-01 1.107990553872761040e-02
1.995000099999999943e+00 6.442020164080308753e-01 1.110730861078406718e-02
2.000000000000000000e+00 6.410497374306700635e-01 1.102861282414839723e-02
2.004999900000000057e+00 6.509795420823358825e-01 1.115340014896595497e-02
2.009999999999999787e+00 6.400179985773051250e-01 1.108946139573671434e-02
2.015000099999999961e+00 6.383006191164759535e-01 1.133436196207517413e-02
2.020000000000000018e+00 6.352341960003879962e-01 1.140194473805409940e-02
2.024999900000000075e+00 6.255526233532451297e-01 1.130728511082330912e-02
2.029999999999999805e+00 6.153704958252301793e-01 1.123996194786411502e-02
2.035000099999999978e+00 6.376842086476066651e-01 1.124814474045774879e-02
2.040000000000000036e+00 6.318445940100403391e-01 1.125293315837723983e-02
2.044999900000000093e+00 6.312158060315433694e-01 1.147990206987808959e-02
2.049999999999999822e+00 6.371851747319007275e-01 1.169036116673626523e-02
2.055000099999999996e+00 6.240124625578041817e-01 1.146213719673800681e-02
2.060000000000000053e+00 6.258142818088895387e-01 1.157925151452794850e-02
2.064999900000000110e+00 6.337563423296825871e-01 1.174191716563044094e-02
2.069999999999999840e+00 6.249756006374703743e-01 1.145071160151608924e-02
2.075000100000000014e+00 6.184208701364621863e-01 1.154033735851782427e-02
2.080000000000000071e+00 6.244582102456218697e-01 1.167938976318119368e-02
2.084999900000000128e+00 6.203505553556494245e-01 1.197816396464452052e-02
2.089999999999999858e+00 6.178400187842347790e-01 1.192422581961777826e-02
2.095000100000000032e+00 6.111785584862258203e-01 1.155849558471810923e-02
2.100000000000000089e+00 6.037758636815776514e-01 1.143587379961463410e-02
2.104999900000000146e+00 6.230381532512283549e-01 1.169296621293627707e-02
2.109999999999999876e+00 6.095873666871083341e-01 1.157770747264898030e-02
2.115000100000000050e+00 5.983249343145627952e-01 1.166233974366917732e-02
2.120000000000000107e+00 5.984900377056969756e-01 1.140035559169089510e-02
2.124999900000000164e+00 6.122971496952827053e-01 1.161551289750008785e-02
2.129999999999999893e+00 6.160556119619475801e-01 1.196863275776052261e-02
2.135000100000000067e+00 6.280652053605727536e-01 1.200929235241643411e-02
2.140000000000000124e+00 6.288573659767390245e-01 1.179726561249568040e-02
2.144999900000000181e+00 6.037623847833815116e-01 1.180784995663951807e-02
2.150000100000000192e+00 5.955869347802036362e-01 1.203383443654837577e-02
2.155000100000000085e+00 6.088193841723757993e-01 1.205949731466651222e-02
2.160000000000000142e+00 5.931322543433371619e-01 1.186270172970741409e-02
2.164999900000000199e+00 6.132572982916912885e-01 1.207543860301951363e-02
2.169999900000000093e+00 6.074825606855204230e-01 1.216992777725755225e-02
2.175000100000000103e+00 6.108320406637277600e-01 1.215591916360699368e-02
2.180000000000000160e+00 6.072655871375146619e-01 1.226934330522152193e-02
2.184999900000000217e+00 5.947954559760083582e-01 1.241164900192811074e-02
2.190000099999999783e+00 5.812739707552019297e-01 1.282753437435689772e-02
2.195000100000000121e+00 5.875968327389915480e-01 1.284008758168471778e-02
2.200000000000000178e+00 5.854540026082509785e-01 1.240988101104020108e-02
2.204999899999999791e+00 6.048602069508598467e-01 1.295286977110499983e-02
2.209999900000000128e+00 5.978239598570932456e-01 1.309605133395896383e-02
2.215000100000000138e+00 5.950549116545157391e-01 1.349704121270413337e-02
2.220000000000000195e+00 5.971010818265966025e-01 1.396637644789426938e-02
2.224999899999999808e+00 6.010528640105807785e-01 1.420273548364819373e-02
2.230000099999999819e+00 6.054348695482734133e-01 1.437055196195630331e-02
2.235000100000000156e+00 5.949220632143178422e-01 1.387578723813041696e-02
2.240000000000000213e+00 5.802999236839996300e-01 1.444242438417438906e-02
2.244999899999999826e+00 5.833030431809329563e-01 1.436867120985780427e-02
2.249999900000000164e+00 5.823688558864974496e-01 1.399793123038343967e-02
2.255000100000000174e+00 6.050619708472045888e-01 1.479580175957156615e-02
2.259999999999999787e+00 6.036480501605503424e-01 1.469501316719212629e-02
2.264999899999999844e+00 5.734112102113448906e-01 1.451944081547838251e-02
2.270000099999999854e+00 5.940728926279599253e-01 1.520544645458260860e-02
2.275000100000000192e+00 5.934056084966382594e-01 1.511159293888985136e-02
2.279999999999999805e+00 5.864270531850341861e-01 1.495181030348324835e-02
2.284999899999999862e+00 6.047538967304567636e-01 1.540227508119876472e-02
2.289999900000000199e+00 5.900576494835970687e-01 1.526178510221805687e-02
2.295000100000000209e+00 5.696995831823810086e-01 1.496837571202509938e-02
2.299999999999999822e+00 5.872898600108121814e-01 1.546883356580893223e-02
2.304999899999999879e+00 5.747948164888266875e-01 1.531819140657985842e-02
2.310000099999999890e+00 5.829497072387247458e-01 1.571574233063739723e-02
2.315000099999999783e+00 5.887330461651452129e-01 1.569263834529354210e-02
2.319999999999999840e+00 6.113485919023811110e-01 1.651462299048411103e-02
2.324999899999999897e+00 5.848677492073303119e-01 1.669513061192648765e-02
2.329999899999999791e+00 5.905144635041749135e-01 1.696036910488948196e-02
2.335000099999999801e+00 6.054797117971361109e-01 1.708236100062589247e-02
2.339999999999999858e+00 5.900449572915212881e-01 1.647274242792933982e-02
2.344999899999999915e+00 5.800314995557197539e-01 1.687681199890049555e-02
2.350000099999999925e+00 5.971586162675351916e-01 1.713061702958037016e-02
2.355000099999999819e+00 6.016664947844914124e-01 1.747959147305705452e-02
2.359999999999999876e+00 6.004673973157804712e-01 1.771965799252103735e-02
2.364999899999999933e+00 5.761456957916997190e-01 1.803696541676870838e-02
2.369999899999999826e+00 5.864786086594575565e-01 1.815409179738582818e-02
2.375000099999999836e+00 5.990569381360558721e-01 1.811217557082026725e-02
2.379999999999999893e+00 6.016047645775773889e-01 1.895322420319107276e-02
2.384999899999999950e+00 5.939791697054831454e-01 2.006637822401445559e-02
2.390000099999999961e+00 5.957097658291351516e-01 2.008035851624467849e-02
2.395000099999999854e+00 5.864245357254488367e-01 1.979423664708034047e-02
2.399999999999999911e+00 5.579588334886332879e-01 1.971876530659680965e-02
2.404999899999999968e+00 5.871156308286813452e-01 2.010005921091168740e-02
2.409999899999999862e+00 6.008848235832637830e-01 2.007022364353096278e-02
2.415000099999999872e+00 6.278703644780874171e-01 2.127612769359555484e-02
2.419999999999999929e+00 5.934696988219133607e-01 2.089843952566583507e-02
2.424999899999999986e+00 5.937085952471409245e-01 2.095775139796563977e-02
2.430000099999999996e+00 5.920200092303182782e-01 2.052566669757635576e-02
2.435000099999999890e+00 6.026890029527102177e-01 2.072637640771981399e-02
2.439999999999999947e+00 5.667750818504129207e-01 2.009315979823579970e-02
2.444999900000000004e+00 5.730147103266642894e-01 1.975453735836206481e-02
2.449999899999999897e+00 6.153435380288377887e-01 2.110913725671386201e-02
2.455000099999999907e+00 6.111190310564489359e-01 2.168389268544959267e-02
2.459999999999999964e+00 6.005677810167432407e-01 2.142482354188275998e-02
2.464999900000000022e+00 6.015846249008952595e-01 2.183995000514073886e-02
2.470000100000000032e+00 5.747800264137631343e-01 2.202924356053572591e-02
2.475000099999999925e+00 5.884364579577551213e-01 2.202817573809496762e-02
2.479999999999999982e+00 6.260456258553612763e-01 2.298533694912907599e-02
2.484999900000000039e+00 5.797688446056562528e-01 2.202476667823990986e-02
2.489999899999999933e+00 5.739719743339648517e-01 2.182939817818321110e-02
2.495000099999999943e+00 5.982737459696622073e-01 2.235232488323636579e-02
2.500000000000000000e+00 5.877410621943979230e-01 2.146949533775270591e-02
2.504999900000000057e+00 5.788930833524288389e-01 2.223475637377958156e-02
2.510000100000000067e+00 5.808028386832329026e-01 2.179961453340643202e-02
2.515000099999999961e+00 5.511717624467341592e-01 2.165507878708389233e-02
2.520000000000000018e+00 6.017509870218221701e-01 2.372526552360838467e-02
2.524999900000000075e+00 5.840110786892913630e-01 2.376453107501895132e-02
2.529999899999999968e+00 6.037180670052657572e-01 2.466379281347474278e-02
2.535000099999999978e+00 5.910441789585763050e-01 2.457648679058668448e-02
2.540000000000000036e+00 6.185137014586690185e-01 2.386916508691489663e-02
2.544999900000000093e+00 5.752011764235496205e-01 2.326557687886656942e-02
2.550000100000000103e+00 6.076125769836848711e-01 2.388863239209952291e-02
2.555000099999999996e+00 5.909088655058679640e-01 2.377638149154588307e-02
2.560000000000000053e+00 5.903740626852211903e-01 2.391295524745924717e-02
2.564999900000000110e+00 5.749964754910220632e-01 2.534784951928336846e-02
2.569999900000000004e+00 6.034473876527740588e-01 2.567222051555071577e-02
2.575000100000000014e+00 5.693713169418762599e-01 2.447950061112250456e-02
2.580000000000000071e+00 5.996041184663302159e-01 2.552569492721431382e-02
2.584999900000000128e+00 5.882451310292743374e-01 2.614174351126825196e-02
2.590000100000000138e+00 5.907770135600891592e-01 2.656867318868593938e-02
2.595000100000000032e+00 5.856132843740943228e-01 2.513491964073639312e-02
2.600000000000000089e+00 5.790234143330414973e-01 2.594957952747531035e-02
2.604999900000000146e+00 5.906604761601208509e-01 2.769338706924245191e-02
2.609999900000000039e+00 5.625720257315734996e-01 2.686623114248713057e-02
2.615000100000000050e+00 6.189421416118379149e-01 2.823196450585480771e-02
2.620000000000000107e+00 6.132745009321907137e-01 2.848825080763841416e-02
2.624999900000000164e+00 5.873213282556281056e-01 2.866592261575212977e-02
2.630000100000000174e+00 5.645291407708254994e-01 2.795839794190127861e-02
2.635000100000000067e+00 6.072952721817910238e-01 2.915553756131388646e-02
2.640000000000000124e+00 6.103705064064274266e-01 2.801696663915268296e-02
2.644999900000000181e+00 5.962497084631017685e-01 2.991223608792634853e-02
2.649999900000000075e+00 6.019379608431034701e-01 2.936298252478944729e-02
2.655000100000000085e+00 6.139158762086139864e-01 2.912522000531672997e-02
2.660000000000000142e+00 5.746689959566375627e-01 2.887191217290494688e-02
2.664999900000000199e+00 5.428990231200002681e-01 2.931502544416071665e-02
2.670000100000000209e+00 5.711827864547051048e-01 3.091933635454183898e-02
2.675000100000000103e+00 6.033499409879941044e-01 3.129373189512232173e-02
2.680000000000000160e+00 5.993776519978049055e-01 2.980515751787895379e-02
2.684999900000000217e+00 5.720760650308798212e-01 3.165454259441576740e-02
2.689999900000000110e+00 5.925755286454688076e-01 3.250914722218253144e-02
2.695000100000000121e+00 5.402930853197187577e-01 3.131781192052621871e-02
2.700000000000000178e+00 5.639555795619805023e-01 3.058617417961441431e-02
2.704999899999999791e+00 5.877463593489418159e-01 3.297567339205209613e-02
2.710000099999999801e+00 5.735142687131171702e-01 3.371165637310222923e-02
2.715000100000000138e+00 5.963106519638952108e-01 3.548383253757093209e-02
2.720000000000000195e+00 5.731502335676715854e-01 3.645933868639122943e-02
2.724999899999999808e+00 5.473185283160985071e-01 3.656960918540445166e-02
2.729999900000000146e+00 5.016657780952156198e-01 3.779180277239801294e-02
2.735000100000000156e+00 5.758907505616159828e-01 4.229072070664295635e-02
2.740000000000000213e+00 5.994883677724822668e-01 4.238378541833232038e-02
2.744999899999999826e+00 5.812007021918556005e-01 4.513533675232143938e-02
2.750000099999999836e+00 5.889296702481702228e-01 5.136201394794814162e-02
2.755000100000000174e+00 6.131391350324074674e-01 5.242357263457132766e-02
2.759999999999999787e+00 5.776586890024494325e-01 4.693048211315202500e-02
2.764999899999999844e+00 5.491550675306307028e-01 4.843183364673216140e-02
2.769999900000000181e+00 5.437088059532634299e-01 4.757489145284632404e-02
2.775000100000000192e+00 5.340676700007090938e-01 4.705549548486151479e-02
2.779999999999999805e+00 6.745719670328076401e-01 5.368593753395541068e-02
2.784999899999999862e+00 6.659955591435999800e-01 5.560652843039096127e-02
2.790000099999999872e+00 5.676133434452345083e-01 5.298364498027595404e-02
2.795000100000000209e+00 4.815247849914474076e-01 4.778127698541307505e-02
2.799999999999999822e+00 4.920784318624666365e-01 4.566922279810248231e-02
2.804999899999999879e+00 6.409761017378008408e-01 5.058388449767454303e-02
2.809999900000000217e+00 5.540078904578442653e-01 5.548985466802843630e-02
2.815000099999999783e+00 5.980956881510788303e-01 6.244710597789216583e-02
2.819999999999999840e+00 5.771304945132140762e-01 5.822293991148881631e-02
2.824999899999999897e+00 5.811898980944687487e-01 5.883232771705671632e-02
2.830000099999999907e+00 5.657959474129653499e-01 6.046229888320224510e-02
2.835000099999999801e+00 5.866490616522105350e-01 5.689127721678334526e-02
2.839999999999999858e+00 5.531304508982268775e-01 5.842390661229827226e-02
2.844999899999999915e+00 5.557800771117278327e-01 5.903194128333909274e-02
2.849999899999999808e+00 5.052861262353834926e-01 5.959485573602133629e-02
2.855000099999999819e+00 5.743152404378318865e-01 6.794653315487590717e-02
2.859999999999999876e+00 4.745302280773543990e-01 6.556460730002390547e-02
2.864999899999999933e+00 5.105864118697571730e-01 7.332652260866077965e-02
2.870000099999999943e+00 6.163857138500666855e-01 7.807651255652332811e-02
2.875000099999999836e+00 6.612496233546113489e-01 8.589339239943868942e-02
2.879999999999999893e+00 6.346100758115387208e-01 8.378039416478361145e-02
2.884999899999999950e+00 5.528853657181854730e-01 6.793140741853437303e-02
2.889999899999999844e+00 5.730765454277275683e-01 9.237848367466929000e-02
2.895000099999999854e+00 6.409141617425880844e-01 8.044443504243223297e-02
