2.400000000000000050e-02 2.679095100000000134e+24 1.388814300000000032e+23 8.185269499999999440e+23
2.599999999999999881e-02 3.685686200000000031e+24 8.033765800000000256e+22 2.515672899999999963e+23
2.800000000000000058e-02 4.731559899999999931e+24 5.439133900000000265e+22 1.079465600000000063e+23
2.999999999999999889e-02 4.324088700000000006e+24 3.841820199999999731e+22 6.577285899999999584e+22
3.200000000000000067e-02 3.914641699999999825e+24 3.301464999999999836e+22 5.410925400000000374e+22
3.400000000000000244e-02 3.545570700000000117e+24 3.033089700000000115e+22 4.442963399999999705e+22
3.599999999999999728e-02 3.195135500000000263e+24 2.771822699999999820e+22 3.866525000000000229e+22
3.799999999999999906e-02 2.833804699999999774e+24 2.521709800000000203e+22 3.830264599999999797e+22
4.000000000000000083e-02 2.513806899999999743e+24 2.305064799999999816e+22 3.700572100000000193e+22
4.200000000000000261e-02 2.235493799999999886e+24 2.111842200000000111e+22 3.394429099999999977e+22
4.399999999999999745e-02 1.927069099999999969e+24 1.906894400000000157e+22 3.056740100000000141e+22
4.599999999999999922e-02 1.680822500000000121e+24 1.744503299999999931e+22 2.527337699999999853e+22
4.800000000000000100e-02 1.435887500000000100e+24 1.564358300000000043e+22 2.371248100000000062e+22
5.000000000000000278e-02 1.178587300000000014e+24 1.379378100000000049e+22 2.210767099999999859e+22
5.199999999999999761e-02 9.774937599999999748e+23 1.233949500000000016e+22 1.868724000000000079e+22
5.399999999999999939e-02 8.154596099999999889e+23 1.100981299999999944e+22 1.605537999999999987e+22
5.600000000000000117e-02 6.367409599999999507e+23 9.526678099999999394e+21 1.494609700000000010e+22
5.800000000000000294e-02 4.981626299999999828e+23 8.294060699999999623e+21 1.163261500000000016e+22
5.999999999999999778e-02 3.928707499999999935e+23 7.202643399999999705e+21 1.043849300000000023e+22
6.199999999999999956e-02 2.986225400000000012e+23 6.193397099999999820e+21 8.600181500000000279e+21
6.400000000000000133e-02 2.145832900000000109e+23 5.140664699999999754e+21 6.543880799999999607e+21
6.600000000000000311e-02 1.548084900000000031e+23 4.319483000000000033e+21 5.583305800000000229e+21
6.800000000000000488e-02 1.165911800000000012e+23 3.756644200000000098e+21 4.750579399999999705e+21
7.000000000000000666e-02 8.307448399999999882e+22 3.167341800000000098e+21 3.699927199999999869e+21
7.199999999999999456e-02 6.546585499999999623e+22 2.881830400000000000e+21 3.112520599999999902e+21
7.399999999999999634e-02 5.569653699999999774e+22 2.683573200000000197e+21 2.913906899999999918e+21
7.599999999999999811e-02 5.025896099999999695e+22 2.532688799999999869e+21 2.568294400000000000e+21
7.799999999999999989e-02 5.209670699999999662e+22 2.551400999999999836e+21 2.542059000000000033e+21
8.000000000000000167e-02 5.951852799999999790e+22 2.645558499999999853e+21 3.009115799999999902e+21
8.200000000000000344e-02 7.529935800000000400e+22 2.840512499999999787e+21 3.075854999999999902e+21
8.400000000000000522e-02 8.686108100000000193e+22 2.964984599999999902e+21 3.330223399999999836e+21
8.599999999999999312e-02 9.417161800000000439e+22 3.012266399999999869e+21 3.481830199999999771e+21
8.799999999999999489e-02 1.077777600000000052e+23 3.143291700000000049e+21 3.639639400000000098e+21
8.999999999999999667e-02 1.225926599999999957e+23 3.306602699999999951e+21 3.985842700000000213e+21
9.199999999999999845e-02 1.297203499999999956e+23 3.318961199999999803e+21 3.921986499999999984e+21
9.400000000000000022e-02 1.391157700000000026e+23 3.433971699999999787e+21 3.886083500000000082e+21
9.600000000000000200e-02 1.355072999999999993e+23 3.307979300000000115e+21 3.733053400000000164e+21
9.800000000000000377e-02 1.406095799999999980e+23 3.357426700000000213e+21 3.808828000000000131e+21
1.000000000000000056e-01 1.360315699999999986e+23 3.259838699999999820e+21 3.663125300000000049e+21
1.019999999999999934e-01 1.292314399999999995e+23 3.145799999999999738e+21 3.450954300000000016e+21
1.039999999999999952e-01 1.217676399999999919e+23 3.029024700000000016e+21 3.314487300000000246e+21
1.059999999999999970e-01 1.189002700000000056e+23 2.980524300000000213e+21 3.385745499999999885e+21
1.079999999999999988e-01 1.151850200000000059e+23 2.915874100000000049e+21 3.245908900000000115e+21
1.100000000000000006e-01 1.049918700000000050e+23 2.757689200000000066e+21 3.106555499999999820e+21
1.120000000000000023e-01 9.712957900000000056e+22 2.653212899999999853e+21 3.054717500000000016e+21
1.140000000000000041e-01 9.008049599999999843e+22 2.556059499999999820e+21 2.945248700000000016e+21
1.160000000000000059e-01 7.551870500000000220e+22 2.355351699999999918e+21 2.567394100000000049e+21
1.179999999999999938e-01 6.936779700000000049e+22 2.269341500000000016e+21 2.490054099999999918e+21
1.199999999999999956e-01 6.145565200000000144e+22 2.147285100000000082e+21 2.279060600000000033e+21
1.219999999999999973e-01 5.027946500000000351e+22 1.995682400000000131e+21 2.040643599999999934e+21
1.239999999999999991e-01 4.371052700000000252e+22 1.935155399999999967e+21 2.010553200000000066e+21
1.260000000000000009e-01 3.523647800000000085e+22 1.806168899999999984e+21 1.702355399999999967e+21
1.280000000000000027e-01 2.927107600000000144e+22 1.719097799999999967e+21 1.485073700000000115e+21
1.300000000000000044e-01 2.681863999999999948e+22 1.695821199999999934e+21 1.471894000000000066e+21
1.320000000000000062e-01 2.456916899999999905e+22 1.661072300000000082e+21 1.422483300000000115e+21
1.340000000000000080e-01 2.566641800000000177e+22 1.660704599999999902e+21 1.406398400000000000e+21
1.360000000000000098e-01 2.533343699999999918e+22 1.635778100000000049e+21 1.344800300000000082e+21
1.380000000000000115e-01 2.380036800000000052e+22 1.609402600000000098e+21 1.310086700000000082e+21
1.400000000000000133e-01 2.352318299999999885e+22 1.607600000000000000e+21 1.323116600000000033e+21
1.419999999999999873e-01 2.775794399999999921e+22 1.671904599999999902e+21 1.479496100000000115e+21
1.439999999999999891e-01 2.918247300000000036e+22 1.683009000000000098e+21 1.464989300000000049e+21
1.459999999999999909e-01 3.021798699999999872e+22 1.701649600000000000e+21 1.539610100000000049e+21
1.479999999999999927e-01 3.385295899999999938e+22 1.751254700000000082e+21 1.663354100000000049e+21
1.499999999999999944e-01 3.510213299999999839e+22 1.756662500000000115e+21 1.642230599999999967e+21
1.519999999999999962e-01 3.421919899999999833e+22 1.733326000000000066e+21 1.599461699999999984e+21
1.539999999999999980e-01 3.630939699999999944e+22 1.779517500000000016e+21 1.786875599999999934e+21
1.559999999999999998e-01 3.809757699999999931e+22 1.782910299999999885e+21 1.710616100000000115e+21
1.580000000000000016e-01 3.720965099999999925e+22 1.751011300000000115e+21 1.639054799999999934e+21
1.600000000000000033e-01 3.852819299999999748e+22 1.783064000000000000e+21 1.761021599999999869e+21
1.620000000000000051e-01 3.918735999999999895e+22 1.800902299999999885e+21 1.814326000000000066e+21
1.640000000000000069e-01 3.623183500000000108e+22 1.741517500000000016e+21 1.659180400000000066e+21
1.660000000000000087e-01 3.465683999999999869e+22 1.709111299999999984e+21 1.579034899999999918e+21
1.680000000000000104e-01 3.554855900000000200e+22 1.725682800000000066e+21 1.653693599999999869e+21
1.700000000000000122e-01 3.162980100000000141e+22 1.637174799999999934e+21 1.488390500000000115e+21
1.719999999999999862e-01 2.976760299999999925e+22 1.613197899999999951e+21 1.458465000000000098e+21
1.739999999999999880e-01 2.864884900000000115e+22 1.574404699999999885e+21 1.386475599999999934e+21
1.759999999999999898e-01 2.653102200000000033e+22 1.523671800000000033e+21 1.262691700000000049e+21
1.779999999999999916e-01 2.548215499999999846e+22 1.510958200000000033e+21 1.255343100000000016e+21
1.799999999999999933e-01 2.465883799999999902e+22 1.491410699999999951e+21 1.251742400000000000e+21
1.819999999999999951e-01 2.295779899999999807e+22 1.464369400000000033e+21 1.201316800000000000e+21
1.839999999999999969e-01 2.056909500000000121e+22 1.426836999999999967e+21 1.106375700000000049e+21
1.859999999999999987e-01 2.086912700000000121e+22 1.432153700000000115e+21 1.138511800000000033e+21
1.880000000000000004e-01 1.818336800000000079e+22 1.389364099999999984e+21 1.033962100000000049e+21
1.900000000000000022e-01 1.614513700000000010e+22 1.370945099999999951e+21 9.627769200000000328e+20
1.920000000000000040e-01 1.642421799999999941e+22 1.379165100000000082e+21 9.557060599999999508e+20
1.940000000000000058e-01 1.547672900000000088e+22 1.380293800000000098e+21 9.543914699999999427e+20
1.960000000000000075e-01 1.524559499999999898e+22 1.386603099999999885e+21 9.790713500000000410e+20
1.980000000000000093e-01 1.653835999999999921e+22 1.402364999999999967e+21 1.014661300000000049e+21
2.000000000000000111e-01 1.516610900000000023e+22 1.377966500000000115e+21 9.388825699999999590e+20
2.020000000000000129e-01 1.579726600000000072e+22 1.388834100000000049e+21 9.549665399999999508e+20
2.039999999999999869e-01 1.655213999999999908e+22 1.395416300000000082e+21 1.009306499999999984e+21
2.059999999999999887e-01 1.746177699999999905e+22 1.412091700000000049e+21 1.067501699999999984e+21
2.079999999999999905e-01 1.636426999999999928e+22 1.380048399999999934e+21 9.776245400000000164e+20
2.099999999999999922e-01 1.863839500000000003e+22 1.416570399999999869e+21 1.083925400000000033e+21
2.119999999999999940e-01 1.821708700000000043e+22 1.406546899999999918e+21 1.082155299999999984e+21
2.139999999999999958e-01 1.977843000000000085e+22 1.412985499999999885e+21 1.098826599999999967e+21
2.159999999999999976e-01 1.953110999999999849e+22 1.404829399999999902e+21 1.062943499999999951e+21
2.179999999999999993e-01 1.924088499999999839e+22 1.397726500000000115e+21 1.046054599999999967e+21
2.200000000000000011e-01 2.028742299999999833e+22 1.392243999999999869e+21 1.075354200000000033e+21
2.220000000000000029e-01 1.820159599999999961e+22 1.346329099999999951e+21 1.010626400000000000e+21
2.240000000000000047e-01 1.863161100000000003e+22 1.337836000000000131e+21 9.863445199999999672e+20
2.260000000000000064e-01 1.939828100000000036e+22 1.333248399999999934e+21 1.023769799999999967e+21
2.280000000000000082e-01 1.866376700000000069e+22 1.306402199999999902e+21 9.825070099999999918e+20
2.300000000000000100e-01 1.929407800000000085e+22 1.310876400000000066e+21 1.006227399999999967e+21
2.320000000000000118e-01 1.840043899999999964e+22 1.293767400000000098e+21 9.676358900000000573e+20
2.340000000000000135e-01 1.699827299999999957e+22 1.266264100000000115e+21 9.160272699999999754e+20
2.359999999999999876e-01 1.581446899999999997e+22 1.258556099999999984e+21 9.030452299999999427e+20
2.379999999999999893e-01 1.526770600000000046e+22 1.247473900000000082e+21 8.838782199999999508e+20
2.399999999999999911e-01 1.516954699999999951e+22 1.236926099999999918e+21 8.714216900000000246e+20
2.419999999999999929e-01 1.571557599999999921e+22 1.233135100000000016e+21 8.837136600000000164e+20
2.439999999999999947e-01 1.423012400000000013e+22 1.218494700000000082e+21 8.476616200000000492e+20
2.459999999999999964e-01 1.300296899999999984e+22 1.198809200000000066e+21 7.908087900000000410e+20
2.479999999999999982e-01 1.238424299999999925e+22 1.188564299999999951e+21 7.581105200000000328e+20
2.500000000000000000e-01 1.237986699999999898e+22 1.183992599999999902e+21 7.579216900000000246e+20
2.520000000000000018e-01 1.226525000000000020e+22 1.171422300000000016e+21 7.383357599999999345e+20
2.540000000000000036e-01 1.329390999999999902e+22 1.178439900000000016e+21 7.637747800000000164e+20
2.560000000000000053e-01 1.292031599999999961e+22 1.164562200000000033e+21 7.511388000000000655e+20
2.580000000000000071e-01 1.350150700000000082e+22 1.163224199999999967e+21 7.576544000000000000e+20
2.600000000000000089e-01 1.194349600000000079e+22 1.153238400000000000e+21 7.251962800000000328e+20
2.620000000000000107e-01 1.184323900000000016e+22 1.138965199999999934e+21 7.116809999999999672e+20
2.640000000000000124e-01 1.302294799999999934e+22 1.143145099999999951e+21 7.397812899999999590e+20
2.660000000000000142e-01 1.345092800000000052e+22 1.145609999999999934e+21 7.563358300000000410e+20
2.680000000000000160e-01 1.219653400000000007e+22 1.124878599999999967e+21 7.089954400000000655e+20
2.700000000000000178e-01 1.211393699999999905e+22 1.125415399999999967e+21 7.100028800000000000e+20
2.720000000000000195e-01 1.223855200000000026e+22 1.117456299999999951e+21 6.838001099999999427e+20
2.740000000000000213e-01 1.252480800000000079e+22 1.109503600000000066e+21 6.858812599999999508e+20
2.760000000000000231e-01 1.285485399999999954e+22 1.110975499999999951e+21 7.131265699999999590e+20
2.780000000000000249e-01 1.259325300000000102e+22 1.109191600000000066e+21 7.144729200000000328e+20
2.800000000000000266e-01 1.303553699999999905e+22 1.111076800000000000e+21 7.497315599999999672e+20
2.819999999999999729e-01 1.322763899999999964e+22 1.103598000000000066e+21 7.359175300000000246e+20
2.839999999999999747e-01 1.274879500000000003e+22 1.089488299999999951e+21 6.855691500000000082e+20
2.859999999999999765e-01 1.368194499999999984e+22 1.098023100000000016e+21 7.307684800000000000e+20
2.879999999999999782e-01 1.226569399999999980e+22 1.080385300000000049e+21 6.817701199999999672e+20
2.899999999999999800e-01 1.207335200000000079e+22 1.075372700000000016e+21 6.669074599999999836e+20
2.919999999999999818e-01 1.111382600000000020e+22 1.064659499999999951e+21 6.431151000000000164e+20
2.939999999999999836e-01 1.211419299999999905e+22 1.069266900000000049e+21 6.616433399999999508e+20
2.959999999999999853e-01 1.161454499999999905e+22 1.063057600000000000e+21 6.736274800000000328e+20
2.979999999999999871e-01 1.142281800000000020e+22 1.054499800000000033e+21 6.609576900000000246e+20
2.999999999999999889e-01 1.125728000000000000e+22 1.050983299999999984e+21 6.461205300000000573e+20
3.019999999999999907e-01 1.096070899999999997e+22 1.047567100000000016e+21 6.421802500000000246e+20
3.039999999999999925e-01 1.106688900000000036e+22 1.041143399999999967e+21 6.285772800000000000e+20
3.059999999999999942e-01 1.079405700000000036e+22 1.036663600000000066e+21 6.171921399999999508e+20
3.079999999999999960e-01 9.326959199999999607e+21 1.022412899999999984e+21 5.651889900000000082e+20
3.099999999999999978e-01 9.966511599999999017e+21 1.024168500000000049e+21 5.881699200000000000e+20
3.119999999999999996e-01 1.022157799999999993e+22 1.019919800000000033e+21 5.904186800000000328e+20
3.140000000000000013e-01 1.068833900000000029e+22 1.019114900000000049e+21 6.051146699999999427e+20
3.160000000000000031e-01 1.095314899999999918e+22 1.019792199999999967e+21 6.186426899999999918e+20
3.180000000000000049e-01 1.061952000000000000e+22 1.014326799999999934e+21 6.075934000000000328e+20
3.200000000000000067e-01 1.011574900000000102e+22 1.008408000000000000e+21 5.905961600000000000e+20
3.220000000000000084e-01 9.799548499999999394e+21 1.002705600000000000e+21 5.775327200000000000e+20
3.240000000000000102e-01 1.035514599999999993e+22 1.000413099999999951e+21 5.931951699999999918e+20
3.260000000000000120e-01 1.080156099999999984e+22 9.986018800000000328e+20 5.945299100000000410e+20
3.280000000000000138e-01 1.047721800000000020e+22 9.949092700000000410e+20 5.812198299999999754e+20
3.300000000000000155e-01 1.081680700000000016e+22 9.912392600000000164e+20 5.920201600000000000e+20
3.320000000000000173e-01 1.087710099999999971e+22 9.881963299999999590e+20 5.893659099999999754e+20
3.340000000000000191e-01 1.062436300000000056e+22 9.876541899999999427e+20 5.906942700000000082e+20
3.360000000000000209e-01 9.999747099999999099e+21 9.781573400000000164e+20 5.766996100000000246e+20
3.380000000000000226e-01 1.031880099999999905e+22 9.779073600000000000e+20 5.726108900000000246e+20
3.400000000000000244e-01 1.065261799999999993e+22 9.779067700000000573e+20 5.789969700000000246e+20
3.420000000000000262e-01 9.778330999999998984e+21 9.661050299999999754e+20 5.474944999999999836e+20
3.439999999999999725e-01 1.051175099999999912e+22 9.700720099999999590e+20 5.765008900000000246e+20
3.459999999999999742e-01 9.028446900000000049e+21 9.569198000000000328e+20 5.321621499999999754e+20
3.479999999999999760e-01 8.814725900000000213e+21 9.535862799999999672e+20 5.236394200000000164e+20
3.499999999999999778e-01 9.921014299999999099e+21 9.588375699999999918e+20 5.580258299999999754e+20
3.519999999999999796e-01 1.016196099999999931e+22 9.560957300000000573e+20 5.617773799999999836e+20
3.539999999999999813e-01 1.020606199999999928e+22 9.515255799999999508e+20 5.565966700000000082e+20
3.559999999999999831e-01 1.031294599999999967e+22 9.495142199999999508e+20 5.505957799999999836e+20
3.579999999999999849e-01 9.976123999999999607e+21 9.425912099999999590e+20 5.380204000000000000e+20
3.599999999999999867e-01 1.017557899999999898e+22 9.430741700000000246e+20 5.462374599999999836e+20
3.619999999999999885e-01 9.277129600000000524e+21 9.346904900000000246e+20 5.094495800000000164e+20
3.639999999999999902e-01 9.443195300000000115e+21 9.326633999999999672e+20 5.161329400000000164e+20
3.659999999999999920e-01 9.451868699999999099e+21 9.334863900000000410e+20 5.350828499999999918e+20
3.679999999999999938e-01 9.466032899999999721e+21 9.290871799999999508e+20 5.353639899999999754e+20
3.699999999999999956e-01 9.445467300000000115e+21 9.257616200000000492e+20 5.284340499999999918e+20
3.719999999999999973e-01 9.512380200000000360e+21 9.237393600000000000e+20 5.301956699999999754e+20
3.739999999999999991e-01 1.016894800000000092e+22 9.236868599999999508e+20 5.395499800000000164e+20
3.760000000000000009e-01 1.031016700000000069e+22 9.191754899999999918e+20 5.263592399999999672e+20
3.780000000000000027e-01 9.983858399999999082e+21 9.182018100000000573e+20 5.261113700000000246e+20
3.800000000000000044e-01 9.977566200000000557e+21 9.157183099999999754e+20 5.269407899999999754e+20
3.820000000000000062e-01 9.742871500000000475e+21 9.099857399999999508e+20 5.170644000000000000e+20
3.840000000000000080e-01 9.708480000000000000e+21 9.077539899999999754e+20 5.114646799999999672e+20
3.860000000000000098e-01 8.895548200000000360e+21 9.015707899999999754e+20 4.978542799999999672e+20
3.880000000000000115e-01 1.008274700000000003e+22 9.056788299999999427e+20 5.220224000000000000e+20
3.900000000000000133e-01 9.423370600000000098e+21 8.981613899999999427e+20 5.006717100000000082e+20
3.920000000000000151e-01 9.350948800000000262e+21 8.950581899999999427e+20 5.008172499999999918e+20
3.940000000000000169e-01 9.245046199999999771e+21 8.926569699999999590e+20 4.955955000000000164e+20
3.960000000000000187e-01 8.985201100000000475e+21 8.924083700000000573e+20 4.947077299999999918e+20
3.980000000000000204e-01 9.482064700000000016e+21 8.892824600000000164e+20 4.971106299999999754e+20
4.000000000000000222e-01 8.743170699999999689e+21 8.830933700000000246e+20 4.855655099999999754e+20
4.020000000000000240e-01 9.297124200000000098e+21 8.846687600000000328e+20 4.962119500000000082e+20
4.040000000000000258e-01 8.972427399999999967e+21 8.813372100000000246e+20 5.021561700000000246e+20
4.060000000000000275e-01 9.119830699999999558e+21 8.820779100000000410e+20 5.078386099999999918e+20
4.079999999999999738e-01 9.025287900000000410e+21 8.773147899999999754e+20 4.836106700000000082e+20
4.099999999999999756e-01 9.040902099999999918e+21 8.706816699999999754e+20 4.752032100000000246e+20
4.119999999999999774e-01 8.554638600000000492e+21 8.672867200000000000e+20 4.661909299999999918e+20
4.139999999999999791e-01 9.735252800000000786e+21 8.742464000000000000e+20 4.916991500000000082e+20
4.159999999999999809e-01 9.165078699999999558e+21 8.634730899999999918e+20 4.720115899999999754e+20
4.179999999999999827e-01 9.234398100000000180e+21 8.644825600000000000e+20 4.783466599999999836e+20
4.199999999999999845e-01 9.069824900000000246e+21 8.635641200000000328e+20 4.747239800000000164e+20
4.219999999999999862e-01 8.627283800000000164e+21 8.579158900000000573e+20 4.687393600000000000e+20
4.239999999999999880e-01 9.982383000000000950e+21 8.629186699999999427e+20 4.983376800000000000e+20
4.259999999999999898e-01 9.291785999999999934e+21 8.559033500000000410e+20 4.762004800000000000e+20
4.279999999999999916e-01 9.403890299999999754e+21 8.543681699999999590e+20 4.704480499999999918e+20
4.299999999999999933e-01 9.281569700000000115e+21 8.516112000000000000e+20 4.673198799999999672e+20
4.319999999999999951e-01 8.676702900000000049e+21 8.459332800000000000e+20 4.530629100000000082e+20
4.339999999999999969e-01 8.719732400000000328e+21 8.464311799999999508e+20 4.631119200000000000e+20
4.359999999999999987e-01 8.792167600000000328e+21 8.458444100000000246e+20 4.699708900000000246e+20
4.380000000000000004e-01 8.704766100000000180e+21 8.429009600000000000e+20 4.682272600000000164e+20
4.400000000000000022e-01 8.497408799999999869e+21 8.389372299999999427e+20 4.583269299999999918e+20
4.420000000000000040e-01 8.807835300000000115e+21 8.382536300000000082e+20 4.577424699999999754e+20
4.440000000000000058e-01 8.469933799999999574e+21 8.334005700000000246e+20 4.467692699999999754e+20
4.460000000000000075e-01 8.831931900000000279e+21 8.336544799999999345e+20 4.527461299999999918e+20
4.480000000000000093e-01 9.260104499999999525e+21 8.336732499999999918e+20 4.602785100000000082e+20
4.500000000000000111e-01 9.238232699999999754e+21 8.328527300000000246e+20 4.723448800000000000e+20
4.520000000000000129e-01 8.596531800000000164e+21 8.274426800000000328e+20 4.503798500000000246e+20
4.540000000000000147e-01 8.497186300000000279e+21 8.266411299999999590e+20 4.496244499999999918e+20
4.560000000000000164e-01 8.751939299999999853e+21 8.227290999999999508e+20 4.433205900000000082e+20
4.580000000000000182e-01 9.513525299999999525e+21 8.234626800000000328e+20 4.513137700000000246e+20
4.600000000000000200e-01 8.390372999999999967e+21 8.196040900000000246e+20 4.421051899999999754e+20
4.620000000000000218e-01 8.399265800000000492e+21 8.189135099999999754e+20 4.520020800000000000e+20
4.640000000000000235e-01 8.646696400000000197e+21 8.172600300000000082e+20 4.570884199999999836e+20
4.660000000000000253e-01 8.985231799999999771e+21 8.172605199999999672e+20 4.605955399999999836e+20
4.680000000000000271e-01 8.398022400000000000e+21 8.108250299999999754e+20 4.325964400000000328e+20
4.699999999999999734e-01 7.852112500000000311e+21 8.064823499999999427e+20 4.154222099999999918e+20
4.719999999999999751e-01 8.746737900000000344e+21 8.080050999999999508e+20 4.385917799999999836e+20
4.739999999999999769e-01 8.684995700000000311e+21 8.064226299999999754e+20 4.365235099999999754e+20
4.759999999999999787e-01 8.538953600000000524e+21 8.060167900000000410e+20 4.366045100000000082e+20
4.779999999999999805e-01 8.512065299999999656e+21 8.020678600000000492e+20 4.314512699999999754e+20
4.799999999999999822e-01 8.146775299999999721e+21 7.988520999999999836e+20 4.288668199999999836e+20
4.819999999999999840e-01 8.390034799999999541e+21 8.012944699999999754e+20 4.386896399999999672e+20
4.839999999999999858e-01 8.517915400000000492e+21 7.980132899999999590e+20 4.342507699999999918e+20
4.859999999999999876e-01 8.552722200000000426e+21 7.954458399999999345e+20 4.298721499999999754e+20
4.879999999999999893e-01 7.884612699999999885e+21 7.915269400000000164e+20 4.115382000000000328e+20
4.899999999999999911e-01 8.504816899999999721e+21 7.908568600000000164e+20 4.166697600000000000e+20
4.919999999999999929e-01 8.298727300000000246e+21 7.890478600000000492e+20 4.158648100000000246e+20
4.939999999999999947e-01 8.407055999999999476e+21 7.882076299999999427e+20 4.172240399999999672e+20
4.959999999999999964e-01 8.695469100000000082e+21 7.869300899999999590e+20 4.337560100000000246e+20
4.979999999999999982e-01 8.385326500000000115e+21 7.906548499999999918e+20 4.235242099999999918e+20
5.000000000000000000e-01 8.535711200000000131e+21 7.975290599999999836e+20 4.327644400000000328e+20
5.020000000000000018e-01 8.839146499999999721e+21 8.009620100000000246e+20 4.459663399999999836e+20
5.040000000000000036e-01 8.878015800000000295e+21 8.043745600000000000e+20 4.498245900000000082e+20
5.060000000000000053e-01 8.853243000000000033e+21 8.052922100000000573e+20 4.460482800000000328e+20
5.080000000000000071e-01 8.090402600000000360e+21 8.022299100000000410e+20 4.249661499999999754e+20
5.100000000000000089e-01 8.233160599999999902e+21 8.036793200000000328e+20 4.260462899999999918e+20
5.120000000000000107e-01 8.530995899999999492e+21 8.056087900000000410e+20 4.324740100000000246e+20
5.140000000000000124e-01 7.590171600000000197e+21 8.028870499999999590e+20 4.159073799999999836e+20
5.160000000000000142e-01 7.560725099999999820e+21 8.020906100000000573e+20 4.086356400000000328e+20
5.180000000000000160e-01 8.611239300000000246e+21 8.059203599999999672e+20 4.288620999999999836e+20
5.200000000000000178e-01 9.348066600000000360e+21 8.106012000000000655e+20 4.488735699999999918e+20
5.220000000000000195e-01 8.992398399999999738e+21 8.087495399999999836e+20 4.483481499999999754e+20
5.240000000000000213e-01 8.882684800000000524e+21 8.089574499999999590e+20 4.480440999999999836e+20
5.260000000000000231e-01 8.499010800000000066e+21 8.042719300000000246e+20 4.323471500000000082e+20
5.280000000000000249e-01 7.861899399999999967e+21 7.943151300000000246e+20 4.163526899999999918e+20
5.300000000000000266e-01 7.932203399999999967e+21 7.892101100000000082e+20 4.148884300000000082e+20
5.320000000000000284e-01 8.365269800000000360e+21 7.873358900000000573e+20 4.186977299999999918e+20
5.340000000000000302e-01 8.151975000000000164e+21 7.805918300000000410e+20 4.046193200000000328e+20
5.360000000000000320e-01 8.207462899999999787e+21 7.786385200000000328e+20 4.035177700000000246e+20
5.380000000000000338e-01 8.207503100000000279e+21 7.764062799999999672e+20 4.088106400000000000e+20
5.400000000000000355e-01 8.638188199999999836e+21 7.748795599999999672e+20 4.205191200000000000e+20
5.420000000000000373e-01 8.960605199999999934e+21 7.754367300000000246e+20 4.265871000000000164e+20
5.440000000000000391e-01 8.749679100000000279e+21 7.714392800000000655e+20 4.194566700000000082e+20
5.460000000000000409e-01 8.584498799999999541e+21 7.682594599999999836e+20 4.194158200000000164e+20
5.480000000000000426e-01 8.554129000000000098e+21 7.680911200000000655e+20 4.173405700000000246e+20
5.500000000000000444e-01 8.321343800000000295e+21 7.703903000000000164e+20 4.017294599999999836e+20
5.520000000000000462e-01 8.050594300000000279e+21 7.744307100000000410e+20 4.012807600000000328e+20
5.540000000000000480e-01 8.317926800000000459e+21 7.764638400000000000e+20 4.068084000000000000e+20
5.560000000000000497e-01 8.774646199999999771e+21 7.811077700000000246e+20 4.308477499999999754e+20
5.580000000000000515e-01 8.895744799999999869e+21 7.822696500000000573e+20 4.306112399999999672e+20
5.600000000000000533e-01 8.548654800000000197e+21 7.810164499999999918e+20 4.191797499999999754e+20
5.620000000000000551e-01 8.223921100000000475e+21 7.791657699999999590e+20 4.078424900000000246e+20
5.639999999999999458e-01 8.076585300000000442e+21 7.800899500000000082e+20 4.062026400000000000e+20
5.659999999999999476e-01 7.491310500000000115e+21 7.777871799999999508e+20 4.004956499999999918e+20
5.679999999999999494e-01 8.296439599999999803e+21 7.831913299999999918e+20 4.274653799999999836e+20
5.699999999999999512e-01 7.907126900000000311e+21 7.800476800000000000e+20 4.140540900000000246e+20
5.719999999999999529e-01 7.893476300000000475e+21 7.807586999999999508e+20 4.086001299999999918e+20
5.739999999999999547e-01 7.702764300000000213e+21 7.804034899999999918e+20 4.044775200000000000e+20
5.759999999999999565e-01 8.159437299999999787e+21 7.810321299999999918e+20 4.139518599999999836e+20
5.779999999999999583e-01 8.158853799999999836e+21 7.769503300000000246e+20 4.136428000000000000e+20
5.799999999999999600e-01 8.343110200000000295e+21 7.700680699999999754e+20 4.130817400000000164e+20
5.819999999999999618e-01 8.100559199999999607e+21 7.614742700000000082e+20 3.973090700000000082e+20
5.839999999999999636e-01 7.972832000000000000e+21 7.592568200000000492e+20 3.953873200000000328e+20
5.859999999999999654e-01 8.229454300000000410e+21 7.565757799999999836e+20 3.929346599999999836e+20
5.879999999999999671e-01 8.066693799999999836e+21 7.517985099999999427e+20 3.861272699999999754e+20
5.899999999999999689e-01 7.776816299999999558e+21 7.493464099999999590e+20 3.846803399999999836e+20
5.919999999999999707e-01 8.230276099999999721e+21 7.507051400000000492e+20 4.014902500000000246e+20
5.939999999999999725e-01 7.791896600000000426e+21 7.449140299999999427e+20 3.852095000000000164e+20
5.959999999999999742e-01 7.938829700000000246e+21 7.426705800000000492e+20 3.835841299999999918e+20
5.979999999999999760e-01 8.227527600000000328e+21 7.424264000000000000e+20 3.936761799999999836e+20
5.999999999999999778e-01 8.007910800000000459e+21 7.391167200000000655e+20 3.859055099999999754e+20
6.019999999999999796e-01 8.307322800000000328e+21 7.386072699999999754e+20 3.938348300000000082e+20
6.039999999999999813e-01 7.943630800000000197e+21 7.353075200000000000e+20 3.862548000000000000e+20
6.059999999999999831e-01 8.097568499999999787e+21 7.349193299999999918e+20 3.879474099999999918e+20
6.079999999999999849e-01 8.037662499999999590e+21 7.319597499999999754e+20 3.839546299999999754e+20
6.099999999999999867e-01 7.688661500000000279e+21 7.285071399999999836e+20 3.724030200000000164e+20
6.119999999999999885e-01 7.477901400000000164e+21 7.266994200000000164e+20 3.712420000000000000e+20
6.139999999999999902e-01 8.209878000000000066e+21 7.284257999999999672e+20 3.876286400000000000e+20
6.159999999999999920e-01 8.089153800000000492e+21 7.253687000000000164e+20 3.795132300000000082e+20
6.179999999999999938e-01 8.096423399999999574e+21 7.234096000000000000e+20 3.766458299999999754e+20
6.199999999999999956e-01 7.813092899999999590e+21 7.205002500000000246e+20 3.705388699999999754e+20
6.219999999999999973e-01 7.824962300000000279e+21 7.195469199999999672e+20 3.727583800000000164e+20
6.239999999999999991e-01 8.072283600000000197e+21 7.183123899999999754e+20 3.753308499999999918e+20
6.260000000000000009e-01 7.674035800000000164e+21 7.162517400000000164e+20 3.708192100000000246e+20
6.280000000000000027e-01 7.950757300000000049e+21 7.141403100000000410e+20 3.633074899999999918e+20
6.300000000000000044e-01 8.507285399999999902e+21 7.152534400000000000e+20 3.801994500000000246e+20
6.320000000000000062e-01 8.007714199999999902e+21 7.123245799999999836e+20 3.749903300000000246e+20
6.340000000000000080e-01 8.012006500000000377e+21 7.117752200000000492e+20 3.759636699999999754e+20
6.360000000000000098e-01 7.560321599999999738e+21 7.085868400000000328e+20 3.665377100000000082e+20
6.380000000000000115e-01 7.680942099999999656e+21 7.080493300000000573e+20 3.684666400000000000e+20
6.400000000000000133e-01 8.180120099999999590e+21 7.090547599999999672e+20 3.800330700000000082e+20
6.420000000000000151e-01 7.997327999999999476e+21 7.051517799999999836e+20 3.724684199999999836e+20
6.440000000000000169e-01 7.996692600000000033e+21 7.041333199999999672e+20 3.704973700000000246e+20
6.460000000000000187e-01 7.977687299999999721e+21 7.026023199999999345e+20 3.662608199999999836e+20
6.480000000000000204e-01 7.987337399999999771e+21 7.021927499999999427e+20 3.719257200000000328e+20
6.500000000000000222e-01 7.774407499999999951e+21 6.989106899999999918e+20 3.585936900000000246e+20
6.520000000000000240e-01 7.882768500000000311e+21 6.986435500000000082e+20 3.643223099999999754e+20
6.540000000000000258e-01 7.714879000000000426e+21 6.954537500000000410e+20 3.575614500000000246e+20
6.560000000000000275e-01 8.298734300000000410e+21 6.979906800000000328e+20 3.698700999999999836e+20
6.580000000000000293e-01 8.105688199999999967e+21 6.953509300000000573e+20 3.658534799999999672e+20
6.600000000000000311e-01 7.751166599999999967e+21 6.936247499999999427e+20 3.614889999999999672e+20
6.620000000000000329e-01 7.485976300000000344e+21 6.922040399999999672e+20 3.572327000000000164e+20
6.640000000000000346e-01 7.784253500000000016e+21 6.895146999999999508e+20 3.555452499999999918e+20
6.660000000000000364e-01 7.801946200000000164e+21 6.903076499999999918e+20 3.664492199999999836e+20
6.680000000000000382e-01 7.422903400000000098e+21 6.875998199999999508e+20 3.531188400000000328e+20
6.700000000000000400e-01 7.560128999999999574e+21 6.854825500000000410e+20 3.475519200000000000e+20
6.720000000000000417e-01 7.842869699999999984e+21 6.855709700000000246e+20 3.542866599999999836e+20
6.740000000000000435e-01 8.005918799999999672e+21 6.856358499999999590e+20 3.607726000000000328e+20
6.760000000000000453e-01 7.589996999999999705e+21 6.819793600000000000e+20 3.473319200000000000e+20
6.780000000000000471e-01 7.215744300000000082e+21 6.805542799999999672e+20 3.404507200000000000e+20
6.800000000000000488e-01 7.220504399999999672e+21 6.786755299999999590e+20 3.373463899999999754e+20
6.820000000000000506e-01 7.731527399999999574e+21 6.783664699999999754e+20 3.471400600000000164e+20
6.840000000000000524e-01 8.589285799999999836e+21 6.819630900000000573e+20 3.672760600000000164e+20
6.860000000000000542e-01 7.851737299999999918e+21 6.761118199999999508e+20 3.446572000000000000e+20
6.879999999999999449e-01 7.456222299999999885e+21 6.747033999999999672e+20 3.420786200000000164e+20
6.899999999999999467e-01 7.747386299999999492e+21 6.754482299999999754e+20 3.531336800000000000e+20
6.919999999999999485e-01 8.175462899999999787e+21 6.745693100000000082e+20 3.554052699999999754e+20
6.939999999999999503e-01 8.052557200000000459e+21 6.740336099999999590e+20 3.523184100000000246e+20
6.959999999999999520e-01 7.851575299999999721e+21 6.720815399999999836e+20 3.489826400000000000e+20
6.979999999999999538e-01 8.036819399999999705e+21 6.713043599999999672e+20 3.554735399999999836e+20
6.999999999999999556e-01 8.049216499999999787e+21 6.708291700000000573e+20 3.521240000000000000e+20
7.019999999999999574e-01 7.509353300000000442e+21 6.672654300000000410e+20 3.395333400000000164e+20
7.039999999999999591e-01 8.254856299999999820e+21 6.691970599999999836e+20 3.533950200000000164e+20
7.059999999999999609e-01 7.340627000000000295e+21 6.638920999999999836e+20 3.300725600000000000e+20
7.079999999999999627e-01 7.430896500000000311e+21 6.642875700000000573e+20 3.359811699999999918e+20
7.099999999999999645e-01 7.703046599999999705e+21 6.640015600000000328e+20 3.448955399999999836e+20
7.119999999999999662e-01 7.845881700000000377e+21 6.630527000000000164e+20 3.455049100000000082e+20
7.139999999999999680e-01 7.322540300000000213e+21 6.613053799999999836e+20 3.364261100000000082e+20
7.159999999999999698e-01 7.136031599999999541e+21 6.582398400000000000e+20 3.278105900000000082e+20
7.179999999999999716e-01 7.756415099999999754e+21 6.593968999999999836e+20 3.376884100000000246e+20
7.199999999999999734e-01 7.484224199999999705e+21 6.581239900000000410e+20 3.338250899999999918e+20
7.219999999999999751e-01 7.793585799999999967e+21 6.573512800000000655e+20 3.406413499999999754e+20
7.239999999999999769e-01 8.048496899999999721e+21 6.576514500000000246e+20 3.440951099999999754e+20
7.259999999999999787e-01 7.484127399999999836e+21 6.545713099999999427e+20 3.294982299999999754e+20
7.279999999999999805e-01 7.621086400000000262e+21 6.547072600000000164e+20 3.381289200000000328e+20
7.299999999999999822e-01 7.746271200000000131e+21 6.530106599999999836e+20 3.358464999999999836e+20
7.319999999999999840e-01 7.750402999999999771e+21 6.540463699999999918e+20 3.423718299999999754e+20
7.339999999999999858e-01 7.612968200000000492e+21 6.507361999999999672e+20 3.338106700000000082e+20
7.359999999999999876e-01 7.955496200000000492e+21 6.504756100000000246e+20 3.362285499999999754e+20
7.379999999999999893e-01 8.103976200000000492e+21 6.520844100000000246e+20 3.455901600000000000e+20
7.399999999999999911e-01 7.613727899999999623e+21 6.482087600000000328e+20 3.358446299999999754e+20
7.419999999999999929e-01 7.753109800000000360e+21 6.481543499999999427e+20 3.387582299999999754e+20
7.439999999999999947e-01 7.833500400000000066e+21 6.473986100000000573e+20 3.421068100000000246e+20
7.459999999999999964e-01 8.223232199999999705e+21 6.476230799999999672e+20 3.480411500000000082e+20
7.479999999999999982e-01 8.174673399999999508e+21 6.454727699999999918e+20 3.411760600000000164e+20
7.500000000000000000e-01 8.273550899999999525e+21 6.450657999999999672e+20 3.408264999999999836e+20
7.520000000000000018e-01 7.628977300000000180e+21 6.421234299999999754e+20 3.265376699999999754e+20
7.540000000000000036e-01 7.709231799999999771e+21 6.425650999999999508e+20 3.317794500000000246e+20
7.560000000000000053e-01 7.312724199999999574e+21 6.398712300000000082e+20 3.244915200000000000e+20
7.580000000000000071e-01 7.345185899999999820e+21 6.389869599999999345e+20 3.265228499999999918e+20
7.600000000000000089e-01 7.996321400000000033e+21 6.405489299999999918e+20 3.411258500000000246e+20
7.620000000000000107e-01 8.016020299999999951e+21 6.389208999999999836e+20 3.366787200000000000e+20
7.640000000000000124e-01 8.202665800000000229e+21 6.395174499999999590e+20 3.393789499999999754e+20
7.660000000000000142e-01 8.129953800000000492e+21 6.377277599999999345e+20 3.389570400000000000e+20
7.680000000000000160e-01 7.678772299999999951e+21 6.336287200000000655e+20 3.239636900000000246e+20
7.700000000000000178e-01 7.671101600000000393e+21 6.339355700000000573e+20 3.201489799999999836e+20
7.720000000000000195e-01 7.487796799999999738e+21 6.323916400000000328e+20 3.192835800000000164e+20
7.740000000000000213e-01 7.806135500000000475e+21 6.313207900000000410e+20 3.226217900000000082e+20
7.760000000000000231e-01 7.668711699999999656e+21 6.306977999999999672e+20 3.191801200000000328e+20
7.780000000000000249e-01 6.974937600000000000e+21 6.275420599999999508e+20 3.050153999999999672e+20
7.800000000000000266e-01 7.555757299999999787e+21 6.292866200000000164e+20 3.190806599999999836e+20
7.820000000000000284e-01 7.805215399999999836e+21 6.302195599999999672e+20 3.302413499999999754e+20
7.840000000000000302e-01 7.508902700000000082e+21 6.271141000000000492e+20 3.189409700000000246e+20
7.860000000000000320e-01 7.230454999999999640e+21 6.253668299999999427e+20 3.102440100000000246e+20
7.880000000000000338e-01 7.944408500000000049e+21 6.271844899999999590e+20 3.294055600000000328e+20
7.900000000000000355e-01 8.348909200000000459e+21 6.272050800000000328e+20 3.348689600000000000e+20
7.920000000000000373e-01 7.280589700000000246e+21 6.225466500000000246e+20 3.115476900000000246e+20
7.940000000000000391e-01 7.405966399999999738e+21 6.228487300000000246e+20 3.189609299999999918e+20
7.960000000000000409e-01 7.727905200000000328e+21 6.232479799999999508e+20 3.219520399999999672e+20
7.980000000000000426e-01 7.474817800000000492e+21 6.210920800000000655e+20 3.159346500000000246e+20
8.000000000000000444e-01 7.230213499999999754e+21 6.184856999999999836e+20 3.052302400000000000e+20
8.020000000000000462e-01 7.610013699999999721e+21 6.196448300000000082e+20 3.131810500000000246e+20
8.040000000000000480e-01 7.758804299999999951e+21 6.193074500000000246e+20 3.169136900000000246e+20
8.060000000000000497e-01 7.862835200000000000e+21 6.187106599999999836e+20 3.211707800000000164e+20
8.080000000000000515e-01 7.967094300000000147e+21 6.187796199999999836e+20 3.258293100000000082e+20
8.100000000000000533e-01 7.797446400000000000e+21 6.169689500000000410e+20 3.178095899999999754e+20
8.120000000000000551e-01 7.894184100000000115e+21 6.184133000000000492e+20 3.188269700000000246e+20
8.139999999999999458e-01 6.984534999999999640e+21 6.191186100000000573e+20 3.081163599999999672e+20
8.159999999999999476e-01 7.702865699999999590e+21 6.250505500000000410e+20 3.246135099999999754e+20
8.179999999999999494e-01 7.591768000000000262e+21 6.251746999999999508e+20 3.213244800000000000e+20
8.199999999999999512e-01 7.901532400000000066e+21 6.278380499999999918e+20 3.234016000000000000e+20
8.219999999999999529e-01 7.697205099999999820e+21 6.271846300000000410e+20 3.162499800000000164e+20
8.239999999999999547e-01 7.426846499999999590e+21 6.281035100000000410e+20 3.175116900000000246e+20
8.259999999999999565e-01 7.172242899999999918e+21 6.271942199999999508e+20 3.133656100000000246e+20
8.279999999999999583e-01 8.266841199999999541e+21 6.308228400000000328e+20 3.355404600000000164e+20
8.299999999999999600e-01 8.044404400000000328e+21 6.297698800000000328e+20 3.330145200000000328e+20
8.319999999999999618e-01 8.169156599999999508e+21 6.318764400000000328e+20 3.338813400000000164e+20
8.339999999999999636e-01 7.386791199999999869e+21 6.283214000000000328e+20 3.159820600000000164e+20
8.359999999999999654e-01 7.570717300000000311e+21 6.284482500000000246e+20 3.180380699999999754e+20
8.379999999999999671e-01 6.961251599999999934e+21 6.268377699999999590e+20 3.091374000000000328e+20
8.399999999999999689e-01 7.803517500000000016e+21 6.293275700000000573e+20 3.214068999999999836e+20
8.419999999999999707e-01 7.906166699999999558e+21 6.280194599999999836e+20 3.196443000000000164e+20
8.439999999999999725e-01 7.741415800000000033e+21 6.302712600000000164e+20 3.204030700000000082e+20
8.459999999999999742e-01 7.185792799999999869e+21 6.332740400000000328e+20 3.140173700000000246e+20
8.479999999999999760e-01 7.223429100000000344e+21 6.380080200000000492e+20 3.161247000000000164e+20
8.499999999999999778e-01 7.635144400000000197e+21 6.434256900000000246e+20 3.282027099999999754e+20
8.519999999999999796e-01 7.500609899999999820e+21 6.443476100000000246e+20 3.279538400000000000e+20
8.539999999999999813e-01 7.440729900000000082e+21 6.466501400000000164e+20 3.298193100000000082e+20
8.559999999999999831e-01 7.849265600000000262e+21 6.548635100000000410e+20 3.398088499999999918e+20
8.579999999999999849e-01 7.542783000000000426e+21 6.586659299999999590e+20 3.334043599999999672e+20
8.599999999999999867e-01 7.691731699999999787e+21 6.653291299999999590e+20 3.448455500000000082e+20
8.619999999999999885e-01 7.343266999999999771e+21 6.670736399999999672e+20 3.359343099999999754e+20
8.639999999999999902e-01 7.625340899999999853e+21 6.722454000000000328e+20 3.454776800000000000e+20
8.659999999999999920e-01 7.579822399999999738e+21 6.761216500000000573e+20 3.421664000000000000e+20
8.679999999999999938e-01 7.924178799999999541e+21 6.809098399999999345e+20 3.548040000000000000e+20
8.699999999999999956e-01 7.559386599999999574e+21 6.812569900000000082e+20 3.495097299999999918e+20
8.719999999999999973e-01 7.719352199999999967e+21 6.855222600000000492e+20 3.539174700000000082e+20
8.739999999999999991e-01 7.448491800000000426e+21 6.863620499999999918e+20 3.490258099999999918e+20
8.760000000000000009e-01 7.453881100000000213e+21 6.907241999999999672e+20 3.509065299999999918e+20
8.780000000000000027e-01 7.593274800000000328e+21 6.929277400000000164e+20 3.529264600000000164e+20
8.800000000000000044e-01 7.348578499999999984e+21 6.954533100000000082e+20 3.530512499999999918e+20
8.820000000000000062e-01 7.616246799999999934e+21 6.998100499999999918e+20 3.576968800000000000e+20
8.840000000000000080e-01 7.413591500000000475e+21 7.010097299999999918e+20 3.508997700000000246e+20
8.860000000000000098e-01 7.087999699999999918e+21 7.032181799999999836e+20 3.504347300000000246e+20
8.880000000000000115e-01 6.784989099999999558e+21 7.043880200000000492e+20 3.472389100000000082e+20
8.900000000000000133e-01 7.555444299999999951e+21 7.104954699999999427e+20 3.608528900000000246e+20
8.920000000000000151e-01 7.673599300000000508e+21 7.121061000000000492e+20 3.690970500000000246e+20
8.940000000000000169e-01 7.907080499999999525e+21 7.151398000000000328e+20 3.685381100000000082e+20
8.960000000000000187e-01 7.585711100000000279e+21 7.170773799999999836e+20 3.632541100000000082e+20
8.980000000000000204e-01 7.882854200000000295e+21 7.207639499999999427e+20 3.765169600000000000e+20
9.000000000000000222e-01 7.469356999999999705e+21 7.205434100000000573e+20 3.650061199999999672e+20
9.020000000000000240e-01 7.408379100000000410e+21 7.242480099999999590e+20 3.666022500000000246e+20
9.040000000000000258e-01 7.353230899999999525e+21 7.260018200000000164e+20 3.667608399999999672e+20
9.060000000000000275e-01 7.316080700000000016e+21 7.305215000000000164e+20 3.677573499999999754e+20
9.080000000000000293e-01 7.495492699999999885e+21 7.409507400000000492e+20 3.822335600000000328e+20
9.100000000000000311e-01 7.867699200000000000e+21 7.510896999999999836e+20 3.978306599999999836e+20
9.120000000000000329e-01 7.766477299999999787e+21 7.596417200000000328e+20 3.988976499999999918e+20
9.140000000000000346e-01 7.427078500000000377e+21 7.643667999999999345e+20 3.963671899999999754e+20
9.160000000000000364e-01 7.171373899999999951e+21 7.692509300000000573e+20 3.947808199999999836e+20
9.180000000000000382e-01 7.390792499999999525e+21 7.761852499999999918e+20 3.964978099999999918e+20
9.200000000000000400e-01 6.954657500000000410e+21 7.781729200000000328e+20 3.861007600000000328e+20
9.220000000000000417e-01 7.241051900000000279e+21 7.875228100000000246e+20 4.007230000000000328e+20
9.240000000000000435e-01 6.779340300000000213e+21 7.899410800000000328e+20 3.785599899999999754e+20
9.260000000000000453e-01 7.454463800000000295e+21 7.963847300000000246e+20 4.004401799999999836e+20
9.280000000000000471e-01 7.475721399999999771e+21 8.028582000000000328e+20 4.138662899999999918e+20
9.300000000000000488e-01 7.229616599999999640e+21 8.090867599999999672e+20 4.083751699999999918e+20
9.320000000000000506e-01 7.012278100000000442e+21 8.098811899999999754e+20 3.971384900000000246e+20
9.340000000000000524e-01 7.142130299999999754e+21 8.169771599999999672e+20 4.086989499999999754e+20
9.360000000000000542e-01 7.456758600000000229e+21 8.251099800000000164e+20 4.153490700000000082e+20
9.379999999999999449e-01 7.721073600000000262e+21 8.286934799999999672e+20 4.188036999999999836e+20
9.399999999999999467e-01 7.216341899999999689e+21 8.328061300000000573e+20 4.158407800000000164e+20
9.419999999999999485e-01 7.308321899999999820e+21 8.393655300000000246e+20 4.231776399999999672e+20
9.439999999999999503e-01 7.399143399999999574e+21 8.447270099999999918e+20 4.350465700000000246e+20
9.459999999999999520e-01 7.711499800000000426e+21 8.518561600000000000e+20 4.411530899999999918e+20
9.479999999999999538e-01 7.556624700000000016e+21 8.550388899999999590e+20 4.446129700000000246e+20
9.499999999999999556e-01 8.271595899999999754e+21 8.653786800000000328e+20 4.747908300000000082e+20
9.519999999999999574e-01 7.262278800000000459e+21 8.659197300000000573e+20 4.454395899999999754e+20
9.539999999999999591e-01 7.542700399999999541e+21 8.708720799999999345e+20 4.413970200000000164e+20
9.559999999999999609e-01 7.645439300000000508e+21 8.731288999999999836e+20 4.375269700000000246e+20
9.579999999999999627e-01 7.050502599999999705e+21 8.768724299999999427e+20 4.265112100000000246e+20
9.599999999999999645e-01 7.090641300000000180e+21 8.811560399999999672e+20 4.274289100000000082e+20
9.619999999999999662e-01 7.575437299999999787e+21 8.877995800000000164e+20 4.455545999999999672e+20
9.639999999999999680e-01 7.729235000000000295e+21 8.932460000000000655e+20 4.565748900000000246e+20
9.659999999999999698e-01 7.449667499999999558e+21 8.955449800000000492e+20 4.565548900000000246e+20
9.679999999999999716e-01 7.776659800000000164e+21 9.044899700000000573e+20 4.723555500000000082e+20
9.699999999999999734e-01 7.137410999999999771e+21 9.043336699999999754e+20 4.454583699999999918e+20
9.719999999999999751e-01 6.999155999999999869e+21 9.085870000000000328e+20 4.496659800000000164e+20
9.739999999999999769e-01 7.126479799999999771e+21 9.165870099999999918e+20 4.610466500000000246e+20
9.759999999999999787e-01 7.191448699999999754e+21 9.216085600000000655e+20 4.595876999999999836e+20
9.779999999999999805e-01 7.366117900000000213e+21 9.278660700000000410e+20 4.766562599999999836e+20
9.799999999999999822e-01 7.056380299999999689e+21 9.334008600000000164e+20 4.698373400000000164e+20
9.819999999999999840e-01 6.308199199999999869e+21 9.341064699999999754e+20 4.499376900000000246e+20
9.839999999999999858e-01 7.297438700000000344e+21 9.414963200000000000e+20 4.751195000000000164e+20
9.859999999999999876e-01 7.706625599999999738e+21 9.471221400000000164e+20 4.838168100000000246e+20
9.879999999999999893e-01 7.537000499999999525e+21 9.486641999999999672e+20 4.834105299999999918e+20
9.899999999999999911e-01 7.942310400000000000e+21 9.548029599999999345e+20 5.064265999999999672e+20
9.919999999999999929e-01 7.382203300000000115e+21 9.579829300000000573e+20 4.932164400000000328e+20
9.939999999999999947e-01 6.225225999999999934e+21 9.530771800000000164e+20 4.557039300000000246e+20
9.959999999999999964e-01 6.963996899999999853e+21 9.605382900000000573e+20 4.724693299999999918e+20
9.979999999999999982e-01 6.983026599999999836e+21 9.705182000000000328e+20 4.854412499999999918e+20
1.000000000000000000e+00 6.518178399999999607e+21 9.682876299999999427e+20 4.594161100000000082e+20
1.002000000000000002e+00 6.979514500000000246e+21 9.782836599999999508e+20 4.833565199999999672e+20
1.004000000000000004e+00 6.764924500000000442e+21 9.854712999999999836e+20 4.753368499999999918e+20
1.006000000000000005e+00 6.698985899999999558e+21 9.886277799999999836e+20 4.828340900000000246e+20
1.008000000000000007e+00 7.165651200000000000e+21 9.961818899999999918e+20 4.932751800000000164e+20
1.010000000000000009e+00 6.759432200000000492e+21 1.002234100000000049e+21 4.913350400000000000e+20
1.012000000000000011e+00 7.254909300000000311e+21 1.007204899999999984e+21 5.133784699999999754e+20
1.014000000000000012e+00 7.041378699999999689e+21 1.012930200000000033e+21 5.104045900000000082e+20
1.016000000000000014e+00 6.313758299999999885e+21 1.013540400000000066e+21 4.652469900000000082e+20
1.018000000000000016e+00 6.566476900000000377e+21 1.020901799999999967e+21 4.998903099999999754e+20
1.020000000000000018e+00 6.573341900000000475e+21 1.026219000000000033e+21 5.067897299999999918e+20
1.022000000000000020e+00 6.595943099999999492e+21 1.030213400000000033e+21 4.963794599999999836e+20
1.024000000000000021e+00 6.306226100000000049e+21 1.031312899999999984e+21 4.843224800000000000e+20
1.026000000000000023e+00 6.586402699999999689e+21 1.047710499999999984e+21 5.193768000000000000e+20
1.028000000000000025e+00 6.955161600000000000e+21 1.053827000000000033e+21 5.207347399999999836e+20
1.030000000000000027e+00 6.934142199999999508e+21 1.056129799999999967e+21 5.154157700000000246e+20
1.032000000000000028e+00 6.440463199999999607e+21 1.062087399999999967e+21 5.006687600000000328e+20
1.034000000000000030e+00 6.595096099999999590e+21 1.071173300000000049e+21 5.079842500000000246e+20
1.036000000000000032e+00 6.662688900000000246e+21 1.075145999999999934e+21 5.059165600000000000e+20
1.038000000000000034e+00 7.091404900000000377e+21 1.087617999999999934e+21 5.386563699999999918e+20
1.040000000000000036e+00 6.687284100000000246e+21 1.093069600000000000e+21 5.380720600000000164e+20
1.042000000000000037e+00 7.888153100000000213e+21 1.110266300000000016e+21 5.855741100000000082e+20
1.044000000000000039e+00 7.025395500000000082e+21 1.110253300000000049e+21 5.576397499999999754e+20
1.046000000000000041e+00 6.937013500000000279e+21 1.116608899999999984e+21 5.487710000000000328e+20
1.048000000000000043e+00 6.690830000000000328e+21 1.121922599999999967e+21 5.390256399999999672e+20
1.050000000000000044e+00 6.766250400000000393e+21 1.132225099999999951e+21 5.604024300000000082e+20
1.052000000000000046e+00 6.677737800000000229e+21 1.138228999999999967e+21 5.519450200000000164e+20
1.054000000000000048e+00 6.946429999999999803e+21 1.152396099999999984e+21 5.773992199999999836e+20
1.056000000000000050e+00 6.668027900000000279e+21 1.156414100000000049e+21 5.664503500000000082e+20
1.058000000000000052e+00 6.889862299999999623e+21 1.167975399999999967e+21 5.801675500000000082e+20
1.060000000000000053e+00 6.909761800000000492e+21 1.179696000000000000e+21 5.860520999999999836e+20
1.062000000000000055e+00 6.613293400000000164e+21 1.184180299999999951e+21 5.980787599999999672e+20
1.064000000000000057e+00 6.591939799999999640e+21 1.187935200000000131e+21 5.672285600000000000e+20
1.066000000000000059e+00 6.964560800000000393e+21 1.207457099999999951e+21 5.974338500000000246e+20
1.068000000000000060e+00 6.587054200000000033e+21 1.209224599999999902e+21 5.848580800000000000e+20
1.070000000000000062e+00 6.774410300000000016e+21 1.219157899999999951e+21 5.902845900000000082e+20
1.072000000000000064e+00 6.683511599999999803e+21 1.232148800000000000e+21 5.858331399999999836e+20
1.074000000000000066e+00 6.611089100000000475e+21 1.235894700000000082e+21 5.746735600000000328e+20
1.076000000000000068e+00 6.932379100000000410e+21 1.251991299999999984e+21 6.209929399999999508e+20
1.078000000000000069e+00 6.911490300000000279e+21 1.261597599999999869e+21 6.119115599999999672e+20
1.080000000000000071e+00 6.898203100000000410e+21 1.267558599999999967e+21 6.106975799999999508e+20
1.082000000000000073e+00 7.046185200000000066e+21 1.280181699999999984e+21 6.323789100000000082e+20
1.084000000000000075e+00 7.061812900000000115e+21 1.302750599999999967e+21 6.611970500000000246e+20
1.086000000000000076e+00 6.212745200000000066e+21 1.296828000000000131e+21 6.015319099999999754e+20
1.088000000000000078e+00 7.491366400000000000e+21 1.318755999999999869e+21 6.728928699999999754e+20
1.090000000000000080e+00 8.074429000000000229e+21 1.343410699999999951e+21 7.185116499999999918e+20
1.092000000000000082e+00 7.154781300000000311e+21 1.340000500000000049e+21 6.728258299999999754e+20
1.094000000000000083e+00 6.923065600000000000e+21 1.355718400000000000e+21 6.846287499999999427e+20
1.096000000000000085e+00 5.984269899999999951e+21 1.363326599999999967e+21 6.156754400000000655e+20
1.098000000000000087e+00 6.177216600000000164e+21 1.372459700000000049e+21 6.543190600000000492e+20
1.100000000000000089e+00 7.156674199999999902e+21 1.398505400000000033e+21 7.250295600000000328e+20
1.102000000000000091e+00 6.690478500000000115e+21 1.409167400000000098e+21 6.946940800000000000e+20
1.104000000000000092e+00 6.219109300000000049e+21 1.410654099999999918e+21 6.571583200000000655e+20
1.106000000000000094e+00 7.271457899999999820e+21 1.439732299999999951e+21 7.130986599999999836e+20
1.108000000000000096e+00 8.259645500000000016e+21 1.461906400000000131e+21 7.584626400000000655e+20
1.110000000000000098e+00 6.895661400000000164e+21 1.462543600000000066e+21 7.342957000000000492e+20
1.112000000000000099e+00 6.416595099999999623e+21 1.481125600000000131e+21 7.134398099999999918e+20
1.114000000000000101e+00 7.251611900000000279e+21 1.504964099999999984e+21 7.426416799999999345e+20
1.116000000000000103e+00 5.949519799999999771e+21 1.506107200000000000e+21 6.897074699999999427e+20
1.118000000000000105e+00 6.102594800000000066e+21 1.522623600000000066e+21 6.966048200000000492e+20
1.120000000000000107e+00 6.792437299999999525e+21 1.550025799999999967e+21 7.850352300000000082e+20
1.122000000000000108e+00 6.555335699999999656e+21 1.572708900000000115e+21 7.818884800000000000e+20
1.124000000000000110e+00 7.078296099999999590e+21 1.593596600000000033e+21 7.927217999999999672e+20
1.125999999999999890e+00 6.422282100000000311e+21 1.599908200000000098e+21 7.582634800000000328e+20
1.127999999999999892e+00 6.242832299999999558e+21 1.628325300000000049e+21 7.758499400000000492e+20
1.129999999999999893e+00 6.753976800000000131e+21 1.648712100000000115e+21 8.098572000000000655e+20
1.131999999999999895e+00 6.748750300000000410e+21 1.666537299999999918e+21 7.975711799999999508e+20
1.133999999999999897e+00 6.905381499999999754e+21 1.695820499999999918e+21 8.260409900000000082e+20
1.135999999999999899e+00 6.765302000000000066e+21 1.713559600000000066e+21 8.471431799999999508e+20
1.137999999999999901e+00 7.369580499999999918e+21 1.742938699999999951e+21 8.614146500000000246e+20
1.139999999999999902e+00 6.783074199999999902e+21 1.780032399999999934e+21 8.951072500000000573e+20
1.141999999999999904e+00 6.383086000000000328e+21 1.782080399999999934e+21 8.046415499999999427e+20
1.143999999999999906e+00 6.506305099999999951e+21 1.815506600000000098e+21 8.588940899999999590e+20
1.145999999999999908e+00 6.571292899999999853e+21 1.866705799999999967e+21 9.238099400000000492e+20
1.147999999999999909e+00 7.551402100000000311e+21 1.891503600000000066e+21 9.799002299999999754e+20
1.149999999999999911e+00 6.979135399999999836e+21 1.915373300000000049e+21 9.690735499999999427e+20
1.151999999999999913e+00 5.941945799999999705e+21 1.953729700000000115e+21 9.257626999999999508e+20
1.153999999999999915e+00 6.576245000000000492e+21 1.984521200000000066e+21 9.664713099999999427e+20
1.155999999999999917e+00 5.934974599999999967e+21 2.014677899999999951e+21 9.156315100000000410e+20
1.157999999999999918e+00 4.963325300000000311e+21 2.042615299999999984e+21 8.258266999999999508e+20
1.159999999999999920e+00 6.695689300000000442e+21 2.095995599999999934e+21 9.895992000000000000e+20
1.161999999999999922e+00 5.689195399999999967e+21 2.137146399999999869e+21 9.521854799999999672e+20
1.163999999999999924e+00 6.776350299999999885e+21 2.213498699999999951e+21 1.064431299999999984e+21
1.165999999999999925e+00 8.246218300000000016e+21 2.253807200000000131e+21 1.180206100000000049e+21
1.167999999999999927e+00 6.461304800000000131e+21 2.281897200000000066e+21 1.072943100000000016e+21
1.169999999999999929e+00 6.310997200000000197e+21 2.368830500000000115e+21 1.081991499999999951e+21
1.171999999999999931e+00 5.578172800000000524e+21 2.419256199999999967e+21 1.117391700000000049e+21
1.173999999999999932e+00 6.127531599999999672e+21 2.493397900000000213e+21 1.283552000000000000e+21
1.175999999999999934e+00 5.721525699999999984e+21 2.553594900000000180e+21 1.173008000000000000e+21
1.177999999999999936e+00 4.159452199999999836e+21 2.610662899999999787e+21 1.022143800000000033e+21
1.179999999999999938e+00 6.390466499999999984e+21 2.736974399999999738e+21 1.265516200000000098e+21
1.181999999999999940e+00 5.890369500000000410e+21 2.778504400000000197e+21 1.257029300000000049e+21
1.183999999999999941e+00 7.249373800000000098e+21 2.875393199999999803e+21 1.373144500000000049e+21
1.185999999999999943e+00 7.602802200000000426e+21 3.006955700000000049e+21 1.572676699999999885e+21
1.187999999999999945e+00 7.494184100000000115e+21 3.079878899999999787e+21 1.655262099999999918e+21
1.189999999999999947e+00 7.083824599999999640e+21 3.188109299999999787e+21 1.691264000000000000e+21
1.191999999999999948e+00 8.074689299999999656e+21 3.333743399999999836e+21 1.793038700000000082e+21
1.193999999999999950e+00 5.205692599999999771e+21 3.377449600000000000e+21 1.437479699999999918e+21
1.195999999999999952e+00 4.871050799999999803e+21 3.514238800000000197e+21 1.401603099999999885e+21
1.197999999999999954e+00 5.759272100000000115e+21 3.704844599999999771e+21 1.577824700000000016e+21
1.199999999999999956e+00 1.025913199999999961e+22 4.030365599999999869e+21 2.468156899999999853e+21
1.201999999999999957e+00 6.311708500000000442e+21 4.125428299999999951e+21 2.308586499999999984e+21
1.203999999999999959e+00 4.931421600000000393e+21 4.239087299999999984e+21 1.691845500000000016e+21
1.205999999999999961e+00 1.073107899999999912e+22 4.574499100000000147e+21 2.569876799999999738e+21
1.207999999999999963e+00 6.412505400000000295e+21 4.694263800000000033e+21 2.254845300000000049e+21
1.209999999999999964e+00 3.753828100000000246e+21 4.897489699999999590e+21 1.739608500000000049e+21
1.211999999999999966e+00 7.914421699999999984e+21 5.323454400000000262e+21 2.894527600000000066e+21
1.213999999999999968e+00 9.842585899999999033e+21 5.644190799999999672e+21 3.154481000000000098e+21
1.215999999999999970e+00 6.296928300000000082e+21 6.183014800000000459e+21 3.229453899999999951e+21
1.217999999999999972e+00 3.307289999999999934e+21 6.390366599999999967e+21 2.080713999999999934e+21
1.219999999999999973e+00 1.031857399999999928e+22 6.936219999999999607e+21 3.707682400000000131e+21
1.221999999999999975e+00 5.482805399999999902e+21 7.178527899999999623e+21 3.057347299999999853e+21
1.223999999999999977e+00 8.067471600000000066e+21 7.817831000000000164e+21 3.842667899999999754e+21
1.225999999999999979e+00 7.080770999999999771e+21 8.318093499999999492e+21 3.906302299999999885e+21
1.227999999999999980e+00 8.859521700000000115e+21 9.051286799999999934e+21 4.741195500000000344e+21
1.229999999999999982e+00 1.589267200000000000e+22 1.024943200000000026e+22 6.251120299999999558e+21
1.231999999999999984e+00 1.869465000000000046e+22 1.212821699999999984e+22 7.359486900000000049e+21
1.233999999999999986e+00 2.455680099999999853e+21 1.352083500000000082e+22 4.747760099999999853e+21
