0.000000000000000000e+00 -inf -inf -inf
1.500000000000000031e-03 -5.187569381924624270e+38 -5.187569381924624270e+38 -5.187569381924624270e+38
3.000000000000000062e-03 -9.894503368233994132e+32 -9.894503368233994132e+32 -9.894503368233994132e+32
4.499999999999999660e-03 -4.463341106308695276e+29 -4.463341106308695276e+29 -4.463341106308695276e+29
6.000000000000000125e-03 -1.887226747545934746e+27 -1.887226747545928699e+27 -1.887226747545936120e+27
7.499999999999999722e-03 -2.719780390070994674e+25 -2.719780390069995665e+25 -2.719780390070967186e+25
8.999999999999999320e-03 -8.513148186815139886e+23 -8.513148186742316031e+23 -8.513148186815206995e+23
1.050000000000000065e-02 -4.550943723163742949e+22 -4.550943722386458726e+22 -4.550943723126828879e+22
1.200000000000000025e-02 -3.599617357260553454e+21 -3.599617350593676837e+21 -3.599617357211982889e+21
1.349999999999999985e-02 -3.840329243264996475e+20 -3.840329170444334531e+20 -3.840329240195972465e+20
1.499999999999999944e-02 -5.188255364966368870e+19 -5.188254822316066406e+19 -5.188255394675448218e+19
1.650000000000000078e-02 -8.486652716231896064e+18 -8.486647159638692864e+18 -8.486652819640563712e+18
1.799999999999999864e-02 -1.626907989071609088e+18 -1.626904069197269248e+18 -1.626909066266237440e+18
1.949999999999999997e-02 -3.570953237265955840e+17 -3.570986858474081280e+17 -3.570960948781427200e+17
2.100000000000000130e-02 -8.817585157340352000e+16 -8.845410668104097600e+16 -8.834221369449425600e+16
2.249999999999999917e-02 -2.158472825265183200e+16 -2.461054336880882800e+16 -2.411938090707480400e+16
2.400000000000000050e-02 -1.099795307862142000e+15 -7.755666714761719000e+15 -6.964792347075791000e+15
2.549999999999999836e-02 1.018741949907486000e+16 -2.776299470449034500e+15 -2.275866554983329000e+15
2.699999999999999969e-02 1.081483597030034400e+16 -1.221231922562266000e+15 -1.034478616285062500e+15
2.850000000000000103e-02 9.841464574948828000e+15 -6.787278911913621250e+14 -5.855898802051572500e+14
2.999999999999999889e-02 9.251140068612122000e+15 -4.516441197880338750e+14 -3.917924760955083125e+14
3.150000000000000022e-02 8.766606268399068000e+15 -3.364485823533942500e+14 -2.898172312797703125e+14
3.300000000000000155e-02 8.341641538819093000e+15 -2.705929724665912188e+14 -2.241703383399468125e+14
3.450000000000000289e-02 8.092598694695544000e+15 -2.282384219443055000e+14 -1.946854144221821875e+14
3.599999999999999728e-02 7.879912998106763000e+15 -1.980027711619170000e+14 -1.699282957961051250e+14
3.749999999999999861e-02 7.462911116111589000e+15 -1.770111816155106250e+14 -1.440241862956269375e+14
3.899999999999999994e-02 7.116317774808802000e+15 -1.604714836633474062e+14 -1.312885701893115312e+14
4.050000000000000128e-02 6.830028415511653000e+15 -1.478805880052395938e+14 -1.155624391195691562e+14
4.200000000000000261e-02 6.522359720445652000e+15 -1.376278433381289688e+14 -1.053252608609851719e+14
4.349999999999999700e-02 6.138798644486035000e+15 -1.297897878473860938e+14 -1.007603672822954688e+14
4.499999999999999833e-02 5.794211572549987000e+15 -1.238656931931606562e+14 -1.039183263214248125e+14
4.649999999999999967e-02 5.434229769239609000e+15 -1.189750378528830000e+14 -1.003555704137456875e+14
4.800000000000000100e-02 5.330379583340012000e+15 -1.142213747257635625e+14 -9.640242757006996875e+13
4.950000000000000233e-02 5.104234357424815000e+15 -1.108793331214602500e+14 -8.977289260691210938e+13
5.099999999999999672e-02 4.828443617884578000e+15 -1.083906392236639062e+14 -8.845620263261528125e+13
5.249999999999999806e-02 4.559615006407483000e+15 -1.066578651978790000e+14 -8.964434451088178125e+13
5.399999999999999939e-02 4.351248771383892500e+15 -1.048157570792717812e+14 -9.104048065568376562e+13
5.550000000000000072e-02 3.995582765445620000e+15 -1.041827621108895469e+14 -8.994687652157828125e+13
5.700000000000000205e-02 3.748882664955371500e+15 -1.031154454736682500e+14 -9.021277364969481250e+13
5.850000000000000339e-02 3.599026043232539000e+15 -1.022262054298107031e+14 -8.754936697358196875e+13
5.999999999999999778e-02 3.308600583471525000e+15 -1.023641077154753750e+14 -9.000746569771693750e+13
6.149999999999999911e-02 3.097063251192883500e+15 -1.018703901226888125e+14 -9.299746783535931250e+13
6.300000000000000044e-02 2.824118960465408000e+15 -1.020809324531240000e+14 -9.312048146457243750e+13
6.450000000000000178e-02 2.600313445779004000e+15 -1.021858105324796250e+14 -9.365721955807457812e+13
6.600000000000000311e-02 2.476385026388262000e+15 -1.019979509269180312e+14 -9.423299969244112500e+13
6.750000000000000444e-02 2.275117073203507500e+15 -1.023191890377179375e+14 -9.553372655190101562e+13
6.900000000000000577e-02 2.057632861610211250e+15 -1.026960248090435312e+14 -9.610283555496837500e+13
7.049999999999999323e-02 1.900606270456258750e+15 -1.028508393247207188e+14 -9.692064547921300000e+13
7.199999999999999456e-02 1.718048040676187500e+15 -1.033918883806190938e+14 -9.761755322678242188e+13
7.349999999999999589e-02 1.580025194663426500e+15 -1.037362622570345781e+14 -9.762814366779596875e+13
7.499999999999999722e-02 1.438639747147540250e+15 -1.041661665552175625e+14 -9.814822689085568750e+13
7.649999999999999856e-02 1.299661712398439750e+15 -1.045953716937733594e+14 -9.989851813399085938e+13
7.799999999999999989e-02 1.186108047434240250e+15 -1.049975700442096875e+14 -9.969646549115953125e+13
7.950000000000000122e-02 1.065171790038796000e+15 -1.054752195806886406e+14 -9.991281627163790625e+13
8.100000000000000255e-02 9.605520182349167500e+14 -1.058884815129886562e+14 -1.025844758532877500e+14
8.250000000000000389e-02 8.717692211698810000e+14 -1.062910887083924688e+14 -1.029299365097637188e+14
8.400000000000000522e-02 7.939961432267467500e+14 -1.065162710389862969e+14 -1.030751711631231875e+14
8.550000000000000655e-02 6.962400444291788750e+14 -1.069335132561205312e+14 -1.038079168575020000e+14
8.699999999999999400e-02 6.274569899123351250e+14 -1.070540572522985312e+14 -1.046474614609096250e+14
8.849999999999999534e-02 5.616412106465088750e+14 -1.073122484635640625e+14 -1.051668273008473438e+14
8.999999999999999667e-02 5.148905813040745000e+14 -1.075065139449481875e+14 -1.055886697196471250e+14
9.149999999999999800e-02 4.688034787434241875e+14 -1.076821759556371562e+14 -1.061027526889594375e+14
9.299999999999999933e-02 4.170430169034073750e+14 -1.078901009973512812e+14 -1.056996965115812656e+14
9.450000000000000067e-02 3.640746383506360000e+14 -1.082708083529796719e+14 -1.060957428492243594e+14
9.600000000000000200e-02 3.476168181238083750e+14 -1.082234976645676719e+14 -1.062175421811421250e+14
9.750000000000000333e-02 3.138591642829873125e+14 -1.084639986880463750e+14 -1.070395612244199531e+14
9.900000000000000466e-02 2.971135180722617500e+14 -1.084744513437685469e+14 -1.074553480945879531e+14
1.005000000000000060e-01 2.699552989976383125e+14 -1.085776656344987344e+14 -1.067940245105339219e+14
1.019999999999999934e-01 2.427693233818734375e+14 -1.088169245165389062e+14 -1.069096548876937656e+14
1.034999999999999948e-01 2.426481917588405000e+14 -1.087539387044639844e+14 -1.075728002719036406e+14
1.049999999999999961e-01 2.476345007675639688e+14 -1.085459549638881094e+14 -1.068733194370432656e+14
1.064999999999999974e-01 2.194110466384421875e+14 -1.087868344453898125e+14 -1.074575647733165938e+14
1.079999999999999988e-01 2.272323140060794375e+14 -1.086154316610130000e+14 -1.069979048810566875e+14
1.095000000000000001e-01 2.313344761517998750e+14 -1.085746799360988594e+14 -1.068913475789373750e+14
1.110000000000000014e-01 2.379582951596772500e+14 -1.083658729762028438e+14 -1.072040073100420000e+14
1.125000000000000028e-01 2.368488715424443125e+14 -1.084795682032814219e+14 -1.070936501846765000e+14
1.140000000000000041e-01 2.421907170350367812e+14 -1.085052804069051250e+14 -1.071682447821633906e+14
1.155000000000000054e-01 2.449919475681985000e+14 -1.084728428979389688e+14 -1.072521093203058125e+14
1.170000000000000068e-01 2.520095442067238750e+14 -1.083623928691457812e+14 -1.073765201888689375e+14
1.184999999999999942e-01 2.509845527043447812e+14 -1.084410096383111719e+14 -1.075241986685651875e+14
1.199999999999999956e-01 2.646574608764780625e+14 -1.083020141930967969e+14 -1.070455902216039062e+14
1.214999999999999969e-01 2.708649993911306875e+14 -1.082749049584390156e+14 -1.064835473223517500e+14
1.229999999999999982e-01 2.890774676533006875e+14 -1.080786465815367344e+14 -1.064474075187240938e+14
1.244999999999999996e-01 2.939044991467591875e+14 -1.080382158620969062e+14 -1.067912276714178906e+14
1.260000000000000009e-01 2.992306492697213125e+14 -1.080211175969840938e+14 -1.067498322181130000e+14
1.275000000000000022e-01 3.136985191497381875e+14 -1.078785628387080156e+14 -1.066985219862704531e+14
1.290000000000000036e-01 3.278037015959975000e+14 -1.077606614541373281e+14 -1.065559299929921250e+14
1.305000000000000049e-01 3.382476595704415000e+14 -1.076583312436742656e+14 -1.066509580270305156e+14
1.320000000000000062e-01 3.386751146711252500e+14 -1.076963696138949688e+14 -1.065778612027849688e+14
1.335000000000000075e-01 3.466755500757746250e+14 -1.076067682955082812e+14 -1.061513995639483281e+14
1.350000000000000089e-01 3.539119014942887500e+14 -1.075657231862144062e+14 -1.063412302336121719e+14
1.365000000000000102e-01 3.701255262859438750e+14 -1.074796855211066719e+14 -1.062701274003531875e+14
1.380000000000000115e-01 3.875124393771465625e+14 -1.073084862260377656e+14 -1.059505408268583438e+14
1.395000000000000129e-01 3.810811793386795000e+14 -1.073581034293415156e+14 -1.062768479437323906e+14
1.409999999999999865e-01 3.860092335771216250e+14 -1.073519205612788281e+14 -1.063193835793823125e+14
1.424999999999999878e-01 4.077215625049205000e+14 -1.071583736657418281e+14 -1.059965431339265000e+14
1.439999999999999891e-01 3.905234347980303750e+14 -1.073196150835618125e+14 -1.058842571500422656e+14
1.454999999999999905e-01 3.927365143950071250e+14 -1.072926836673017031e+14 -1.059738501581554062e+14
1.469999999999999918e-01 4.096430505516283750e+14 -1.071680867864156250e+14 -1.059644752062352500e+14
1.484999999999999931e-01 4.080987627070686875e+14 -1.071906634189183438e+14 -1.059519324305890156e+14
1.499999999999999944e-01 4.024819770745146875e+14 -1.072164789949020938e+14 -1.060426125303201719e+14
1.514999999999999958e-01 4.022785693171682500e+14 -1.072308380960370625e+14 -1.057615519559509062e+14
1.529999999999999971e-01 3.946446418828830625e+14 -1.072947057726758594e+14 -1.059964374268418750e+14
1.544999999999999984e-01 4.098919791869243750e+14 -1.071269256292292656e+14 -1.058308736925563594e+14
1.559999999999999998e-01 4.031029548167845625e+14 -1.071987358745038594e+14 -1.057065665458432344e+14
1.575000000000000011e-01 3.975849059830610000e+14 -1.072376327568150781e+14 -1.058943709894332969e+14
1.590000000000000024e-01 3.880825436384135000e+14 -1.073176206702034688e+14 -1.062495344629851094e+14
1.605000000000000038e-01 3.937270733741620625e+14 -1.072391522127589531e+14 -1.059001425427245312e+14
1.620000000000000051e-01 3.890019403323862500e+14 -1.072641959688009062e+14 -1.059720292175079375e+14
1.635000000000000064e-01 3.738885501548917500e+14 -1.073602956717337188e+14 -1.062551399949982031e+14
1.650000000000000078e-01 3.718938437923584375e+14 -1.073707995495713281e+14 -1.061567082567064219e+14
1.665000000000000091e-01 3.749296429314648750e+14 -1.073419559085676562e+14 -1.061288704678336562e+14
1.680000000000000104e-01 3.537180757427135000e+14 -1.074967739081219062e+14 -1.061816522268663594e+14
1.695000000000000118e-01 3.636059167672945625e+14 -1.073609989664550156e+14 -1.061718183453240781e+14
1.710000000000000131e-01 3.517010561896252500e+14 -1.074708032218423594e+14 -1.063662406212743906e+14
1.724999999999999867e-01 3.430074038524667500e+14 -1.075161845910714688e+14 -1.062958898771791875e+14
1.739999999999999880e-01 3.377980972725923125e+14 -1.075425600422694375e+14 -1.065070833465420781e+14
1.754999999999999893e-01 3.274392325055608750e+14 -1.075823312046776875e+14 -1.065364568465337500e+14
1.769999999999999907e-01 3.193334612484010000e+14 -1.076118167452690156e+14 -1.063473745691299844e+14
1.784999999999999920e-01 3.045668759802240625e+14 -1.077377927478364531e+14 -1.064224011422378750e+14
1.799999999999999933e-01 3.089990399780320625e+14 -1.076493415331179375e+14 -1.067341816672254062e+14
1.814999999999999947e-01 2.942249057171693125e+14 -1.077468491957515000e+14 -1.067746338877670625e+14
1.829999999999999960e-01 2.857946634492621875e+14 -1.077836532698450000e+14 -1.066251382000106250e+14
1.844999999999999973e-01 2.796749210149671250e+14 -1.078108967509096250e+14 -1.069480952648469844e+14
1.859999999999999987e-01 2.786730899896990625e+14 -1.077767836043083594e+14 -1.069131226942853125e+14
1.875000000000000000e-01 2.637869890075304375e+14 -1.078821023261895312e+14 -1.070452257794038750e+14
1.890000000000000013e-01 2.639980429868348750e+14 -1.078582935802841562e+14 -1.068470938757598438e+14
1.905000000000000027e-01 2.584384568312161250e+14 -1.078649498666352344e+14 -1.069282250864732500e+14
1.920000000000000040e-01 2.434178268845564375e+14 -1.079356250482428750e+14 -1.070433982322414844e+14
1.935000000000000053e-01 2.458635218518714375e+14 -1.078888526995666406e+14 -1.071004724896142031e+14
1.950000000000000067e-01 2.371499345775963125e+14 -1.079431595430363281e+14 -1.071652927074168125e+14
1.965000000000000080e-01 2.253436851569468750e+14 -1.080181654490243750e+14 -1.073109304294477344e+14
1.980000000000000093e-01 2.305881618819118125e+14 -1.079146923762003750e+14 -1.073084387252389219e+14
1.995000000000000107e-01 2.143294426788304375e+14 -1.080291825545417500e+14 -1.072570678634759219e+14
2.010000000000000120e-01 2.055683047304304375e+14 -1.080669417716603125e+14 -1.072115769852678906e+14
2.025000000000000133e-01 1.950635360391735625e+14 -1.081100633539190469e+14 -1.072705929667397500e+14
2.039999999999999869e-01 1.873691410722062500e+14 -1.081362521365750000e+14 -1.073998623425585156e+14
2.054999999999999882e-01 1.925069959683868125e+14 -1.080513342360950156e+14 -1.073251430799990156e+14
2.069999999999999896e-01 1.831790223624425312e+14 -1.080824446537319375e+14 -1.072144075190330938e+14
2.084999999999999909e-01 1.716414930202896875e+14 -1.081619816470255781e+14 -1.073892787186541562e+14
2.099999999999999922e-01 1.705926158560951875e+14 -1.081310896977726250e+14 -1.073073197345575938e+14
2.114999999999999936e-01 1.651097433787346562e+14 -1.081028158788540781e+14 -1.073878239531769219e+14
2.129999999999999949e-01 1.593638722563963438e+14 -1.080840198935434688e+14 -1.074734811147421719e+14
2.144999999999999962e-01 1.528736225507944688e+14 -1.080693464467772656e+14 -1.073203556250718750e+14
2.159999999999999976e-01 1.419925566229709375e+14 -1.080965170169678438e+14 -1.073278947219223125e+14
2.174999999999999989e-01 1.391934115414112188e+14 -1.080419924902323750e+14 -1.073380638860686875e+14
2.190000000000000002e-01 1.307611716240794375e+14 -1.080737580876961562e+14 -1.074594761335940469e+14
2.205000000000000016e-01 1.298401445642685938e+14 -1.080185260236245938e+14 -1.074505643911727188e+14
2.220000000000000029e-01 1.275746047659572969e+14 -1.079939833044992188e+14 -1.073974157928615312e+14
2.235000000000000042e-01 1.285702459248979688e+14 -1.079299478305418594e+14 -1.073543391131173281e+14
2.250000000000000056e-01 1.235337618016342812e+14 -1.079209131438685938e+14 -1.073895009084662656e+14
2.265000000000000069e-01 1.131182319831684844e+14 -1.079818287447904688e+14 -1.074927254144769688e+14
2.280000000000000082e-01 1.112931578175226875e+14 -1.079230030913700781e+14 -1.072921934782945625e+14
2.295000000000000095e-01 1.051980868158134062e+14 -1.079389072564637344e+14 -1.074304796153516562e+14
2.310000000000000109e-01 1.086636237458596719e+14 -1.078478342342867344e+14 -1.073255777568607812e+14
2.325000000000000122e-01 1.039555510482695781e+14 -1.078515775407578906e+14 -1.072765297105496250e+14
2.340000000000000135e-01 9.465328955415893750e+13 -1.079089332320046562e+14 -1.074944531476916875e+14
2.354999999999999871e-01 9.652254042529632812e+13 -1.078359985681474375e+14 -1.072628543041555469e+14
2.369999999999999885e-01 9.297239952799735938e+13 -1.077907390114620000e+14 -1.070689600559285156e+14
2.384999999999999898e-01 8.383010134877753125e+13 -1.078856953891451875e+14 -1.073812379290752188e+14
2.399999999999999911e-01 8.013677667986220312e+13 -1.079199340795635156e+14 -1.074431961454002188e+14
2.414999999999999925e-01 8.337215857422457812e+13 -1.078481130324133594e+14 -1.074200561533788281e+14
2.429999999999999938e-01 7.861818978911870312e+13 -1.078657719669635312e+14 -1.073400344543235938e+14
2.444999999999999951e-01 6.780133540060192188e+13 -1.079302370674068125e+14 -1.074396431572256250e+14
2.459999999999999964e-01 6.977166243400464062e+13 -1.078684068403182812e+14 -1.074923412187609219e+14
2.474999999999999978e-01 7.107698358194481250e+13 -1.078374422758940625e+14 -1.073597119542592188e+14
2.489999999999999991e-01 6.486328266110565625e+13 -1.078594442072432031e+14 -1.072763798554712500e+14
2.505000000000000004e-01 6.433445936947075000e+13 -1.078157716423883281e+14 -1.073496539582915781e+14
2.520000000000000018e-01 6.417334943432529688e+13 -1.077884329402048438e+14 -1.073419263220739062e+14
2.535000000000000031e-01 5.975718416148314062e+13 -1.077880580328985156e+14 -1.073675102260782344e+14
2.550000000000000044e-01 6.048280641434729688e+13 -1.077284432749766719e+14 -1.073000815476389219e+14
2.565000000000000058e-01 5.757881755575632812e+13 -1.077261049775425000e+14 -1.073469540555250312e+14
2.580000000000000071e-01 5.500747769906460938e+13 -1.076957421314651719e+14 -1.073637185691180312e+14
2.595000000000000084e-01 5.194219354923057812e+13 -1.076770539836101094e+14 -1.073442810288157188e+14
2.610000000000000098e-01 5.394808554318659375e+13 -1.076236943332341250e+14 -1.072522527702388281e+14
2.625000000000000111e-01 5.165727679335115625e+13 -1.076038164810396406e+14 -1.071788480582447500e+14
2.640000000000000124e-01 4.741402543725609375e+13 -1.075888579551902031e+14 -1.071757847173945781e+14
2.655000000000000138e-01 4.613994628500926562e+13 -1.075518356789255781e+14 -1.071360007132649844e+14
2.670000000000000151e-01 4.368740867934851562e+13 -1.075430127262783594e+14 -1.071500209759847656e+14
2.685000000000000164e-01 4.680314511403804688e+13 -1.074624684426717031e+14 -1.071645883110555781e+14
2.700000000000000178e-01 4.137427999184689062e+13 -1.074693607621002500e+14 -1.070687650558210000e+14
2.715000000000000191e-01 4.303673502930107812e+13 -1.073911676428943125e+14 -1.070144130094714844e+14
2.730000000000000204e-01 4.075455959653950000e+13 -1.073712061115460156e+14 -1.068909574778411094e+14
2.745000000000000218e-01 4.450594120922343750e+13 -1.072897909740447188e+14 -1.068677967682702500e+14
2.760000000000000231e-01 4.118504076686996875e+13 -1.072721836190256562e+14 -1.069440991006958750e+14
2.775000000000000244e-01 4.065609053849300000e+13 -1.072381955848168281e+14 -1.069978019747772656e+14
2.790000000000000258e-01 4.200706779470301562e+13 -1.071750627138613750e+14 -1.068028210555609375e+14
2.805000000000000271e-01 4.035685222678426562e+13 -1.071442736276047188e+14 -1.068203116092760000e+14
2.819999999999999729e-01 3.899428958936662500e+13 -1.070929826548051719e+14 -1.067975749712631562e+14
2.834999999999999742e-01 3.616419591441710938e+13 -1.070835650211569688e+14 -1.066743409928545625e+14
2.849999999999999756e-01 3.625443607576100000e+13 -1.070242971528805938e+14 -1.067162196456557812e+14
2.864999999999999769e-01 3.375778513035920312e+13 -1.069985150009179844e+14 -1.066671623573002969e+14
2.879999999999999782e-01 3.332643180213690625e+13 -1.069425654762449844e+14 -1.065616662523643281e+14
2.894999999999999796e-01 3.180821891557542188e+13 -1.068946272529324062e+14 -1.065256004924383750e+14
2.909999999999999809e-01 2.844038144312973438e+13 -1.068811233219724688e+14 -1.065917616912516406e+14
2.924999999999999822e-01 2.735184404666164062e+13 -1.068353254417995156e+14 -1.065789006821002500e+14
2.939999999999999836e-01 3.049494604554782812e+13 -1.067455699521280000e+14 -1.064506398432225156e+14
2.954999999999999849e-01 2.737273314330596875e+13 -1.067314111517169062e+14 -1.064023756918201406e+14
2.969999999999999862e-01 2.880108162928837500e+13 -1.066543415858358906e+14 -1.063662483681033906e+14
2.984999999999999876e-01 2.732306482588354688e+13 -1.066217630950228750e+14 -1.063501394699203281e+14
2.999999999999999889e-01 2.578567287187300000e+13 -1.065878303541873750e+14 -1.063001909375522031e+14
3.014999999999999902e-01 2.688304045172604688e+13 -1.065210648426044219e+14 -1.062188135355597500e+14
3.029999999999999916e-01 2.556180667157495312e+13 -1.064670311497006875e+14 -1.061854297912452031e+14
3.044999999999999929e-01 2.092823100939390625e+13 -1.064622841263170781e+14 -1.062110794467416562e+14
3.059999999999999942e-01 2.201258439752521875e+13 -1.063847030944057656e+14 -1.060819491768735938e+14
3.074999999999999956e-01 2.494144346054857812e+13 -1.063163717797661250e+14 -1.060807728507689062e+14
3.089999999999999969e-01 2.330415699958371875e+13 -1.062710616009720938e+14 -1.060329308952454531e+14
3.104999999999999982e-01 1.768093756566810938e+13 -1.062713212619273594e+14 -1.060637656418172344e+14
3.119999999999999996e-01 1.818605369601409375e+13 -1.061876359255159531e+14 -1.059343206605865781e+14
3.135000000000000009e-01 1.869668439728903125e+13 -1.061254398132833906e+14 -1.058467238892507031e+14
3.150000000000000022e-01 1.940547669835367188e+13 -1.060778399187443906e+14 -1.058546640314702188e+14
3.165000000000000036e-01 2.394821402439245312e+13 -1.059826047570417656e+14 -1.058104003896838906e+14
3.180000000000000049e-01 2.308191825725040625e+13 -1.059319366043229688e+14 -1.057626183025437969e+14
3.195000000000000062e-01 2.072971284275687500e+13 -1.058991597407019062e+14 -1.057160954944180000e+14
3.210000000000000075e-01 2.112407807853015625e+13 -1.058160399940374062e+14 -1.055090503892114375e+14
3.225000000000000089e-01 2.038564500588545312e+13 -1.057785689155489219e+14 -1.054972814519646719e+14
3.240000000000000102e-01 1.848449609448035938e+13 -1.057366747020546719e+14 -1.055496796167802031e+14
3.255000000000000115e-01 1.478338613829696875e+13 -1.057028779205991094e+14 -1.054694975046159688e+14
3.270000000000000129e-01 1.606954620793810938e+13 -1.056302684535956250e+14 -1.053235658143221875e+14
3.285000000000000142e-01 1.387543206928321875e+13 -1.055983119069305156e+14 -1.053563469290671250e+14
3.300000000000000155e-01 1.630051102534421875e+13 -1.055135054068239688e+14 -1.052816101006906719e+14
3.315000000000000169e-01 1.536187609908978125e+13 -1.054573107089360000e+14 -1.052378725269447656e+14
3.330000000000000182e-01 1.375471160451353125e+13 -1.054167718077022188e+14 -1.052513397432294844e+14
3.345000000000000195e-01 1.385130248689896875e+13 -1.053540333931745312e+14 -1.051368116203443594e+14
3.360000000000000209e-01 1.285452906911845312e+13 -1.053111230403350469e+14 -1.050799192706908281e+14
3.375000000000000222e-01 1.732216354065232812e+13 -1.052006519154307500e+14 -1.049765326604605000e+14
3.390000000000000235e-01 1.211605267996353125e+13 -1.051896101637648750e+14 -1.049262662522393750e+14
3.405000000000000249e-01 1.516087827333710938e+13 -1.051006103388304375e+14 -1.049336390954851406e+14
3.420000000000000262e-01 1.364491513875378125e+13 -1.050541884708384688e+14 -1.048554418937262969e+14
3.435000000000000275e-01 1.427405090307748438e+13 -1.049935693353944531e+14 -1.047889557433534844e+14
3.449999999999999734e-01 1.499633376468117188e+13 -1.049230441514290156e+14 -1.047765625430724688e+14
3.464999999999999747e-01 1.290060254922268750e+13 -1.048697991133303438e+14 -1.046805226098363594e+14
3.479999999999999760e-01 1.001350855231498438e+13 -1.048250861902359062e+14 -1.046331931247356250e+14
3.494999999999999774e-01 1.004557442883017188e+13 -1.047667657006748438e+14 -1.045971602229578594e+14
3.509999999999999787e-01 1.339902236345140625e+13 -1.046764156867798594e+14 -1.044576957602110938e+14
3.524999999999999800e-01 1.024843710548148438e+13 -1.046397753275645781e+14 -1.043529145469337031e+14
3.539999999999999813e-01 1.053132547663067188e+13 -1.045664969890037188e+14 -1.043700545517237344e+14
3.554999999999999827e-01 1.046795686382390625e+13 -1.045094259069590469e+14 -1.042905242074890000e+14
3.569999999999999840e-01 9.692893230143703125e+12 -1.044420272640741250e+14 -1.041987059321659688e+14
3.584999999999999853e-01 9.662854157899312500e+12 -1.043875076444108281e+14 -1.041843972553557031e+14
3.599999999999999867e-01 1.097646279597701562e+13 -1.043193839940263125e+14 -1.041283227920118281e+14
3.614999999999999880e-01 9.276579739964937500e+12 -1.042581253718564062e+14 -1.040304888954001719e+14
3.629999999999999893e-01 6.150487574506906250e+12 -1.042188705188846094e+14 -1.039945423513090469e+14
3.644999999999999907e-01 9.112153288547625000e+12 -1.041231661744334219e+14 -1.039711263967720312e+14
3.659999999999999920e-01 7.241886623258515625e+12 -1.040843389599200312e+14 -1.039150717817693438e+14
3.674999999999999933e-01 8.513748281629750000e+12 -1.040193088287828125e+14 -1.039274329360567031e+14
3.689999999999999947e-01 9.526884193456218750e+12 -1.039309909409274375e+14 -1.037804087126412656e+14
3.704999999999999960e-01 9.106270499819890625e+12 -1.038664603348713594e+14 -1.037018668662141094e+14
3.719999999999999973e-01 6.378567446520437500e+12 -1.038268087682880000e+14 -1.036949068613896875e+14
3.734999999999999987e-01 5.869042055802781250e+12 -1.037585401694447969e+14 -1.035821895285466719e+14
3.750000000000000000e-01 6.013384013978687500e+12 -1.036896615257820000e+14 -1.034853803425188750e+14
3.765000000000000013e-01 8.922360790141593750e+12 -1.035921695801538906e+14 -1.033686640191108125e+14
3.780000000000000027e-01 7.025481465374984375e+12 -1.035433216843327656e+14 -1.033159023255086094e+14
3.795000000000000040e-01 8.437373551107203125e+12 -1.034579661552099219e+14 -1.032424750118775156e+14
3.810000000000000053e-01 8.189145525713750000e+12 -1.034035370403103125e+14 -1.032580255185832656e+14
3.825000000000000067e-01 2.680034478199687500e+11 -1.033932370972970625e+14 -1.032217438953769844e+14
3.840000000000000080e-01 2.333673940595609375e+12 -1.032995474493441094e+14 -1.031245104542743438e+14
3.855000000000000093e-01 5.594814886870125000e+12 -1.032138795764905625e+14 -1.030040947137159219e+14
3.870000000000000107e-01 1.131607874820803125e+13 -1.030896757950723281e+14 -1.029012078022955781e+14
3.885000000000000120e-01 3.687240526782531250e+12 -1.030918149168106562e+14 -1.029264580019679531e+14
3.900000000000000133e-01 3.465756858233718750e+12 -1.030134216237223906e+14 -1.028006956796124688e+14
3.915000000000000147e-01 3.426993403715093750e+12 -1.029456753308798281e+14 -1.027655423619761250e+14
3.930000000000000160e-01 6.254396912625187500e+12 -1.028611526562376250e+14 -1.026915289381149062e+14
3.945000000000000173e-01 9.332830836212000000e+12 -1.027671954658460312e+14 -1.025784074770242812e+14
3.960000000000000187e-01 9.267984032554109375e+12 -1.026969702768686406e+14 -1.025007342275703438e+14
3.975000000000000200e-01 7.062760174696265625e+12 -1.026441139778365469e+14 -1.024443287074477656e+14
3.990000000000000213e-01 3.474961952097046875e+12 -1.025937229524877031e+14 -1.023921241607920000e+14
4.005000000000000226e-01 4.007813479479625000e+12 -1.025197242312081406e+14 -1.023506662181251250e+14
4.020000000000000240e-01 4.710568142129718750e+12 -1.024457486478871875e+14 -1.022908364165761719e+14
4.035000000000000253e-01 2.619487242447000000e+12 -1.023752019000824375e+14 -1.021834186767485625e+14
4.050000000000000266e-01 1.992425402227234375e+12 -1.023128073096686875e+14 -1.021032722163250781e+14
4.064999999999999725e-01 1.303116225312906250e+12 -1.022558779254039688e+14 -1.020994339838986250e+14
4.079999999999999738e-01 1.237156048124609375e+12 -1.021811348317595625e+14 -1.020607891160227188e+14
4.094999999999999751e-01 2.243266289158937500e+12 -1.020915235590677031e+14 -1.019284639465348594e+14
4.109999999999999765e-01 5.207046068499125000e+12 -1.019718405622228125e+14 -1.018263858655659531e+14
4.124999999999999778e-01 3.770114082615468750e+12 -1.018992809983007344e+14 -1.017452118019350781e+14
4.139999999999999791e-01 8.134667446999062500e+11 -1.018458779020065000e+14 -1.016980583693576875e+14
4.154999999999999805e-01 6.132922562771937500e+12 -1.017210623749257969e+14 -1.015489875628371562e+14
4.169999999999999818e-01 5.584991977319250000e+12 -1.016482909935801406e+14 -1.014915028827585625e+14
4.184999999999999831e-01 3.899257621262234375e+12 -1.015833538747240469e+14 -1.013982182799450938e+14
4.199999999999999845e-01 2.053614635620328125e+12 -1.015117436915335156e+14 -1.013418462200552969e+14
4.214999999999999858e-01 2.747322288735140625e+12 -1.014216625239546406e+14 -1.012810387787662344e+14
4.229999999999999871e-01 5.873066251222859375e+12 -1.013330847999195312e+14 -1.011680725172407500e+14
4.244999999999999885e-01 5.125608532614921875e+12 -1.012527602761713281e+14 -1.011019936241290469e+14
4.259999999999999898e-01 1.145979528703609375e+12 -1.012063670556876875e+14 -1.010600101637384219e+14
4.274999999999999911e-01 1.506016805704359375e+12 -1.011259516849474688e+14 -1.009649142538645000e+14
4.289999999999999925e-01 2.310965659427046875e+12 -1.010409060545174062e+14 -1.009069047547632344e+14
4.304999999999999938e-01 5.373302883494656250e+12 -1.009402398389389219e+14 -1.007727204787652188e+14
4.319999999999999951e-01 6.653574967444687500e+12 -1.008419072716652812e+14 -1.006943903572354844e+14
4.334999999999999964e-01 2.409676466570203125e+12 -1.008067139711716250e+14 -1.006945170883151875e+14
4.349999999999999978e-01 3.634337307317937500e+12 -1.007236476046554844e+14 -1.005584099993177969e+14
4.364999999999999991e-01 -1.609364753731515625e+12 -1.007064749270694531e+14 -1.005609161948805312e+14
4.380000000000000004e-01 -2.053814564372421875e+12 -1.006422044927196562e+14 -1.004838738578992031e+14
4.395000000000000018e-01 3.796338271278937500e+12 -1.005253744683579219e+14 -1.004003001115251875e+14
4.410000000000000031e-01 3.708973576530062500e+12 -1.004578330329695625e+14 -1.003238245169995156e+14
4.425000000000000044e-01 2.580040346072765625e+12 -1.003919158004725469e+14 -1.002271846767119219e+14
4.440000000000000058e-01 1.062270589653671875e+12 -1.003318919347665469e+14 -1.001650155120770469e+14
4.455000000000000071e-01 1.209112205480625000e+12 -1.002671731908542812e+14 -1.001791505890962500e+14
4.470000000000000084e-01 2.921918716508562500e+12 -1.001756502470125156e+14 -1.000969160090869688e+14
4.485000000000000098e-01 1.944211535833765625e+12 -1.001122369779141094e+14 -1.000100271695180312e+14
4.500000000000000111e-01 1.185496353952234375e+12 -1.000314477953899844e+14 -9.983517097342006250e+13
4.515000000000000124e-01 1.339250496646531250e+12 -9.994756936500015625e+13 -9.975368775865985938e+13
4.530000000000000138e-01 8.686861516013437500e+11 -9.988860844145903125e+13 -9.973655162258815625e+13
4.545000000000000151e-01 1.417977489430000000e+11 -9.981634903023256250e+13 -9.967985205586687500e+13
4.560000000000000164e-01 2.228596026289375000e+12 -9.972029279120698438e+13 -9.955518360505789062e+13
4.575000000000000178e-01 7.775623448472796875e+12 -9.961667405674965625e+13 -9.942962321937006250e+13
4.590000000000000191e-01 5.145840965657953125e+12 -9.955225581369151562e+13 -9.941744154305170312e+13
4.605000000000000204e-01 7.920382789904062500e+11 -9.950769115017193750e+13 -9.940482813748889062e+13
4.620000000000000218e-01 2.570041528298718750e+12 -9.941765515143023438e+13 -9.930494347677729688e+13
4.635000000000000231e-01 1.189320989518718750e+12 -9.934768392911590625e+13 -9.923260948024698438e+13
4.650000000000000244e-01 2.452277029777484375e+12 -9.925022674088265625e+13 -9.911699065455046875e+13
4.665000000000000258e-01 6.701763010687812500e+11 -9.919831131011970312e+13 -9.909391515662228125e+13
4.680000000000000271e-01 4.252012458138906250e+11 -9.911583546446014062e+13 -9.898396587274428125e+13
4.694999999999999729e-01 2.430376078156890625e+12 -9.902269245851390625e+13 -9.887456250235135938e+13
4.709999999999999742e-01 4.368040575994250000e+12 -9.893767731522832812e+13 -9.882979867485834375e+13
4.724999999999999756e-01 1.861527223383062500e+12 -9.886152888686668750e+13 -9.870930117201464062e+13
4.739999999999999769e-01 1.110504846158968750e+12 -9.879082527824295312e+13 -9.864901218286285938e+13
4.754999999999999782e-01 -8.743250267573750000e+11 -9.872936541805498438e+13 -9.859975645849078125e+13
4.769999999999999796e-01 -1.155923594462234375e+12 -9.866643568907670312e+13 -9.860546867928793750e+13
4.784999999999999809e-01 1.277097581867078125e+12 -9.855920677949165625e+13 -9.849886596051704688e+13
4.799999999999999822e-01 -4.816608007177187500e+11 -9.849135828907009375e+13 -9.841067295888834375e+13
4.814999999999999836e-01 -9.891238551259218750e+11 -9.840342117572965625e+13 -9.828769415372967188e+13
4.829999999999999849e-01 5.350664439121718750e+11 -9.831332938067518750e+13 -9.819763381127790625e+13
4.844999999999999862e-01 2.694358800707031250e+12 -9.822412299673312500e+13 -9.808169399838017188e+13
4.859999999999999876e-01 2.436560054754765625e+12 -9.814710169682131250e+13 -9.801044238915626562e+13
4.874999999999999889e-01 1.876986089656875000e+12 -9.806501511129300000e+13 -9.789143983122743750e+13
4.889999999999999902e-01 2.873300220354078125e+12 -9.797893928207010938e+13 -9.781721149265575000e+13
4.904999999999999916e-01 4.563399245076078125e+12 -9.788207069065354688e+13 -9.773787601261145312e+13
4.919999999999999929e-01 -6.076372522731562500e+11 -9.784928303155870312e+13 -9.770437996516481250e+13
4.934999999999999942e-01 1.590925048414718750e+12 -9.775132044098595312e+13 -9.765694493944315625e+13
4.949999999999999956e-01 1.425891009388906250e+12 -9.767801317859739062e+13 -9.757943954353729688e+13
4.964999999999999969e-01 4.045619367443609375e+12 -9.757035337013712500e+13 -9.747079704636793750e+13
4.979999999999999982e-01 1.214942491837578125e+12 -9.751159517811231250e+13 -9.741244483486121875e+13
4.994999999999999996e-01 1.812775509372593750e+12 -9.741292390700720312e+13 -9.727436660833631250e+13
5.010000000000000009e-01 2.816236137391390625e+12 -9.732932999005951562e+13 -9.720310615104990625e+13
5.024999999999999467e-01 2.103385592975343750e+12 -9.725560679792240625e+13 -9.712406286161618750e+13
5.040000000000000036e-01 -1.737001461486093750e+11 -9.718586771500192188e+13 -9.707084291706437500e+13
5.054999999999999494e-01 2.216910325391906250e+12 -9.708693719546089062e+13 -9.696343386983550000e+13
5.070000000000000062e-01 4.200873952217812500e+12 -9.699794785963564062e+13 -9.689381950558967188e+13
5.084999999999999520e-01 3.874633998971703125e+12 -9.691955392903065625e+13 -9.680373315933990625e+13
5.100000000000000089e-01 2.730969925368031250e+12 -9.683832209906234375e+13 -9.672937651066962500e+13
5.114999999999999547e-01 1.383627216694546875e+12 -9.676562488081635938e+13 -9.664360963147356250e+13
5.130000000000000115e-01 1.274728759630500000e+12 -9.667700837736717188e+13 -9.653816573311059375e+13
5.144999999999999574e-01 9.999242722914531250e+11 -9.660185694279840625e+13 -9.646239538705914062e+13
5.160000000000000142e-01 8.072275343075468750e+11 -9.651393282302879688e+13 -9.636213004441059375e+13
5.174999999999999600e-01 1.456334627172375000e+12 -9.643323945959223438e+13 -9.632824446536996875e+13
5.190000000000000169e-01 2.742129362562812500e+12 -9.634120821045257812e+13 -9.623273026651009375e+13
5.204999999999999627e-01 -6.330553127409375000e+11 -9.628064201413037500e+13 -9.617013343124885938e+13
5.220000000000000195e-01 2.117427774883125000e+11 -9.618322146903045312e+13 -9.605746176103651562e+13
5.234999999999999654e-01 -1.430975304339781250e+12 -9.612091855183125000e+13 -9.603171549917982812e+13
5.250000000000000222e-01 3.077440861559843750e+11 -9.602662471205664062e+13 -9.592827650484810938e+13
5.264999999999999680e-01 1.515852536976390625e+12 -9.592554886940882812e+13 -9.578786864602521875e+13
5.280000000000000249e-01 1.203084327900843750e+12 -9.584260119617935938e+13 -9.571878153521325000e+13
5.294999999999999707e-01 3.183555647636156250e+12 -9.574864444820290625e+13 -9.563165397830770312e+13
5.310000000000000275e-01 4.753065352567687500e+12 -9.565777120566157812e+13 -9.553716387580115625e+13
5.324999999999999734e-01 1.609672677936000000e+12 -9.559093820549809375e+13 -9.548563131506498438e+13
5.340000000000000302e-01 2.468434160516953125e+12 -9.549776149600476562e+13 -9.538252090586251562e+13
5.354999999999999760e-01 3.804227311584234375e+12 -9.539672435543981250e+13 -9.528417993710229688e+13
5.370000000000000329e-01 4.835259313096828125e+12 -9.529475140897876562e+13 -9.517221004911018750e+13
5.384999700000000500e-01 1.884023840937375000e+12 -9.522025840796032812e+13 -9.508688367771384375e+13
5.400000000000000355e-01 7.413511422309531250e+11 -9.513830500120659375e+13 -9.503982919531214062e+13
5.415000300000000211e-01 1.861992910802046875e+12 -9.503998975295754688e+13 -9.490936541080823438e+13
5.430000000000000382e-01 3.560278629642921875e+12 -9.493549327182389062e+13 -9.481781278021379688e+13
5.444999700000000553e-01 3.780815816262593750e+12 -9.484905351000306250e+13 -9.473044692333021875e+13
5.460000000000000409e-01 1.525783151969421875e+12 -9.477406162850010938e+13 -9.463185473391093750e+13
5.475000300000000264e-01 9.531302045537187500e+11 -9.468852598762264062e+13 -9.457567646851954688e+13
5.490000000000000435e-01 1.934067137998687500e+12 -9.459280484309126562e+13 -9.444579430504587500e+13
5.504999699999999496e-01 3.206831650349453125e+12 -9.449266943520471875e+13 -9.437543220438831250e+13
5.520000000000000462e-01 1.670540462544984375e+12 -9.440750203628992188e+13 -9.427866883045135938e+13
5.535000300000000317e-01 2.255259295472828125e+12 -9.432547460504934375e+13 -9.423602714779209375e+13
5.550000000000000488e-01 3.345211816457000000e+12 -9.422947166648751562e+13 -9.412999613067445312e+13
5.564999699999999550e-01 4.154548331584843750e+12 -9.413157074492310938e+13 -9.401887710029059375e+13
5.580000000000000515e-01 1.478514145125500000e+12 -9.405974265703928125e+13 -9.392325487651129688e+13
5.595000300000000371e-01 3.950814663052468750e+12 -9.395252083153659375e+13 -9.384835027419896875e+13
5.610000000000000542e-01 5.195985888775312500e+12 -9.387059497878790625e+13 -9.377651224943196875e+13
5.624999699999999603e-01 3.723225383655390625e+12 -9.380971681374623438e+13 -9.370247115963567188e+13
5.639999999999999458e-01 4.229705259805078125e+12 -9.371961629626571875e+13 -9.361611192398821875e+13
5.655000300000000424e-01 2.146384429823421875e+12 -9.364849348464335938e+13 -9.352028659585012500e+13
5.669999999999999485e-01 8.641455056324687500e+11 -9.356856112631620312e+13 -9.342970503843879688e+13
5.684999699999999656e-01 2.774144132743578125e+12 -9.347548462143067188e+13 -9.334792637156335938e+13
5.699999999999999512e-01 4.811270992461265625e+12 -9.338360307372696875e+13 -9.327882544959918750e+13
5.715000300000000477e-01 1.528719638580453125e+12 -9.330874790786493750e+13 -9.318188603334865625e+13
5.729999999999999538e-01 1.534294916482562500e+12 -9.323109317369246875e+13 -9.314180445214590625e+13
5.744999699999999709e-01 2.200448966036812500e+12 -9.314222562227254688e+13 -9.305700699374821875e+13
5.759999999999999565e-01 2.509508583970921875e+12 -9.306078583931726562e+13 -9.298195122656392188e+13
5.775000300000000530e-01 6.424316172796687500e+12 -9.294770205579265625e+13 -9.283623514682004688e+13
5.789999999999999591e-01 5.585476416907718750e+12 -9.286443988300340625e+13 -9.277062449025126562e+13
5.804999699999999763e-01 3.536381110794156250e+12 -9.278864676933745312e+13 -9.268370868433950000e+13
5.819999999999999618e-01 1.705940369739265625e+12 -9.272318743990687500e+13 -9.263254770810223438e+13
5.835000299999999473e-01 1.759475479885000000e+12 -9.262850201653278125e+13 -9.253757866430193750e+13
5.849999999999999645e-01 3.114222947022000000e+12 -9.253376241347701562e+13 -9.242383116994242188e+13
5.864999699999999816e-01 3.555196309185312500e+12 -9.243859470236051562e+13 -9.232252273261867188e+13
5.879999999999999671e-01 3.310582073686843750e+12 -9.236180451053629688e+13 -9.229539996637510938e+13
5.895000299999999527e-01 5.222721030934156250e+12 -9.226031573199417188e+13 -9.216686455827759375e+13
5.909999999999999698e-01 3.497624676135609375e+12 -9.219273276815854688e+13 -9.210519706110592188e+13
5.924999699999999869e-01 5.645543889091640625e+12 -9.208495993228329688e+13 -9.198799069553951562e+13
5.939999999999999725e-01 1.667149782832062500e+12 -9.202001943903498438e+13 -9.192852032534698438e+13
5.955000299999999580e-01 5.924652467745781250e+11 -9.193105386287348438e+13 -9.181503026071267188e+13
5.969999999999999751e-01 -2.912455801721093750e+11 -9.185502792320157812e+13 -9.177477194734503125e+13
5.984999699999999923e-01 -1.374217459175562500e+12 -9.177310212618120312e+13 -9.168331115180214062e+13
5.999999999999999778e-01 1.117185024379187500e+12 -9.167305865718056250e+13 -9.159027723719220312e+13
6.015000299999999633e-01 1.849988575612546875e+12 -9.158846032256131250e+13 -9.149523253595885938e+13
6.029999999999999805e-01 5.384748633148031250e+12 -9.147097179634334375e+13 -9.133806231215465625e+13
6.044999699999999976e-01 5.357512302017359375e+12 -9.137998827106407812e+13 -9.123858873007298438e+13
6.059999999999999831e-01 3.341991640179171875e+12 -9.130894017626106250e+13 -9.118813462136870312e+13
6.075000299999999687e-01 3.498629218201281250e+12 -9.122313981345259375e+13 -9.113121687857285938e+13
6.089999999999999858e-01 1.825269210623218750e+12 -9.114330039840062500e+13 -9.103508028164628125e+13
6.104999700000000029e-01 3.574406350744750000e+12 -9.104024750776310938e+13 -9.092654668557226562e+13
6.119999999999999885e-01 6.111177768441093750e+12 -9.094048288757482812e+13 -9.084343824873867188e+13
6.135000299999999740e-01 3.939405871169046875e+12 -9.086595942378801562e+13 -9.075720591717642188e+13
6.149999999999999911e-01 2.761301939427656250e+12 -9.078149432389201562e+13 -9.064998579543218750e+13
6.164999700000000082e-01 2.521099698999578125e+12 -9.069822531178634375e+13 -9.058273684568078125e+13
6.179999999999999938e-01 1.752963262648859375e+12 -9.061427308167404688e+13 -9.053157419583982812e+13
6.195000299999999793e-01 1.648773336121000000e+12 -9.052200174143737500e+13 -9.044022844574118750e+13
6.209999999999999964e-01 9.694084517226562500e+11 -9.044231564181587500e+13 -9.036098531237395312e+13
6.224999700000000136e-01 4.191043704252468750e+12 -9.033066102298601562e+13 -9.024710546923884375e+13
6.239999999999999991e-01 3.257479438075625000e+12 -9.025011471463268750e+13 -9.017426841471503125e+13
6.255000299999999847e-01 2.392221217523109375e+12 -9.016407141999773438e+13 -9.006403562812429688e+13
6.270000000000000018e-01 2.181359994467781250e+12 -9.008037451640079688e+13 -8.997624300657528125e+13
6.284999700000000189e-01 4.636514353537203125e+12 -8.997525470170376562e+13 -8.984877650686353125e+13
6.300000000000000044e-01 4.817097424283015625e+12 -8.988380123810031250e+13 -8.976636544563546875e+13
6.315000299999999900e-01 1.949094948659765625e+12 -8.981839586676257812e+13 -8.973912161184275000e+13
6.330000000000000071e-01 1.923753613243312500e+12 -8.972839120900026562e+13 -8.965417036696768750e+13
6.344999700000000242e-01 2.368821935877578125e+12 -8.963663855636093750e+13 -8.956022947575928125e+13
6.360000000000000098e-01 4.255955436121406250e+11 -8.956120109893062500e+13 -8.949527966253940625e+13
6.375000299999999953e-01 2.471441615489828125e+12 -8.945660829899187500e+13 -8.939588792389315625e+13
6.390000000000000124e-01 1.445096842967140625e+12 -8.937542111382665625e+13 -8.929170305847189062e+13
6.404999700000000296e-01 7.243041703212031250e+11 -8.928886738358335938e+13 -8.923438179796060938e+13
6.420000000000000151e-01 1.562213739366031250e+12 -8.919346239425448438e+13 -8.909514040105462500e+13
6.435000300000000006e-01 2.341601732699328125e+12 -8.910144744902035938e+13 -8.901972870623309375e+13
6.450000000000000178e-01 2.908383644474656250e+12 -8.901306968092648438e+13 -8.892503963152875000e+13
6.464999700000000349e-01 4.263682756425187500e+12 -8.891075726539779688e+13 -8.879523589503092188e+13
6.480000000000000204e-01 4.678502777531609375e+12 -8.882109021174007812e+13 -8.871390683167903125e+13
6.495000300000000060e-01 6.407039764188406250e+12 -8.872281382793139062e+13 -8.863510089230000000e+13
6.510000000000000231e-01 2.223828895897812500e+12 -8.866214891193368750e+13 -8.858196629743209375e+13
6.524999700000000402e-01 1.856889416982375000e+12 -8.856768680888425000e+13 -8.845421614821426562e+13
6.540000000000000258e-01 4.061285861084718750e+12 -8.845957612427075000e+13 -8.835262892275020312e+13
6.555000300000000113e-01 2.569037963119750000e+12 -8.838985400466946875e+13 -8.829127403701178125e+13
6.570000000000000284e-01 5.800827568412359375e+12 -8.828549102389531250e+13 -8.817641343976385938e+13
6.584999700000000455e-01 6.002616759827500000e+12 -8.819571155657156250e+13 -8.809395056314117188e+13
6.600000000000000311e-01 7.077211321376093750e+12 -8.809744055992350000e+13 -8.800332149702584375e+13
6.615000300000000166e-01 4.409264348472593750e+12 -8.802219616985273438e+13 -8.793404708445087500e+13
6.630000000000000338e-01 3.903626065652656250e+12 -8.793133834580662500e+13 -8.786991606222340625e+13
6.644999700000000509e-01 5.497032149422468750e+12 -8.783524744688657812e+13 -8.773655412362793750e+13
6.660000000000000364e-01 6.257658861355078125e+12 -8.774408700634525000e+13 -8.763414518042995312e+13
6.675000300000000220e-01 3.595446040534875000e+12 -8.766085912973028125e+13 -8.753944539300567188e+13
6.690000000000000391e-01 2.634834366495250000e+12 -8.758157050459664062e+13 -8.749985018391960938e+13
6.704999699999999452e-01 3.847394728744843750e+12 -8.748647161307659375e+13 -8.741355120467537500e+13
6.720000000000000417e-01 5.863649899116906250e+12 -8.738392377764982812e+13 -8.728470796249260938e+13
6.735000300000000273e-01 3.646047554692140625e+12 -8.731041500985582812e+13 -8.720605457978275000e+13
6.750000000000000444e-01 3.904540410917859375e+12 -8.722030958460015625e+13 -8.718204102405181250e+13
6.764999699999999505e-01 1.456825786753218750e+12 -8.714164825940906250e+13 -8.708638046123189062e+13
6.780000000000000471e-01 4.311574326003984375e+12 -8.703453963827532812e+13 -8.694180097646248438e+13
6.795000300000000326e-01 6.764480613662453125e+12 -8.693303624099626562e+13 -8.683705949691668750e+13
6.810000000000000497e-01 5.148831410776671875e+12 -8.684745689239337500e+13 -8.673899586342920312e+13
6.824999699999999558e-01 1.837394901079593750e+12 -8.677844523156332812e+13 -8.671425831679798438e+13
6.840000000000000524e-01 4.416821442297234375e+12 -8.667648220281706250e+13 -8.660891159811717188e+13
6.855000300000000379e-01 3.307287453301531250e+12 -8.659076014807245312e+13 -8.650804133875009375e+13
6.870000000000000551e-01 2.183403302153578125e+12 -8.651204427261262500e+13 -8.644772834957982812e+13
6.884999699999999612e-01 3.481646057500406250e+12 -8.641900807050093750e+13 -8.637160001476010938e+13
6.899999999999999467e-01 2.962998700393234375e+12 -8.632528139469812500e+13 -8.625882372824807812e+13
6.915000300000000433e-01 3.780080423881375000e+12 -8.622555043689798438e+13 -8.611900494507389062e+13
6.929999999999999494e-01 5.539678641783515625e+12 -8.612949344141117188e+13 -8.603900863734323438e+13
6.944999699999999665e-01 3.198807843225171875e+12 -8.605853755465223438e+13 -8.599451978967003125e+13
6.959999999999999520e-01 3.964027897013406250e+12 -8.595574577377168750e+13 -8.588304351389056250e+13
6.975000300000000486e-01 1.780967001732250000e+12 -8.588499434633087500e+13 -8.583098759765646875e+13
6.989999999999999547e-01 1.691390773557359375e+12 -8.579543649397946875e+13 -8.571493929033515625e+13
7.004999699999999718e-01 4.222115216725812500e+12 -8.568251302652281250e+13 -8.555750708699042188e+13
7.019999999999999574e-01 5.718821950225765625e+12 -8.559448211056200000e+13 -8.550261860953018750e+13
7.035000300000000539e-01 2.408826696859453125e+12 -8.553050184450009375e+13 -8.548199557748057812e+13
7.049999999999999600e-01 4.114581296928843750e+12 -8.542098237958687500e+13 -8.534864940902710938e+13
7.064999699999999772e-01 4.835106570684500000e+12 -8.533183852512021875e+13 -8.523824475224565625e+13
7.079999999999999627e-01 5.771221505974671875e+12 -8.523673622750732812e+13 -8.517225891790903125e+13
7.095000299999999482e-01 4.436771104591406250e+12 -8.515703267261565625e+13 -8.508598288409246875e+13
7.109999999999999654e-01 2.521969531951390625e+12 -8.507767836878651562e+13 -8.500640870658375000e+13
7.124999699999999825e-01 2.035109300660625000e+12 -8.498888828947845312e+13 -8.492884388235642188e+13
7.139999999999999680e-01 2.966626993863312500e+12 -8.489235319145339062e+13 -8.481432593229810938e+13
7.155000299999999536e-01 2.573125309372609375e+12 -8.481237982847468750e+13 -8.475248088175076562e+13
7.169999999999999707e-01 3.579781571410500000e+12 -8.470801666696490625e+13 -8.463073400347198438e+13
7.184999699999999878e-01 3.599110412579156250e+12 -8.462184759471228125e+13 -8.451608936468987500e+13
7.199999999999999734e-01 4.247452323254421875e+12 -8.453814474348471875e+13 -8.447703530284621875e+13
7.215000299999999589e-01 3.578378994526953125e+12 -8.444405651703792188e+13 -8.437454651750465625e+13
7.229999999999999760e-01 2.993866236150359375e+12 -8.435167823319968750e+13 -8.429423799638964062e+13
7.244999699999999931e-01 4.327115507880609375e+12 -8.424189971500275000e+13 -8.417666198876735938e+13
7.259999999999999787e-01 4.919275963021468750e+12 -8.414646943608192188e+13 -8.407321592463139062e+13
7.275000299999999642e-01 4.477634042179781250e+12 -8.405953873402523438e+13 -8.398693022183487500e+13
7.289999999999999813e-01 7.273240431829671875e+12 -8.394879816918696875e+13 -8.384953510149082812e+13
7.304999699999999985e-01 6.707556496368687500e+12 -8.385944559310987500e+13 -8.377426521263351562e+13
7.319999999999999840e-01 4.968013639139312500e+12 -8.377585209328175000e+13 -8.370184767460978125e+13
7.335000299999999696e-01 6.208025612302375000e+12 -8.366662135784581250e+13 -8.357862545398265625e+13
7.349999999999999867e-01 5.259094303421500000e+12 -8.357194731406943750e+13 -8.351233163011670312e+13
7.364999700000000038e-01 3.178900984080359375e+12 -8.348566442520482812e+13 -8.340227598050337500e+13
7.379999999999999893e-01 4.140356795712359375e+12 -8.337701711334809375e+13 -8.326944956972481250e+13
7.395000299999999749e-01 3.593761508163531250e+12 -8.329259215005660938e+13 -8.321404098942121875e+13
7.409999999999999920e-01 4.178042948612437500e+12 -8.319894234187362500e+13 -8.312001288742593750e+13
7.424999700000000091e-01 4.338572273657031250e+12 -8.309291055233693750e+13 -8.301185212485987500e+13
7.439999999999999947e-01 2.010527862238250000e+12 -8.301719621817006250e+13 -8.296688490837131250e+13
7.455000299999999802e-01 7.001230739496234375e+12 -8.289360545646735938e+13 -8.283801294961442188e+13
7.469999999999999973e-01 6.655461946810984375e+12 -8.280363052232328125e+13 -8.270259245486909375e+13
7.484999700000000145e-01 6.354895080862718750e+12 -8.270815864868142188e+13 -8.264348641710042188e+13
7.500000000000000000e-01 4.608185196870500000e+12 -8.262388873804073438e+13 -8.256122705360239062e+13
7.515000299999999855e-01 4.211405344815406250e+12 -8.253502552996696875e+13 -8.246761963592034375e+13
7.530000000000000027e-01 6.068850256679484375e+12 -8.242986061488423438e+13 -8.235557667829946875e+13
7.544999700000000198e-01 6.604044159421937500e+12 -8.233510783784960938e+13 -8.225015890224445312e+13
7.560000000000000053e-01 6.809354214636812500e+12 -8.224441262377196875e+13 -8.218123919812400000e+13
7.575000299999999909e-01 6.395670845854500000e+12 -8.215438678885093750e+13 -8.206502946065723438e+13
7.590000000000000080e-01 9.017580123410031250e+12 -8.204265677983551562e+13 -8.194618506225492188e+13
7.604999700000000251e-01 8.123564546716656250e+12 -8.196115303152393750e+13 -8.190052732981131250e+13
7.620000000000000107e-01 6.225680058309390625e+12 -8.188061631815354688e+13 -8.181064738412157812e+13
7.635000299999999962e-01 4.791006308412093750e+12 -8.179335018820871875e+13 -8.170770441440485938e+13
7.650000000000000133e-01 5.379434434359218750e+12 -8.169984479730993750e+13 -8.164754776583421875e+13
7.664999700000000304e-01 5.240589701638078125e+12 -8.160992067572303125e+13 -8.156147146519754688e+13
7.680000000000000160e-01 5.569480296526218750e+12 -8.151842734132021875e+13 -8.147479456567732812e+13
7.695000300000000015e-01 3.121987837940140625e+12 -8.143872625118826562e+13 -8.135190034206896875e+13
7.710000000000000187e-01 5.087482886000281250e+12 -8.133558781968803125e+13 -8.126380168260634375e+13
7.724999700000000358e-01 5.971545728435968750e+12 -8.123242268665423438e+13 -8.114146960698015625e+13
7.740000000000000213e-01 7.508160140638015625e+12 -8.111880990046659375e+13 -8.102843906211698438e+13
7.755000300000000069e-01 7.558225004516437500e+12 -8.102264080168207812e+13 -8.098570223390007812e+13
7.770000000000000240e-01 5.446104623888281250e+12 -8.093184619764693750e+13 -8.087853818063893750e+13
7.784999700000000411e-01 3.165528684593375000e+12 -8.084917817266296875e+13 -8.077312131913464062e+13
7.800000000000000266e-01 5.633452800514593750e+12 -8.073871675914109375e+13 -8.068658633178637500e+13
7.815000300000000122e-01 5.922177070722203125e+12 -8.064892727673720312e+13 -8.059886575740803125e+13
7.830000000000000293e-01 5.874304255140343750e+12 -8.054550038703601562e+13 -8.045818236565581250e+13
7.844999700000000464e-01 1.993692117324953125e+12 -8.047500974792428125e+13 -8.041254866587179688e+13
7.860000000000000320e-01 3.564078855972390625e+12 -8.037209966745389062e+13 -8.028812786638585938e+13
7.875000300000000175e-01 6.824202246982468750e+12 -8.025827827056401562e+13 -8.018928186363103125e+13
7.890000000000000346e-01 3.766700816846921875e+12 -8.018440715256435938e+13 -8.012759861866339062e+13
7.904999700000000518e-01 4.282665686973343750e+12 -8.008601248503442188e+13 -8.002919700841846875e+13
7.920000000000000373e-01 4.692387126956390625e+12 -7.998074294028239062e+13 -7.990644196248812500e+13
7.935000300000000228e-01 5.274566677347781250e+12 -7.989840977217206250e+13 -7.986944682705098438e+13
7.950000000000000400e-01 7.331106395120875000e+12 -7.978731996611957812e+13 -7.975775866415985938e+13
7.964999699999999461e-01 6.792698743903218750e+12 -7.968777321419859375e+13 -7.960840885125373438e+13
7.980000000000000426e-01 4.935350258345265625e+12 -7.961421090616935938e+13 -7.953909512713731250e+13
7.995000300000000282e-01 6.907338607283859375e+12 -7.950605490045604688e+13 -7.945493545863360938e+13
8.010000000000000453e-01 5.835365399959453125e+12 -7.942051764880368750e+13 -7.938990145389906250e+13
8.024999699999999514e-01 6.179416762083078125e+12 -7.932732471412475000e+13 -7.927650942633404688e+13
8.040000000000000480e-01 5.218782288338812500e+12 -7.923406060805929688e+13 -7.917613964083320312e+13
8.055000300000000335e-01 4.244891086715593750e+12 -7.915638636079968750e+13 -7.911463781696387500e+13
8.070000000000000506e-01 6.376560081840500000e+12 -7.905028023332332812e+13 -7.897222499292282812e+13
8.084999699999999567e-01 6.353610461106062500e+12 -7.895093918931556250e+13 -7.884460791180640625e+13
8.100000000000000533e-01 5.314991150385828125e+12 -7.887966258997423438e+13 -7.882811598183375000e+13
8.115000300000000388e-01 7.771367232248859375e+12 -7.876636617723300000e+13 -7.871350522899265625e+13
8.129999999999999449e-01 7.567302364789234375e+12 -7.867489090256420312e+13 -7.860788009107701562e+13
8.144999699999999621e-01 6.287270022270781250e+12 -7.859817030979739062e+13 -7.854599246159551562e+13
8.159999999999999476e-01 7.808484826266484375e+12 -7.848783214295100000e+13 -7.843616460533868750e+13
8.175000300000000442e-01 6.814638534048171875e+12 -7.840707425985792188e+13 -7.833466508774160938e+13
8.189999999999999503e-01 7.781747911847218750e+12 -7.830474550473850000e+13 -7.822502007853760938e+13
8.204999699999999674e-01 6.902902181163343750e+12 -7.821437246633895312e+13 -7.813152466978767188e+13
8.219999999999999529e-01 9.208105396714453125e+12 -7.811129943515750000e+13 -7.801825251679953125e+13
8.235000300000000495e-01 1.063642264735764062e+13 -7.801226757236960938e+13 -7.790951884098284375e+13
8.249999999999999556e-01 5.046513455415687500e+12 -7.796266143528670312e+13 -7.788862775201917188e+13
8.264999699999999727e-01 5.567437602435296875e+12 -7.785828436609934375e+13 -7.782208134741170312e+13
8.279999999999999583e-01 4.325942446997640625e+12 -7.777662707563276562e+13 -7.774335943683871875e+13
8.295000300000000548e-01 5.913405361959984375e+12 -7.767857243469904688e+13 -7.762260763001492188e+13
8.309999999999999609e-01 4.576791943714765625e+12 -7.759878180482132812e+13 -7.749829341104678125e+13
8.324999699999999780e-01 7.145786312873750000e+12 -7.749140112956618750e+13 -7.742910873444920312e+13
8.339999999999999636e-01 7.355401024831671875e+12 -7.739697020371885938e+13 -7.732500921541231250e+13
8.355000299999999491e-01 5.581079259999250000e+12 -7.731904362942445312e+13 -7.723831512817865625e+13
8.369999999999999662e-01 4.646015158915703125e+12 -7.723937704529893750e+13 -7.718656858819156250e+13
8.384999699999999834e-01 3.069534540689796875e+12 -7.715791022864604688e+13 -7.710011162151185938e+13
8.399999999999999689e-01 5.046180381492921875e+12 -7.705894549087021875e+13 -7.697355264227695312e+13
8.415000299999999545e-01 6.760857279622234375e+12 -7.695989003924429688e+13 -7.688125842726926562e+13
8.429999999999999716e-01 4.821417943177031250e+12 -7.688074092808614062e+13 -7.682909503912145312e+13
8.444999699999999887e-01 3.817557344045015625e+12 -7.679772957453689062e+13 -7.672899989409034375e+13
8.459999999999999742e-01 8.270866616701218750e+12 -7.668066935078857812e+13 -7.661072412718018750e+13
8.475000299999999598e-01 8.196573056941484375e+12 -7.658718934181368750e+13 -7.654782635692209375e+13
8.489999999999999769e-01 3.068419027701937500e+12 -7.653844706062279688e+13 -7.651424458789387500e+13
8.504999699999999940e-01 6.355773050572953125e+12 -7.641673665738098438e+13 -7.630385282443506250e+13
8.519999999999999796e-01 7.357749311891812500e+12 -7.633462205788595312e+13 -7.623883926801668750e+13
8.535000299999999651e-01 9.436479731888078125e+12 -7.622582730614893750e+13 -7.615000709400876562e+13
8.549999999999999822e-01 6.204858164985140625e+12 -7.616404593832182812e+13 -7.612295362832134375e+13
8.564999699999999994e-01 5.073861211300546875e+12 -7.608618800516484375e+13 -7.604885071515767188e+13
8.579999999999999849e-01 6.740723322825531250e+12 -7.595915012311665625e+13 -7.590487683730259375e+13
8.595000299999999704e-01 3.906183430607625000e+12 -7.586851427175667188e+13 -7.579805147926578125e+13
8.609999999999999876e-01 6.031264590127578125e+12 -7.575242315118743750e+13 -7.570335473463984375e+13
8.624999700000000047e-01 7.536452541941796875e+12 -7.563928310934231250e+13 -7.559685731417945312e+13
8.639999999999999902e-01 7.190535352799921875e+12 -7.553797874901854688e+13 -7.542416314060670312e+13
8.655000299999999758e-01 6.902280186030515625e+12 -7.545095099067120312e+13 -7.536411639263892188e+13
8.669999999999999929e-01 6.410603329954968750e+12 -7.535391281925248438e+13 -7.527043504495160938e+13
8.684999700000000100e-01 5.428481059379437500e+12 -7.526255466657098438e+13 -7.522156319424596875e+13
8.699999999999999956e-01 8.181938393720109375e+12 -7.514312830341810938e+13 -7.506111773517784375e+13
8.715000299999999811e-01 8.741667670212453125e+12 -7.504157302485050000e+13 -7.491578809165881250e+13
8.729999999999999982e-01 5.193215502336984375e+12 -7.497310878113198438e+13 -7.484722023317885938e+13
8.744999700000000153e-01 8.723970452152703125e+12 -7.484596184709053125e+13 -7.476061002363123438e+13
8.760000000000000009e-01 5.035504306567140625e+12 -7.478249548782168750e+13 -7.469845903535023438e+13
8.775000299999999864e-01 7.930328145147828125e+12 -7.466317495473453125e+13 -7.459153591905628125e+13
8.790000000000000036e-01 6.671312644531578125e+12 -7.458517763637582812e+13 -7.451065343977568750e+13
8.804999700000000207e-01 6.492312582574015625e+12 -7.449316111898246875e+13 -7.441038832479151562e+13
8.820000000000000062e-01 8.901595634303812500e+12 -7.438065414035579688e+13 -7.426902685466715625e+13
8.835000299999999918e-01 8.251936703673265625e+12 -7.429821473740729688e+13 -7.421823779557735938e+13
8.850000000000000089e-01 8.128926515435765625e+12 -7.419235794763173438e+13 -7.412411646627945312e+13
8.864999700000000260e-01 6.328091791037437500e+12 -7.413110696862407812e+13 -7.406479061798165625e+13
8.880000000000000115e-01 6.206391619154187500e+12 -7.403589406603140625e+13 -7.395212198373096875e+13
8.895000299999999971e-01 7.189543887716718750e+12 -7.392095353093020312e+13 -7.382519876438321875e+13
8.910000000000000142e-01 7.254334511492812500e+12 -7.383565244402043750e+13 -7.377331022966382812e+13
8.924999700000000313e-01 6.893303553600296875e+12 -7.373931438023235938e+13 -7.367302828299643750e+13
8.940000000000000169e-01 4.170984780331609375e+12 -7.366346634376585938e+13 -7.359868260797457812e+13
8.955000300000000024e-01 5.391168101166234375e+12 -7.356051039793475000e+13 -7.344153835095306250e+13
8.970000000000000195e-01 7.080689202566000000e+12 -7.345909453348798438e+13 -7.335646774142250000e+13
8.984999700000000367e-01 8.468067999838828125e+12 -7.335814233491668750e+13 -7.331929595113521875e+13
9.000000000000000222e-01 8.493901588353984375e+12 -7.326437512186229688e+13 -7.324223480379070312e+13
9.015000300000000077e-01 6.589567279933796875e+12 -7.318801848666957812e+13 -7.314987436902760938e+13
9.030000000000000249e-01 4.163146970030296875e+12 -7.311784206627329688e+13 -7.308335591788464062e+13
9.044999700000000420e-01 7.191565787697437500e+12 -7.299497324132412500e+13 -7.293228957162167188e+13
9.060000000000000275e-01 8.068743551673453125e+12 -7.290501583312826562e+13 -7.283260983783003125e+13
9.075000300000000131e-01 7.388834028046421875e+12 -7.281689087824473438e+13 -7.278865212141167188e+13
9.090000000000000302e-01 5.845808310683375000e+12 -7.274384063269703125e+13 -7.271333371191848438e+13
9.104999700000000473e-01 9.506306127940359375e+12 -7.261635350798946875e+13 -7.252001849877839062e+13
9.120000000000000329e-01 9.139902346197562500e+12 -7.252971673526384375e+13 -7.247814119914428125e+13
9.135000300000000184e-01 1.008954466600773438e+13 -7.242755564379351562e+13 -7.240598525950620312e+13
9.150000000000000355e-01 7.829119880447609375e+12 -7.233995969309607812e+13 -7.224821129386323438e+13
9.164999700000000527e-01 9.133008077426390625e+12 -7.224956550510860938e+13 -7.214498507512478125e+13
9.180000000000000382e-01 9.720649566608078125e+12 -7.214998825323171875e+13 -7.202995018392262500e+13
9.195000300000000237e-01 4.815086650536765625e+12 -7.210489214683650000e+13 -7.207320790990557812e+13
9.210000000000000409e-01 5.773259287094171875e+12 -7.199211708258370312e+13 -7.189158404504798438e+13
9.224999699999999470e-01 1.033038511661564062e+13 -7.184630209613354688e+13 -7.176021011614178125e+13
9.240000000000000435e-01 9.217294436244484375e+12 -7.178377443350946875e+13 -7.168246381189598438e+13
9.255000300000000291e-01 8.336667209292062500e+12 -7.170038380540126562e+13 -7.154186584350751562e+13
9.270000000000000462e-01 1.105528734736350000e+13 -7.158826904578270312e+13 -7.154388468968542188e+13
9.284999699999999523e-01 1.041701376821373438e+13 -7.149165182619578125e+13 -7.140386540297826562e+13
9.300000000000000488e-01 1.033273529623646875e+13 -7.139278379123590625e+13 -7.126138807137523438e+13
9.315000300000000344e-01 6.100839584700593750e+12 -7.134019986003964062e+13 -7.125480762156373438e+13
9.330000000000000515e-01 4.913710631391703125e+12 -7.126153743626503125e+13 -7.121429373352245312e+13
9.344999699999999576e-01 7.225549947168093750e+12 -7.113083871023685938e+13 -7.105303948771089062e+13
9.360000000000000542e-01 7.342742834843000000e+12 -7.106099492834103125e+13 -7.103071753792745312e+13
9.375000300000000397e-01 8.573342085975125000e+12 -7.094546365746831250e+13 -7.092007499032725000e+13
9.389999999999999458e-01 7.902505881672796875e+12 -7.085446964582868750e+13 -7.075427553901517188e+13
9.404999699999999629e-01 4.912582201988640625e+12 -7.079312310884782812e+13 -7.066700616661037500e+13
9.419999999999999485e-01 5.299410840471734375e+12 -7.068007033711110938e+13 -7.054080220961890625e+13
9.435000300000000450e-01 7.042479315486843750e+12 -7.059158317421300000e+13 -7.055289121324351562e+13
9.449999999999999512e-01 8.245004868346640625e+12 -7.049099713797051562e+13 -7.037699207759382812e+13
9.464999699999999683e-01 8.692437235348312500e+12 -7.039094477731078125e+13 -7.026129441391906250e+13
9.479999999999999538e-01 9.475063131901593750e+12 -7.030672634342960156e+13 -7.028663475743304688e+13
9.495000300000000504e-01 8.655535418501875000e+12 -7.021412247697992188e+13 -7.012704883916702344e+13
9.509999999999999565e-01 6.467268840640828125e+12 -7.014779348867660156e+13 -7.005564451582793750e+13
9.524999699999999736e-01 4.617054797882312500e+12 -7.008022558018357031e+13 -7.012046660813483594e+13
9.539999999999999591e-01 1.049060672591610938e+13 -6.992444082664026562e+13 -6.987651358205010156e+13
9.555000299999999447e-01 7.156673683587546875e+12 -6.988849615030718750e+13 -6.983845242957460156e+13
9.569999999999999618e-01 6.907404774605562500e+12 -6.976517563408382031e+13 -6.966948230004515625e+13
9.584999699999999789e-01 7.477449557813328125e+12 -6.966235453050764844e+13 -6.950593179584078125e+13
9.599999999999999645e-01 8.292829175242828125e+12 -6.957892831222235156e+13 -6.949439255231264062e+13
9.615000299999999500e-01 6.563599594867546875e+12 -6.950374690042124219e+13 -6.944781070813825781e+13
9.629999999999999671e-01 8.992734062440796875e+12 -6.937995125087550781e+13 -6.936728289988982031e+13
9.644999699999999843e-01 9.132142504219703125e+12 -6.926717527414563281e+13 -6.912901040717935938e+13
9.659999999999999698e-01 7.226301684594953125e+12 -6.919525939397044531e+13 -6.907344041307629688e+13
9.675000299999999553e-01 6.018413681234531250e+12 -6.912049195517535156e+13 -6.900521343256307812e+13
9.689999999999999725e-01 5.310151139507062500e+12 -6.903526150333078906e+13 -6.897408945202628125e+13
9.704999699999999896e-01 8.626899131939906250e+12 -6.890679757653966406e+13 -6.882416748669934375e+13
9.719999999999999751e-01 7.485600994301109375e+12 -6.881084310336928125e+13 -6.875364565119823438e+13
9.735000299999999607e-01 4.381513446704593750e+12 -6.875632290492864062e+13 -6.863774680308610938e+13
9.749999999999999778e-01 1.093368316281257812e+13 -6.860935707400283594e+13 -6.852967132646999219e+13
9.764999699999999949e-01 1.683585656062056250e+13 -6.842655861516647656e+13 -6.833364447097287500e+13
9.779999999999999805e-01 9.010591148233953125e+12 -6.842118166547554688e+13 -6.839492831474149219e+13
9.795000299999999660e-01 3.960717034124187500e+12 -6.837378933835139062e+13 -6.829681082889018750e+13
9.809999999999999831e-01 6.706813103939609375e+12 -6.826181424255613281e+13 -6.828016573171630469e+13
9.824999700000000002e-01 4.318428878061484375e+12 -6.819101876417125781e+13 -6.816645228279207031e+13
9.839999999999999858e-01 5.448950182325687500e+12 -6.808801612118476562e+13 -6.792912093844377344e+13
9.855000299999999713e-01 6.974337048740031250e+12 -6.797402030502270312e+13 -6.776556002811214062e+13
9.869999999999999885e-01 6.344324953511031250e+12 -6.786030289418940625e+13 -6.774852623493603906e+13
9.884999700000000056e-01 5.486504621413953125e+12 -6.776971722297781250e+13 -6.773381917882456250e+13
9.899999999999999911e-01 6.262418397061953125e+12 -6.770374738806051562e+13 -6.776611737327704688e+13
9.915000299999999767e-01 4.777725807273578125e+12 -6.759754776679464062e+13 -6.758012470797408594e+13
9.929999999999999938e-01 7.231001501666984375e+12 -6.747293062850575781e+13 -6.749291407645685938e+13
9.944999700000000109e-01 6.244119783571593750e+12 -6.737555445234107812e+13 -6.731720093293320312e+13
9.959999999999999964e-01 6.666163709784328125e+12 -6.726866770916515625e+13 -6.720175760912223438e+13
9.975000299999999820e-01 2.763665538593304688e+12 -6.722578632000364062e+13 -6.726765404711327344e+13
9.989999999999999991e-01 1.562584336061671875e+12 -6.714287928948889062e+13 -6.718984360054984375e+13
1.000499999999999945e+00 5.670843662486656250e+12 -6.699418180703839844e+13 -6.697779531660290625e+13
1.002000000000000002e+00 6.377072218453593750e+12 -6.687775982063032031e+13 -6.678266608470357812e+13
1.003500000000000059e+00 5.222558753943375000e+12 -6.680150580127870312e+13 -6.672434993700755469e+13
1.004999999999999893e+00 5.219035912340453125e+12 -6.668284422271716406e+13 -6.663587107547351562e+13
1.006499999999999950e+00 1.208962423634484375e+12 -6.662330436767517969e+13 -6.670398166113837500e+13
1.008000000000000007e+00 3.108237018345968750e+12 -6.652842793163664062e+13 -6.655125347463824219e+13
1.009500000000000064e+00 1.546960764846812500e+12 -6.642879553504827344e+13 -6.647348242521044531e+13
1.010999999999999899e+00 5.856391549257968750e+11 -6.633287608970578906e+13 -6.642054574908046875e+13
1.012499999999999956e+00 3.741945733729484375e+12 -6.619737761885799219e+13 -6.625913664515627344e+13
1.014000000000000012e+00 2.078321271193695312e+12 -6.612679918926117969e+13 -6.614695094545422656e+13
1.015500000000000069e+00 1.229088840450475781e+13 -6.583664732862531250e+13 -6.579145719681973438e+13
1.016999999999999904e+00 8.500952389683109375e+12 -6.581209794439409375e+13 -6.578932773272703125e+13
1.018499999999999961e+00 3.063840078962828125e+12 -6.574109476950209375e+13 -6.558087268665868750e+13
1.020000000000000018e+00 2.538607560521289062e+12 -6.567048644714053125e+13 -6.555036443409576562e+13
1.021500000000000075e+00 6.982142768650398438e+12 -6.548681937790964844e+13 -6.551798249044646094e+13
1.022999999999999909e+00 5.893197730719171875e+12 -6.537550469429879688e+13 -6.533729409490125781e+13
1.024499999999999966e+00 1.064779359729419531e+13 -6.524696605015689062e+13 -6.524440692333815625e+13
1.026000000000000023e+00 9.170764707915648438e+12 -6.512160874825364844e+13 -6.506506180743771875e+13
1.027500000000000080e+00 8.440593408220437500e+12 -6.500494638556989062e+13 -6.498458256099200000e+13
1.028999999999999915e+00 1.200177308438625000e+12 -6.500624848614808594e+13 -6.491110951738132031e+13
1.030499999999999972e+00 1.003376196134901562e+13 -6.471162028110804688e+13 -6.457522328183807031e+13
1.032000000000000028e+00 1.365839335267122656e+13 -6.465729248104362500e+13 -6.462037196432057812e+13
1.033500000000000085e+00 1.066003797505053125e+13 -6.453446639561725000e+13 -6.446850555405888281e+13
1.034999999999999920e+00 4.999495564777554688e+12 -6.447618907373170312e+13 -6.426777045311102344e+13
1.036499999999999977e+00 1.313346594819406250e+12 -6.447423909044684375e+13 -6.442201409489867969e+13
1.038000000000000034e+00 3.788582357450710938e+12 -6.434265099517682812e+13 -6.446686310888609375e+13
1.039500000000000091e+00 3.950992054718281250e+12 -6.421314135150290625e+13 -6.418536354886746094e+13
1.040999999999999925e+00 3.196439877528648438e+12 -6.410200492512468750e+13 -6.405309854733702344e+13
1.042499999999999982e+00 3.629329848883484375e+12 -6.397342109406335938e+13 -6.373095161224474219e+13
1.044000000000000039e+00 9.723959649261218750e+12 -6.376791203737096875e+13 -6.352699940679032031e+13
1.045500000000000096e+00 4.741479022062125000e+12 -6.373567994331167969e+13 -6.366076889021742969e+13
1.046999999999999931e+00 5.664650120883812500e+12 -6.362317601106981250e+13 -6.373641632087217188e+13
1.048499999999999988e+00 4.870197078422203125e+12 -6.352494507026785156e+13 -6.365608916930681250e+13
1.050000000000000044e+00 5.058764294448328125e+12 -6.339734477987635938e+13 -6.356140344909484375e+13
1.051500000000000101e+00 1.693942421269448438e+13 -6.303186224992764062e+13 -6.301534216482510938e+13
1.052999999999999936e+00 8.300455369607117188e+12 -6.306609431417576562e+13 -6.305172878495539062e+13
1.054499999999999993e+00 7.430894393682492188e+12 -6.290895860419926562e+13 -6.271833247899020312e+13
1.056000000000000050e+00 7.367500929521960938e+12 -6.286447216567800781e+13 -6.283896799700589844e+13
1.057500000000000107e+00 5.178578747813710938e+12 -6.267672754835012500e+13 -6.238914156958178125e+13
1.058999999999999941e+00 8.152608789804343750e+12 -6.255428282746352344e+13 -6.239660346138525781e+13
1.060499999999999998e+00 1.237574891676017188e+13 -6.230762688628296094e+13 -6.225810912880643750e+13
1.062000000000000055e+00 8.181076224468335938e+12 -6.226288741301692969e+13 -6.247141922093031250e+13
1.063499999999999890e+00 6.526235517812453125e+12 -6.215657928839055469e+13 -6.207728128097007812e+13
1.064999999999999947e+00 7.271871611778171875e+12 -6.195501494463013281e+13 -6.185813608941228125e+13
1.066500000000000004e+00 1.029171108223123438e+13 -6.184627080269641406e+13 -6.176211352594576562e+13
1.068000000000000060e+00 6.581458480745687500e+12 -6.172171162913503906e+13 -6.149709355061271875e+13
1.069499999999999895e+00 -3.983489151980757812e+12 -6.183266723247748438e+13 -6.197208831008455469e+13
1.070999999999999952e+00 5.292846294700437500e+12 -6.149433340026698438e+13 -6.139938840674904688e+13
1.072500000000000009e+00 9.821017627405335938e+12 -6.127841383252650000e+13 -6.119979978772421875e+13
1.074000000000000066e+00 9.793392599421796875e+12 -6.115023066131156250e+13 -6.090858546910785938e+13
1.075499999999999901e+00 3.228219355337453125e+12 -6.118746775672175000e+13 -6.110550795445495312e+13
1.076999899999999899e+00 8.275824635095578125e+12 -6.093421111051478125e+13 -6.098779435357540625e+13
1.078500000000000014e+00 7.469434301738335938e+12 -6.077801946850044531e+13 -6.080014526998617188e+13
1.080000000000000071e+00 -1.125075152608765625e+12 -6.087530303086965625e+13 -6.096396697118360938e+13
1.081499999999999906e+00 8.349851365354656250e+12 -6.056214835313045312e+13 -6.059910589766673438e+13
1.083000100000000021e+00 8.563724123035750000e+12 -6.031214633784874219e+13 -6.065572657524353906e+13
1.084500000000000020e+00 -3.250926963596273438e+12 -6.048217059075544531e+13 -6.083628271638978125e+13
1.086000000000000076e+00 -1.876517436373507812e+12 -6.034074474617028906e+13 -6.034530085027966406e+13
1.087499999999999911e+00 1.883688112324781250e+12 -6.005537751235895312e+13 -5.978729698613459375e+13
1.088999899999999910e+00 7.566909031330101562e+12 -5.975470676699142188e+13 -5.951388670594383594e+13
1.090500000000000025e+00 1.069142546964481250e+13 -5.944786280134118750e+13 -5.933648313915350781e+13
1.092000000000000082e+00 2.649402052396125000e+12 -5.944741573168051562e+13 -5.965392699914938281e+13
1.093499999999999917e+00 5.958889002219914062e+12 -5.930369467742368750e+13 -5.924953729287272656e+13
1.095000100000000032e+00 1.718557771138908594e+13 -5.882621317862881250e+13 -5.850113338318829688e+13
1.096500000000000030e+00 1.597361034762088281e+13 -5.857718968440027344e+13 -5.785673910166632031e+13
1.098000000000000087e+00 5.339323394224343750e+12 -5.872689963468705469e+13 -5.849632681056482031e+13
1.099499999999999922e+00 5.246966892414195312e+12 -5.841673624624196094e+13 -5.797707325161369531e+13
1.100999899999999920e+00 -1.727502790314875000e+12 -5.856378314651139844e+13 -5.858822087208550000e+13
1.102500000000000036e+00 -4.430128791438593750e+11 -5.830460642749275000e+13 -5.830127329314638281e+13
1.104000000000000092e+00 -7.929534501510898438e+12 -5.822689028468746094e+13 -5.870913884107725000e+13
1.105499999999999927e+00 -9.200489430507156250e+12 -5.814101001774520312e+13 -5.850677685797812500e+13
1.107000100000000042e+00 1.198628460605992188e+12 -5.761854712333209375e+13 -5.761104499383282031e+13
1.108500000000000041e+00 1.573944171573585938e+13 -5.683896412745893750e+13 -5.696156490013690625e+13
1.110000000000000098e+00 1.492377302227956250e+13 -5.649316288950826562e+13 -5.664747230381225000e+13
1.111499999999999932e+00 8.981876853130531250e+12 -5.627099502018239062e+13 -5.546326777781869531e+13
1.112999899999999931e+00 7.688738136882710938e+12 -5.605141944144629688e+13 -5.513635803587530469e+13
1.114500000000000046e+00 1.124825178498599219e+13 -5.547060212723846875e+13 -5.495802190102706250e+13
1.116000000000000103e+00 -4.003184691153156250e+12 -5.583429519302412500e+13 -5.593218516000544531e+13
1.117499999999999938e+00 8.575141877991015625e+12 -5.505732177826356250e+13 -5.512036604837436719e+13
1.119000100000000053e+00 1.361770190603991406e+13 -5.428361418306775781e+13 -5.403066246394098438e+13
1.120500000000000052e+00 1.354885356816518750e+13 -5.379648674955521094e+13 -5.291793224320268750e+13
1.122000000000000108e+00 2.751763134807563281e+13 -5.262524726067429688e+13 -5.196347145570503125e+13
1.123499999999999943e+00 1.582166514896078906e+13 -5.292673075332969531e+13 -5.170279553216419531e+13
1.124999899999999942e+00 8.176408337262476562e+12 -5.292645186975032812e+13 -5.228643768930828906e+13
1.126500000000000057e+00 1.122664062650113281e+13 -5.250052124131162500e+13 -5.253872531876478906e+13
1.127999999999999892e+00 9.436524684421203125e+12 -5.185025814090941406e+13 -5.113795788479150781e+13
1.129499999999999948e+00 3.604748228347171875e+12 -5.185543447439115625e+13 -5.034882093240704688e+13
1.131000100000000064e+00 1.072396704486718750e+11 -5.191404883593718750e+13 -5.124640622642442188e+13
1.132500000000000062e+00 1.798105205504562500e+13 -5.055591208832280469e+13 -5.300537851355801562e+13
1.133999999999999897e+00 9.836028890357710938e+12 -5.018215559718440625e+13 -5.097474246125889062e+13
1.135499999999999954e+00 1.442141490512780469e+13 -4.934045822334721094e+13 -4.931218727756287500e+13
1.136999899999999952e+00 2.375151217800625781e+13 -4.831064431930279688e+13 -4.988034210460517188e+13
1.138500000000000068e+00 1.581533866021346094e+13 -4.764847172220290625e+13 -4.978914259517611719e+13
1.139999999999999902e+00 -1.082068966723310156e+13 -4.921338722174556250e+13 -5.179958621080810938e+13
1.141499999999999959e+00 1.711964536091114844e+13 -4.549801532174443750e+13 -4.232701924755911719e+13
1.143000100000000074e+00 4.174637237635720312e+13 -4.233986356921833594e+13 -3.774295523043657812e+13
1.144500000000000073e+00 -1.528575067404226562e+12 -4.400329596349894531e+13 -4.267902357351429688e+13
1.145999999999999908e+00 -2.935952776892273438e+12 -4.179810704063631250e+13 -4.067703950270757031e+13
1.147499999999999964e+00 -2.344491842614850781e+13 -4.250987253547059375e+13 -4.086184241128588281e+13
1.148999899999999963e+00 3.195007180300914062e+12 -3.594305268060596875e+13 -3.346827984888293359e+13
1.150500000000000078e+00 -2.820776539369458594e+13 -3.413659152435122266e+13 -3.831102724118078906e+13
