0.000000000000000000e+00 -inf -inf -inf
1.500000000000000031e-03 -5.187569381924624270e+38 -5.187569381924624270e+38 -5.187569381924624270e+38
3.000000000000000062e-03 -9.894503368233994132e+32 -9.894503368233994132e+32 -9.894503368233994132e+32
4.499999999999999660e-03 -4.463341106308694572e+29 -4.463341106308694572e+29 -4.463341106308694572e+29
6.000000000000000125e-03 -1.887226747545929798e+27 -1.887226747545919628e+27 -1.887226747545929798e+27
7.499999999999999722e-03 -2.719780390069973760e+25 -2.719780390069068811e+25 -2.719780390069957440e+25
8.999999999999999320e-03 -8.513148186704054583e+23 -8.513148186648703192e+23 -8.513148186710282286e+23
1.050000000000000065e-02 -4.550943722094323774e+22 -4.550943721444630279e+22 -4.550943722082786083e+22
1.200000000000000025e-02 -3.599617348411353727e+21 -3.599617341171680412e+21 -3.599617348364272665e+21
1.349999999999999985e-02 -3.840329143098464666e+20 -3.840329075397119181e+20 -3.840329142057295544e+20
1.499999999999999944e-02 -5.188254258803893043e+19 -5.188253866461930291e+19 -5.188254351963979776e+19
1.650000000000000078e-02 -8.486641767424353280e+18 -8.486637581765960704e+18 -8.486642389219796992e+18
1.799999999999999864e-02 -1.626896878004014848e+18 -1.626894471394785536e+18 -1.626898668431035136e+18
1.949999999999999997e-02 -3.570861108733886720e+17 -3.570890994069694720e+17 -3.570843189553577600e+17
2.100000000000000130e-02 -8.811818320978283200e+16 -8.844442823366552000e+16 -8.832236192117995200e+16
2.249999999999999917e-02 -2.192414085962656800e+16 -2.460596187265842800e+16 -2.417080081461035600e+16
2.400000000000000050e-02 -1.967095828063448000e+15 -7.754014838532409000e+15 -7.065951740483435000e+15
2.549999999999999836e-02 8.665917933791437000e+15 -2.788561893543715000e+15 -2.353225269566551500e+15
2.699999999999999969e-02 9.508868677593692000e+15 -1.229139692234899250e+15 -1.051354157290269125e+15
2.850000000000000103e-02 8.130967361676476000e+15 -6.835926722201358750e+14 -5.871486995821303750e+14
2.999999999999999889e-02 7.663949981269622000e+15 -4.530571404627713125e+14 -4.116862276759390000e+14
3.150000000000000022e-02 7.262989378640031000e+15 -3.372096206901354375e+14 -2.940278487112115625e+14
3.300000000000000155e-02 6.844336726430042000e+15 -2.712143111042691875e+14 -2.252744066638543438e+14
3.450000000000000289e-02 6.662117765303003000e+15 -2.276266057419115625e+14 -1.959525885930015000e+14
3.599999999999999728e-02 6.450309683140607000e+15 -1.972305750087012500e+14 -1.704245324723845625e+14
3.749999999999999861e-02 6.076837208876664000e+15 -1.755194683611783125e+14 -1.526964441693665000e+14
3.899999999999999994e-02 5.898763493261195000e+15 -1.581993033586588438e+14 -1.381152485933698906e+14
4.050000000000000128e-02 5.670765831585798000e+15 -1.454069839426241562e+14 -1.268260066406334062e+14
4.200000000000000261e-02 5.323891129095378000e+15 -1.347046703424536250e+14 -1.181115312974001875e+14
4.349999999999999700e-02 5.003261949969622000e+15 -1.264750752226737812e+14 -1.067877459408073750e+14
4.499999999999999833e-02 4.896142983017774000e+15 -1.193281080159942969e+14 -1.010252880133665938e+14
4.649999999999999967e-02 4.722105456835966000e+15 -1.136944619449022188e+14 -1.007345558645743125e+14
4.800000000000000100e-02 4.506064536110802000e+15 -1.092963714056188438e+14 -9.414973106786762500e+13
4.950000000000000233e-02 4.169123714430352000e+15 -1.061708163298426719e+14 -9.319744356095787500e+13
5.099999999999999672e-02 3.946208824984323000e+15 -1.033168168616704375e+14 -8.860316360402156250e+13
5.249999999999999806e-02 3.736376905167165000e+15 -1.014898635162867344e+14 -8.697172006590450000e+13
5.399999999999999939e-02 3.586474115508248000e+15 -9.944309449386335938e+13 -8.914602562749140625e+13
5.550000000000000072e-02 3.287788488167900000e+15 -9.840699754391054688e+13 -8.815607270201096875e+13
5.700000000000000205e-02 3.043955200051177000e+15 -9.746021483244596875e+13 -8.987013700657534375e+13
5.850000000000000339e-02 2.882742101002680000e+15 -9.648504198364401562e+13 -9.022532291293664062e+13
5.999999999999999778e-02 2.668959919631953500e+15 -9.604933465231559375e+13 -8.746287042389550000e+13
6.149999999999999911e-02 2.479120151470600000e+15 -9.559770497243200000e+13 -8.803630123267537500e+13
6.300000000000000044e-02 2.338416511606198000e+15 -9.514956787085096875e+13 -8.909547719266020312e+13
6.450000000000000178e-02 2.175070318798978000e+15 -9.510798982442514062e+13 -8.663866731284223438e+13
6.600000000000000311e-02 2.040020229346525250e+15 -9.492076870140790625e+13 -8.815561172807232812e+13
6.750000000000000444e-02 1.869066976071885750e+15 -9.519052071319292188e+13 -8.820370711216968750e+13
6.900000000000000577e-02 1.722609628479127500e+15 -9.528282938536051562e+13 -8.895234535165359375e+13
7.049999999999999323e-02 1.564425909469383250e+15 -9.549506158632203125e+13 -8.798676756378235938e+13
7.199999999999999456e-02 1.402023172795544500e+15 -9.586294186515076562e+13 -9.037102991816173438e+13
7.349999999999999589e-02 1.284421272677217000e+15 -9.606130346769282812e+13 -9.055874081937648438e+13
7.499999999999999722e-02 1.171593885731395250e+15 -9.629605201411532812e+13 -9.129925274672931250e+13
7.649999999999999856e-02 1.040997261675668875e+15 -9.674758018296687500e+13 -9.239082247452300000e+13
7.799999999999999989e-02 9.543827906795606250e+14 -9.700446562623629688e+13 -9.267478279893101562e+13
7.950000000000000122e-02 8.890781258360690000e+14 -9.707625113381743750e+13 -9.335177702139159375e+13
8.100000000000000255e-02 7.908748560633080000e+14 -9.750034390519375000e+13 -9.416287168333287500e+13
8.250000000000000389e-02 7.141583208193701250e+14 -9.781345859692343750e+13 -9.528202434393584375e+13
8.400000000000000522e-02 6.540106454411218750e+14 -9.803071935990332812e+13 -9.581663007003518750e+13
8.550000000000000655e-02 6.055292691213438750e+14 -9.802686254800495312e+13 -9.589389810598189062e+13
8.699999999999999400e-02 5.109888752459953750e+14 -9.842735325636382812e+13 -9.595668631659790625e+13
8.849999999999999534e-02 4.604283926317776250e+14 -9.854615418839200000e+13 -9.681332408650876562e+13
8.999999999999999667e-02 4.243954957920546250e+14 -9.866715726345159375e+13 -9.662717829667081250e+13
9.149999999999999800e-02 3.756459536824260000e+14 -9.889110921733431250e+13 -9.696201417566956250e+13
9.299999999999999933e-02 3.388772821267660625e+14 -9.902308568119573438e+13 -9.760752855249735938e+13
9.450000000000000067e-02 3.093308589826341875e+14 -9.917225410827826562e+13 -9.717647200964395312e+13
9.600000000000000200e-02 3.047160229821310000e+14 -9.902481805050968750e+13 -9.703895970722303125e+13
9.750000000000000333e-02 2.713692160917630625e+14 -9.928508128715557812e+13 -9.770607101198226562e+13
9.900000000000000466e-02 2.547855876670295000e+14 -9.926901063165903125e+13 -9.769444735376762500e+13
1.005000000000000060e-01 2.339029996439466250e+14 -9.938789796311187500e+13 -9.760945728598050000e+13
1.019999999999999934e-01 2.339240947225106250e+14 -9.924924713036201562e+13 -9.789494105677379688e+13
1.034999999999999948e-01 2.288972436810551875e+14 -9.925548947148971875e+13 -9.833010590344323438e+13
1.049999999999999961e-01 2.332552049350060000e+14 -9.907180229743518750e+13 -9.797576792260221875e+13
1.064999999999999974e-01 2.083298807847039688e+14 -9.929478977762257812e+13 -9.779462409768381250e+13
1.079999999999999988e-01 2.024748482518328750e+14 -9.925137634671970312e+13 -9.798762827825150000e+13
1.095000000000000001e-01 2.118982145342727500e+14 -9.911807477454929688e+13 -9.784317074206475000e+13
1.110000000000000014e-01 2.232611052862062500e+14 -9.887733981354120312e+13 -9.779427314941164062e+13
1.125000000000000028e-01 2.055522727749788125e+14 -9.919622563933295312e+13 -9.814012739503659375e+13
1.140000000000000041e-01 2.168939864205744688e+14 -9.911665887819765625e+13 -9.796810632248854688e+13
1.155000000000000054e-01 2.297247651332315625e+14 -9.896488323516442188e+13 -9.758503806570875000e+13
1.170000000000000068e-01 2.408214647316788750e+14 -9.884142672435721875e+13 -9.743887463447645312e+13
1.184999999999999942e-01 2.408813627326285000e+14 -9.887482748818000000e+13 -9.788414352642773438e+13
1.199999999999999956e-01 2.497658621553578125e+14 -9.881861943471157812e+13 -9.775383802351700000e+13
1.214999999999999969e-01 2.661483151359529375e+14 -9.866317497614765625e+13 -9.686009393463378125e+13
1.229999999999999982e-01 2.759779656187055938e+14 -9.856475533067339062e+13 -9.717242428790718750e+13
1.244999999999999996e-01 2.786282001806710000e+14 -9.859093570331571875e+13 -9.720664258433034375e+13
1.260000000000000009e-01 3.058992834127690000e+14 -9.831875051924995312e+13 -9.681830411665621875e+13
1.275000000000000022e-01 2.994939857597851250e+14 -9.840245184825507812e+13 -9.716531663028709375e+13
1.290000000000000036e-01 3.022347162272491250e+14 -9.836717111298403125e+13 -9.703801733220204688e+13
1.305000000000000049e-01 3.171801358462403750e+14 -9.822884159234681250e+13 -9.682433244276289062e+13
1.320000000000000062e-01 3.267096333517792500e+14 -9.814371465107053125e+13 -9.660050756048032812e+13
1.335000000000000075e-01 3.347961776607636875e+14 -9.810583852542904688e+13 -9.656855974881703125e+13
1.350000000000000089e-01 3.438514419609200625e+14 -9.805568068230603125e+13 -9.649925601118657812e+13
1.365000000000000102e-01 3.556011488252664375e+14 -9.794672529087996875e+13 -9.623528115125706250e+13
1.380000000000000115e-01 3.543843012535944375e+14 -9.798365116897134375e+13 -9.656656111174525000e+13
1.395000000000000129e-01 3.652497080887778750e+14 -9.786788230426751562e+13 -9.662219532959935938e+13
1.409999999999999865e-01 3.726192997349012500e+14 -9.782548047831675000e+13 -9.630097115441368750e+13
1.424999999999999878e-01 3.758352765608180625e+14 -9.782230111543265625e+13 -9.627572154399159375e+13
1.439999999999999891e-01 3.652631458387586875e+14 -9.791453539066282812e+13 -9.643820561615501562e+13
1.454999999999999905e-01 3.784489561757195000e+14 -9.781795095768478125e+13 -9.639363848170404688e+13
1.469999999999999918e-01 3.778467365601135000e+14 -9.779840855379678125e+13 -9.637520278022310938e+13
1.484999999999999931e-01 3.660983786483262500e+14 -9.788575801540929688e+13 -9.644327036634062500e+13
1.499999999999999944e-01 3.760781909470043750e+14 -9.783982174458079688e+13 -9.668921823753425000e+13
1.514999999999999958e-01 3.814757059231135000e+14 -9.778964692905114062e+13 -9.657033740922409375e+13
1.529999999999999971e-01 3.741429039227628750e+14 -9.784516375076064062e+13 -9.676297924900407812e+13
1.544999999999999984e-01 3.783542958138058750e+14 -9.778931636784987500e+13 -9.650827776451106250e+13
1.559999999999999998e-01 3.846894627987440625e+14 -9.773979720929115625e+13 -9.624571277432918750e+13
1.575000000000000011e-01 3.839452103689113125e+14 -9.777582389920218750e+13 -9.633213527519306250e+13
1.590000000000000024e-01 3.770382601231368750e+14 -9.781812612979698438e+13 -9.661668001712423438e+13
1.605000000000000038e-01 3.723523065845655625e+14 -9.782969189381010938e+13 -9.664101256755242188e+13
1.620000000000000051e-01 3.716890292677498125e+14 -9.782867218586678125e+13 -9.682726572330217188e+13
1.635000000000000064e-01 3.594625179145548125e+14 -9.791760115058656250e+13 -9.694189642781568750e+13
1.650000000000000078e-01 3.591015390156382500e+14 -9.790521320490818750e+13 -9.670386745915481250e+13
1.665000000000000091e-01 3.495274423124241875e+14 -9.796539325805942188e+13 -9.688505630750764062e+13
1.680000000000000104e-01 3.409837300780063750e+14 -9.799198604466987500e+13 -9.721037361307273438e+13
1.695000000000000118e-01 3.438636347029972500e+14 -9.795792885522254688e+13 -9.715208876344459375e+13
1.710000000000000131e-01 3.327871033436237500e+14 -9.803895662030506250e+13 -9.698331907350012500e+13
1.724999999999999867e-01 3.229227173859150625e+14 -9.809812989417739062e+13 -9.726007049768146875e+13
1.739999999999999880e-01 3.234895270931772500e+14 -9.807927347850351562e+13 -9.731430919540301562e+13
1.754999999999999893e-01 3.234816952369853125e+14 -9.805606910265907812e+13 -9.685074848408898438e+13
1.769999999999999907e-01 3.130738471918510625e+14 -9.812397560908221875e+13 -9.724113733057712500e+13
1.784999999999999920e-01 3.049779325659588750e+14 -9.816519775107382812e+13 -9.728534553125751562e+13
1.799999999999999933e-01 2.900044099892698750e+14 -9.827170298920685938e+13 -9.729794770815665625e+13
1.814999999999999947e-01 2.890974289086652500e+14 -9.823137213915100000e+13 -9.711816949806646875e+13
1.829999999999999960e-01 2.850131631193798750e+14 -9.824721933386023438e+13 -9.712479264912029688e+13
1.844999999999999973e-01 2.792880932972312500e+14 -9.827641067938465625e+13 -9.723250368292581250e+13
1.859999999999999987e-01 2.789476273067963125e+14 -9.825781087331431250e+13 -9.739281638565859375e+13
1.875000000000000000e-01 2.694005567229650000e+14 -9.833151704195373438e+13 -9.749344374263976562e+13
1.890000000000000013e-01 2.612695567877656562e+14 -9.836301456796464062e+13 -9.744378156853565625e+13
1.905000000000000027e-01 2.540390119528116250e+14 -9.837707619931965625e+13 -9.742093826458912500e+13
1.920000000000000040e-01 2.410852649776676250e+14 -9.844491893789770312e+13 -9.746106659239806250e+13
1.935000000000000053e-01 2.322536888726728125e+14 -9.848221415648393750e+13 -9.768985922687040625e+13
1.950000000000000067e-01 2.192617527364575938e+14 -9.856816124528315625e+13 -9.783720496919064062e+13
1.965000000000000080e-01 2.118965131383830625e+14 -9.860355863212970312e+13 -9.779601858755781250e+13
1.980000000000000093e-01 2.154818788867987500e+14 -9.852284211234328125e+13 -9.752951033032506250e+13
1.995000000000000107e-01 2.027444494463590625e+14 -9.859913760380035938e+13 -9.777192564302970312e+13
2.010000000000000120e-01 1.928267913704037500e+14 -9.866539954838751562e+13 -9.805177448644676562e+13
2.025000000000000133e-01 1.967094692467175625e+14 -9.858589563806665625e+13 -9.791519646081815625e+13
2.039999999999999869e-01 1.875472503603605625e+14 -9.864567500953773438e+13 -9.787538309037882812e+13
2.054999999999999882e-01 1.890824953980105625e+14 -9.859836593317731250e+13 -9.773909293127503125e+13
2.069999999999999896e-01 1.761705333715806250e+14 -9.868557003089215625e+13 -9.796352050948412500e+13
2.084999999999999909e-01 1.743975428852667500e+14 -9.864950393022254688e+13 -9.806372526059765625e+13
2.099999999999999922e-01 1.630444242091206875e+14 -9.871745913049468750e+13 -9.801158848986156250e+13
2.114999999999999936e-01 1.564506042026358125e+14 -9.871469307075953125e+13 -9.812626467637304688e+13
2.129999999999999949e-01 1.565783638769888125e+14 -9.864318381735693750e+13 -9.815932461194621875e+13
2.144999999999999962e-01 1.536525965760230000e+14 -9.861253628483584375e+13 -9.816092209483401562e+13
2.159999999999999976e-01 1.479559892215745625e+14 -9.859542441900371875e+13 -9.796006582435128125e+13
2.174999999999999989e-01 1.342202713581659062e+14 -9.865931174121154688e+13 -9.819566094841687500e+13
2.190000000000000002e-01 1.226710822561025625e+14 -9.870657776931110938e+13 -9.831480759305248438e+13
2.205000000000000016e-01 1.315580248690204062e+14 -9.857597106244009375e+13 -9.793839525398226562e+13
2.220000000000000029e-01 1.324473815156727344e+14 -9.853017437654476562e+13 -9.805490558909537500e+13
2.235000000000000042e-01 1.293743423000359219e+14 -9.850433658208767188e+13 -9.810500784359676562e+13
2.250000000000000056e-01 1.200891092851895469e+14 -9.855795842815270312e+13 -9.798467991555553125e+13
2.265000000000000069e-01 1.179524065643727344e+14 -9.852425946511801562e+13 -9.803304509760764062e+13
2.280000000000000082e-01 1.200355404203364531e+14 -9.845289213956032812e+13 -9.784336402860579688e+13
2.295000000000000095e-01 1.106996893617921875e+14 -9.850604526735804688e+13 -9.801653180488942188e+13
2.310000000000000109e-01 1.083856668874911250e+14 -9.846054583335928125e+13 -9.787559695247773438e+13
2.325000000000000122e-01 1.066664300181455312e+14 -9.845111678050339062e+13 -9.788802503409953125e+13
2.340000000000000135e-01 9.418389179634701562e+13 -9.853016350672034375e+13 -9.797619505615339062e+13
2.354999999999999871e-01 9.186215634423801562e+13 -9.849221326390587500e+13 -9.793787610298612500e+13
2.369999999999999885e-01 9.578045858168134375e+13 -9.841236272669593750e+13 -9.800672287060642188e+13
2.384999999999999898e-01 8.988814836436675000e+13 -9.847993362717684375e+13 -9.808994739196915625e+13
2.399999999999999911e-01 8.634949912215418750e+13 -9.849937281946731250e+13 -9.817128097799154688e+13
2.414999999999999925e-01 8.273920123084748438e+13 -9.850963139072762500e+13 -9.809257236932654688e+13
2.429999999999999938e-01 7.940577622020218750e+13 -9.853386327323367188e+13 -9.816174711091496875e+13
2.444999999999999951e-01 7.638793554154028125e+13 -9.850991000823885938e+13 -9.812750118977014062e+13
2.459999999999999964e-01 7.601574069391359375e+13 -9.847369262549626562e+13 -9.806756274268270312e+13
2.474999999999999978e-01 7.415704045695642188e+13 -9.848691146351512500e+13 -9.806408886700731250e+13
2.489999999999999991e-01 7.411118736371153125e+13 -9.844417275292217188e+13 -9.802255494034606250e+13
2.505000000000000004e-01 6.813387608251845312e+13 -9.846650387954290625e+13 -9.798324001946423438e+13
2.520000000000000018e-01 6.354442841578178125e+13 -9.848173757524660938e+13 -9.807316650994228125e+13
2.535000000000000031e-01 6.564984938053401562e+13 -9.841417777814135938e+13 -9.812225687935367188e+13
2.550000000000000044e-01 6.185476891050265625e+13 -9.844096550043131250e+13 -9.809737087412714062e+13
2.565000000000000058e-01 5.793729178315479688e+13 -9.841941584679251562e+13 -9.797950782959278125e+13
2.580000000000000071e-01 5.949900836790840625e+13 -9.837486694576125000e+13 -9.788143079365600000e+13
2.595000000000000084e-01 5.991479564082484375e+13 -9.832838765636603125e+13 -9.791234811147243750e+13
2.610000000000000098e-01 5.679421274658450000e+13 -9.831313204169089062e+13 -9.794974627776185938e+13
2.625000000000000111e-01 5.426978867768353125e+13 -9.831908499751815625e+13 -9.796732579847415625e+13
2.640000000000000124e-01 5.594647472888926562e+13 -9.825211654712787500e+13 -9.799856628347392188e+13
2.655000000000000138e-01 4.973252539909348438e+13 -9.827786690173071875e+13 -9.797256387399187500e+13
2.670000000000000151e-01 4.894165256606498438e+13 -9.822602060882020312e+13 -9.780876866201240625e+13
2.685000000000000164e-01 4.340205937015557812e+13 -9.824661250243521875e+13 -9.789251458276503125e+13
2.700000000000000178e-01 4.211383979634437500e+13 -9.822340286488773438e+13 -9.788847902626023438e+13
2.715000000000000191e-01 4.546802292470976562e+13 -9.814351812449114062e+13 -9.783791285329678125e+13
2.730000000000000204e-01 4.528398293908981250e+13 -9.810679716671537500e+13 -9.771726591551223438e+13
2.745000000000000218e-01 4.316652773357729688e+13 -9.808461057809770312e+13 -9.778492733604598438e+13
2.760000000000000231e-01 4.327911886389051562e+13 -9.804257815390798438e+13 -9.767990962303093750e+13
2.775000000000000244e-01 4.611818962341725000e+13 -9.797365417606623438e+13 -9.758918221748810938e+13
2.790000000000000258e-01 4.030219783586215625e+13 -9.799690503001321875e+13 -9.769031627727865625e+13
2.805000000000000271e-01 3.817427276350190625e+13 -9.795402257050450000e+13 -9.762459986748673438e+13
2.819999999999999729e-01 3.419647039276520312e+13 -9.795348975147557812e+13 -9.764095002126490625e+13
2.834999999999999742e-01 3.226279270642820312e+13 -9.793117444265270312e+13 -9.765079364464871875e+13
2.849999999999999756e-01 3.217488623037718750e+13 -9.787237666854395312e+13 -9.754440728613682812e+13
2.864999999999999769e-01 3.023813202415350000e+13 -9.786119713373959375e+13 -9.756060754222043750e+13
2.879999999999999782e-01 3.032108985975440625e+13 -9.780507211788348438e+13 -9.745735235405784375e+13
2.894999999999999796e-01 3.084334611350085938e+13 -9.775928315068256250e+13 -9.745623409351465625e+13
2.909999999999999809e-01 3.158976292368864062e+13 -9.771238853541506250e+13 -9.740231588883564062e+13
2.924999999999999822e-01 3.004996904012521875e+13 -9.767258955859382812e+13 -9.725966214999929688e+13
2.939999999999999836e-01 3.058386880710882812e+13 -9.761876571646398438e+13 -9.723094317873465625e+13
2.954999999999999849e-01 3.235806219059967188e+13 -9.756631427088423438e+13 -9.725550401314965625e+13
2.969999999999999862e-01 3.137500678171642188e+13 -9.752734743297289062e+13 -9.725289380624971875e+13
2.984999999999999876e-01 2.603702271201148438e+13 -9.751998096867676562e+13 -9.723423139750890625e+13
2.999999999999999889e-01 2.558715628741142188e+13 -9.749516442868137500e+13 -9.728210697963490625e+13
3.014999999999999902e-01 2.743561109093892188e+13 -9.742275520858856250e+13 -9.720042991248732812e+13
3.029999999999999916e-01 2.581807073594512500e+13 -9.737687213841967188e+13 -9.705933824933434375e+13
3.044999999999999929e-01 2.356507045139937500e+13 -9.736310345099221875e+13 -9.705683903386240625e+13
3.059999999999999942e-01 2.267961925258154688e+13 -9.731221051899821875e+13 -9.705425915640690625e+13
3.074999999999999956e-01 2.105368569916101562e+13 -9.728580614493432812e+13 -9.714126140236254688e+13
3.089999999999999969e-01 1.721817186378231250e+13 -9.726688765729915625e+13 -9.698795484731804688e+13
3.104999999999999982e-01 1.898520785004154688e+13 -9.720304629741817188e+13 -9.688187463124156250e+13
3.119999999999999996e-01 2.266080678801146875e+13 -9.711666838255239062e+13 -9.680629863465562500e+13
3.135000000000000009e-01 2.127804893372440625e+13 -9.708413954651965625e+13 -9.680103722426906250e+13
3.150000000000000022e-01 1.922129981262043750e+13 -9.706699120512918750e+13 -9.686954509716171875e+13
3.165000000000000036e-01 2.057446028468528125e+13 -9.698631567520735938e+13 -9.678219849996835938e+13
3.180000000000000049e-01 1.600732957763314062e+13 -9.697641356725357812e+13 -9.668324636652959375e+13
3.195000000000000062e-01 1.736690026539432812e+13 -9.692146066225204688e+13 -9.672328646560754688e+13
3.210000000000000075e-01 1.841046178052451562e+13 -9.685536133845450000e+13 -9.662633488405089062e+13
3.225000000000000089e-01 2.024159260230229688e+13 -9.679919796513871875e+13 -9.654896038117304688e+13
3.240000000000000102e-01 1.841781996788450000e+13 -9.677104476832593750e+13 -9.652426289166990625e+13
3.255000000000000115e-01 1.861377085046659375e+13 -9.670630563535156250e+13 -9.648220439708100000e+13
3.270000000000000129e-01 1.916839120218896875e+13 -9.666013838372918750e+13 -9.644672898389142188e+13
3.285000000000000142e-01 2.194285640553918750e+13 -9.658659764051981250e+13 -9.636194752661043750e+13
3.300000000000000155e-01 1.859430948561895312e+13 -9.655733055047467188e+13 -9.631231395081246875e+13
3.315000000000000169e-01 1.835640929897740625e+13 -9.650044528646057812e+13 -9.629571086418984375e+13
3.330000000000000182e-01 1.804563844691120312e+13 -9.645469722401943750e+13 -9.620351386752692188e+13
3.345000000000000195e-01 1.546418361112285938e+13 -9.642864215777328125e+13 -9.627113789382928125e+13
3.360000000000000209e-01 1.270626565375832812e+13 -9.639947379712570312e+13 -9.616622412367600000e+13
3.375000000000000222e-01 1.710429685253390625e+13 -9.629702714555485938e+13 -9.601474585136775000e+13
3.390000000000000235e-01 1.335074254748884375e+13 -9.628884511949346875e+13 -9.608876795082153125e+13
3.405000000000000249e-01 1.536118599458800000e+13 -9.621824740140662500e+13 -9.603014341582326562e+13
3.420000000000000262e-01 1.676010462835823438e+13 -9.616805447859690625e+13 -9.601826437417767188e+13
3.435000000000000275e-01 1.517518187618445312e+13 -9.610464464803296875e+13 -9.590789863265685938e+13
3.449999999999999734e-01 1.179858564201917188e+13 -9.607912874571398438e+13 -9.588877935978998438e+13
3.464999999999999747e-01 1.197882841156460938e+13 -9.603031560007564062e+13 -9.584029683459195312e+13
3.479999999999999760e-01 1.331990548064815625e+13 -9.596635101660217188e+13 -9.573728475824001562e+13
3.494999999999999774e-01 1.425849952604062500e+13 -9.589550174099595312e+13 -9.570124280645512500e+13
3.509999999999999787e-01 1.013586125192481250e+13 -9.588385862927209375e+13 -9.570256569138860938e+13
3.524999999999999800e-01 1.465799746278257812e+13 -9.579341422122810938e+13 -9.566195145909715625e+13
3.539999999999999813e-01 1.226926909074604688e+13 -9.576651500568185938e+13 -9.559166821413671875e+13
3.554999999999999827e-01 1.285040443714148438e+13 -9.569363869128234375e+13 -9.554924268981879688e+13
3.569999999999999840e-01 1.188178330755323438e+13 -9.564547722243657812e+13 -9.548321857561698438e+13
3.584999999999999853e-01 9.755849189756406250e+12 -9.560590306743803125e+13 -9.547167783440456250e+13
3.599999999999999867e-01 8.835819543672531250e+12 -9.555540288626040625e+13 -9.539129497418996875e+13
3.614999999999999880e-01 1.110448691993834375e+13 -9.547410358356153125e+13 -9.523884714307287500e+13
3.629999999999999893e-01 1.027649703553800000e+13 -9.543082309587657812e+13 -9.524167849388428125e+13
3.644999999999999907e-01 7.982535473615843750e+12 -9.539884567308362500e+13 -9.527200474093284375e+13
3.659999999999999920e-01 8.618748774322453125e+12 -9.533016178403421875e+13 -9.514189267868026562e+13
3.674999999999999933e-01 8.082229881476671875e+12 -9.527997432743668750e+13 -9.508388155405957812e+13
3.689999999999999947e-01 7.041543650246093750e+12 -9.522679559479953125e+13 -9.500013776160340625e+13
3.704999999999999960e-01 8.660041356986718750e+12 -9.515350089006298438e+13 -9.489249985862907812e+13
3.719999999999999973e-01 1.223546998992917188e+13 -9.507472488952403125e+13 -9.488969361718032812e+13
3.734999999999999987e-01 8.897659499906265625e+12 -9.504310229302426562e+13 -9.482763870420653125e+13
3.750000000000000000e-01 6.757459885360609375e+12 -9.499586946205090625e+13 -9.481699904260106250e+13
3.765000000000000013e-01 7.233776789054765625e+12 -9.493433742153329688e+13 -9.476772071737745312e+13
3.780000000000000027e-01 8.540293519009187500e+12 -9.486524634512950000e+13 -9.468453770650343750e+13
3.795000000000000040e-01 5.496735532235234375e+12 -9.483330919548378125e+13 -9.463310918684409375e+13
3.810000000000000053e-01 1.035419870032295312e+13 -9.473528895741846875e+13 -9.457175601257690625e+13
3.825000000000000067e-01 8.587652172942609375e+12 -9.469380046926795312e+13 -9.453072536517437500e+13
3.840000000000000080e-01 7.272090760921375000e+12 -9.464439063220692188e+13 -9.447230764471125000e+13
3.855000000000000093e-01 9.368754921234734375e+12 -9.456321724349220312e+13 -9.440265854946653125e+13
3.870000000000000107e-01 5.101239380641312500e+12 -9.453967350893292188e+13 -9.440403856823860938e+13
3.885000000000000120e-01 7.577219280285484375e+12 -9.445762937261401562e+13 -9.433481187791835938e+13
3.900000000000000133e-01 5.478929611876781250e+12 -9.441577007970789062e+13 -9.424541599333962500e+13
3.915000000000000147e-01 7.009039885946578125e+12 -9.433831289054909375e+13 -9.418017004922239062e+13
3.930000000000000160e-01 9.589698339032609375e+12 -9.425386371073898438e+13 -9.404560254347185938e+13
3.945000000000000173e-01 6.529175061925062500e+12 -9.422498750977560938e+13 -9.403257936408212500e+13
3.960000000000000187e-01 6.328733999779046875e+12 -9.416149042733646875e+13 -9.401069036888785938e+13
3.975000000000000200e-01 6.333772208354390625e+12 -9.410378548722629688e+13 -9.397809068054200000e+13
3.990000000000000213e-01 6.263752901608859375e+12 -9.404459962095348438e+13 -9.391313400207909375e+13
4.005000000000000226e-01 7.879495779728421875e+12 -9.397047493177003125e+13 -9.382499601504975000e+13
4.020000000000000240e-01 6.432829655764328125e+12 -9.391448193394468750e+13 -9.375801224915848438e+13
4.035000000000000253e-01 4.238531058704546875e+12 -9.386734870218273438e+13 -9.374210044258739062e+13
4.050000000000000266e-01 3.258361111073250000e+12 -9.381742172247304688e+13 -9.367440889904629688e+13
4.064999999999999725e-01 4.200939953239531250e+12 -9.374355347695878125e+13 -9.359646840385404688e+13
4.079999999999999738e-01 3.446685260692140625e+12 -9.368504472192139062e+13 -9.357237477985417188e+13
4.094999999999999751e-01 4.996720631431343750e+12 -9.360456032110101562e+13 -9.347688308683185938e+13
4.109999999999999765e-01 5.998958333005109375e+12 -9.352074933168887500e+13 -9.339321866740293750e+13
4.124999999999999778e-01 5.069086363468796875e+12 -9.344491058332570312e+13 -9.326775666673676562e+13
4.139999999999999791e-01 3.708080735329093750e+12 -9.338984789709662500e+13 -9.324555550019501562e+13
4.154999999999999805e-01 6.823721130266406250e+12 -9.329484154718625000e+13 -9.313491228896429688e+13
4.169999999999999818e-01 4.704398885920812500e+12 -9.323231780302653125e+13 -9.303962626838421875e+13
4.184999999999999831e-01 2.376591370182500000e+12 -9.318159441110303125e+13 -9.301216385275271875e+13
4.199999999999999845e-01 3.822451487318906250e+12 -9.310675919188410938e+13 -9.298411616803256250e+13
4.214999999999999858e-01 3.139272306382203125e+12 -9.303979653157700000e+13 -9.296568525549645312e+13
4.229999999999999871e-01 4.349789625547187500e+12 -9.296335423042195312e+13 -9.282764541434239062e+13
4.244999999999999885e-01 2.804235614144656250e+12 -9.289902807326257812e+13 -9.271153899218131250e+13
4.259999999999999898e-01 2.539593598902437500e+12 -9.283538985432192188e+13 -9.268501028946212500e+13
4.274999999999999911e-01 1.974040128626203125e+12 -9.277400656195442188e+13 -9.266379322879251562e+13
4.289999999999999925e-01 3.873044877588437500e+12 -9.268206174580854688e+13 -9.253504325387084375e+13
4.304999999999999938e-01 2.305805785959015625e+12 -9.262553377240473438e+13 -9.247180288564045312e+13
4.319999999999999951e-01 4.289226673806562500e+12 -9.253832014353995312e+13 -9.237446210129537500e+13
4.334999999999999964e-01 2.827332502911859375e+12 -9.249655064738342188e+13 -9.234788648077706250e+13
4.349999999999999978e-01 4.657239542892437500e+12 -9.241999706834343750e+13 -9.227211037398562500e+13
4.364999999999999991e-01 1.595514017742203125e+12 -9.239225821021187500e+13 -9.227866211192271875e+13
4.380000000000000004e-01 1.232630975554312500e+12 -9.234005827852320312e+13 -9.225999183507617188e+13
4.395000000000000018e-01 1.625004201031546875e+12 -9.227372205801323438e+13 -9.212559796827590625e+13
4.410000000000000031e-01 2.056607272460187500e+12 -9.221402399747348438e+13 -9.209105347655445312e+13
4.425000000000000044e-01 4.698562475411062500e+12 -9.212862547782504688e+13 -9.200935078302392188e+13
4.440000000000000058e-01 2.298861988756062500e+12 -9.208305861627712500e+13 -9.195366924044204688e+13
4.455000000000000071e-01 2.124353721908656250e+12 -9.201323736834857812e+13 -9.188071591614523438e+13
4.470000000000000084e-01 2.422163836204296875e+12 -9.195814057575250000e+13 -9.183400955042503125e+13
4.485000000000000098e-01 3.990831284809656250e+12 -9.187319668692585938e+13 -9.173894692398875000e+13
4.500000000000000111e-01 -5.835948299540156250e+11 -9.184801721893025000e+13 -9.171587175225298438e+13
4.515000000000000124e-01 5.944119432132187500e+11 -9.176286646498406250e+13 -9.163930288412773438e+13
4.530000000000000138e-01 1.155887930838218750e+12 -9.169318219271781250e+13 -9.156278404364064062e+13
4.545000000000000151e-01 1.553165249242593750e+12 -9.162791399665826562e+13 -9.149407849960928125e+13
4.560000000000000164e-01 2.122276083954281250e+12 -9.156513094015506250e+13 -9.146263294730520312e+13
4.575000000000000178e-01 2.721805089060328125e+12 -9.148958998690853125e+13 -9.135195665895601562e+13
4.590000000000000191e-01 1.550226172200281250e+12 -9.142286672515198438e+13 -9.128000620424028125e+13
4.605000000000000204e-01 8.869150416576562500e+11 -9.137007514091726562e+13 -9.124807330360743750e+13
4.620000000000000218e-01 2.994499270274187500e+12 -9.128895422594215625e+13 -9.118139695951226562e+13
4.635000000000000231e-01 6.160223208442125000e+12 -9.119388621508321875e+13 -9.105491913075535938e+13
4.650000000000000244e-01 4.884056921399671875e+12 -9.113858182623734375e+13 -9.100045203436559375e+13
4.665000000000000258e-01 3.388140672878421875e+12 -9.107536749625662500e+13 -9.090454151396267188e+13
4.680000000000000271e-01 2.943941565699125000e+12 -9.100447917378498438e+13 -9.084243388761014062e+13
4.694999999999999729e-01 6.559947604060937500e+10 -9.097068980029432812e+13 -9.082931076748353125e+13
4.709999999999999742e-01 4.598687461446515625e+12 -9.086697133287325000e+13 -9.076368265057518750e+13
4.724999999999999756e-01 4.135524247194859375e+12 -9.080059948035606250e+13 -9.067678088753568750e+13
4.739999999999999769e-01 2.143220420961578125e+12 -9.073945172827028125e+13 -9.060722733929435938e+13
4.754999999999999782e-01 1.472519414963984375e+12 -9.067964127217329688e+13 -9.055081212277095312e+13
4.769999999999999796e-01 2.823335859297781250e+12 -9.059925495251898438e+13 -9.046274291541001562e+13
4.784999999999999809e-01 3.114423530060296875e+12 -9.052814580121501562e+13 -9.037209468647704688e+13
4.799999999999999822e-01 3.100950283061125000e+12 -9.046025697639418750e+13 -9.035445700712145312e+13
4.814999999999999836e-01 2.003052882601578125e+12 -9.039797727502495312e+13 -9.028656388108048438e+13
4.829999999999999849e-01 2.287720793904781250e+12 -9.031327837608721875e+13 -9.015125080172167188e+13
4.844999999999999862e-01 -8.919272484219375000e+11 -9.026940018877823438e+13 -9.008434987147829688e+13
4.859999999999999876e-01 4.293210189859671875e+12 -9.016033064906785938e+13 -9.001384964388514062e+13
4.874999999999999889e-01 4.486258826609062500e+12 -9.009140528634875000e+13 -8.991091854050784375e+13
4.889999999999999902e-01 1.957725120287015625e+12 -9.004654426361304688e+13 -8.992872146105082812e+13
4.904999999999999916e-01 3.129498487276562500e+11 -8.997647147147589062e+13 -8.986506523843496875e+13
4.919999999999999929e-01 1.616058801111484375e+12 -8.990248487644160938e+13 -8.979193235260909375e+13
4.934999999999999942e-01 3.370262241431562500e+11 -8.984027471525040625e+13 -8.973095443817646875e+13
4.949999999999999956e-01 4.127674868829687500e+11 -8.977405174073990625e+13 -8.967609010410662500e+13
4.964999999999999969e-01 5.257964308429843750e+12 -8.966597613207526562e+13 -8.955245070961871875e+13
4.979999999999999982e-01 3.944446638817718750e+12 -8.960310502515978125e+13 -8.946137783150396875e+13
4.994999999999999996e-01 2.728567453893343750e+12 -8.954061228151798438e+13 -8.943798935375520312e+13
5.010000000000000009e-01 2.579198056467734375e+12 -8.946661374766809375e+13 -8.937322299575703125e+13
5.024999999999999467e-01 3.521391118282656250e+11 -8.940764805069910938e+13 -8.931613650271010938e+13
5.040000000000000036e-01 5.283403977204843750e+11 -8.933786192425607812e+13 -8.925504858868071875e+13
5.054999999999999494e-01 2.925411324789250000e+12 -8.925890738039682812e+13 -8.917621195214554688e+13
5.070000000000000062e-01 4.572429282750281250e+12 -8.916825246407685938e+13 -8.904129307229828125e+13
5.084999999999999520e-01 6.065313908324421875e+12 -8.908082184645559375e+13 -8.891776291152985938e+13
5.100000000000000089e-01 3.721819188652500000e+12 -8.902864289341053125e+13 -8.890528762628556250e+13
5.114999999999999547e-01 4.474133127788281250e+12 -8.894709450319573438e+13 -8.882033325514185938e+13
5.130000000000000115e-01 4.615529325677078125e+12 -8.886758271948179688e+13 -8.869317516176240625e+13
5.144999999999999574e-01 2.975458210059796875e+12 -8.880819047750229688e+13 -8.867394002894675000e+13
5.160000000000000142e-01 4.357925340445109375e+12 -8.873329557393806250e+13 -8.865979259375979688e+13
5.174999999999999600e-01 5.687321789597359375e+12 -8.865252197468304688e+13 -8.854973659344353125e+13
5.190000000000000169e-01 2.805624255763125000e+12 -8.858537742575506250e+13 -8.842187106767240625e+13
5.204999999999999627e-01 2.986218751005046875e+12 -8.851620874176907812e+13 -8.839071539263189062e+13
5.220000000000000195e-01 2.324218009201609375e+12 -8.845538618463742188e+13 -8.832295691002228125e+13
5.234999999999999654e-01 3.265326843550109375e+12 -8.837800332958935938e+13 -8.828296286547893750e+13
5.250000000000000222e-01 4.242576821315890625e+12 -8.829034369579907812e+13 -8.818313527583262500e+13
5.264999999999999680e-01 1.468635668564750000e+12 -8.824101772256270312e+13 -8.813012955042140625e+13
5.280000000000000249e-01 4.664069144508796875e+12 -8.813657835887550000e+13 -8.801170718941368750e+13
5.294999999999999707e-01 4.727484161572437500e+12 -8.806020023998787500e+13 -8.792739993153528125e+13
5.310000000000000275e-01 3.236345022800500000e+12 -8.800924615148023438e+13 -8.788760361631481250e+13
5.324999999999999734e-01 4.448607919649671875e+12 -8.792506701508243750e+13 -8.783096449602184375e+13
5.340000000000000302e-01 1.394031317249046875e+12 -8.786120833244425000e+13 -8.775810604313292188e+13
5.354999999999999760e-01 2.436867753394218750e+12 -8.777319715742081250e+13 -8.769150400808154688e+13
5.370000000000000329e-01 3.899750531630250000e+12 -8.767370485880926562e+13 -8.755647431629617188e+13
5.384999700000000500e-01 2.685453146649515625e+12 -8.760680909063131250e+13 -8.750426009538864062e+13
5.400000000000000355e-01 2.230403692724296875e+12 -8.753062003976676562e+13 -8.744379642680103125e+13
5.415000300000000211e-01 1.922885646757296875e+12 -8.744785912954865625e+13 -8.734126919453607812e+13
5.430000000000000382e-01 2.291617305394546875e+12 -8.736559772226832812e+13 -8.724641834747318750e+13
5.444999700000000553e-01 5.405608783460671875e+12 -8.726112630029637500e+13 -8.710243536417406250e+13
5.460000000000000409e-01 1.227425753272546875e+12 -8.721956855998446875e+13 -8.710385864295735938e+13
5.475000300000000264e-01 -7.389851056245312500e+10 -8.714618868794096875e+13 -8.703321928298182812e+13
5.490000000000000435e-01 2.368139428781015625e+12 -8.705380188461790625e+13 -8.693189790029325000e+13
5.504999699999999496e-01 4.169669065754203125e+12 -8.696758620810573438e+13 -8.688740837070965625e+13
5.520000000000000462e-01 4.826361291963187500e+12 -8.687698056671420312e+13 -8.676210459023090625e+13
5.535000300000000317e-01 2.432733782305453125e+12 -8.681496844505696875e+13 -8.669183897493317188e+13
5.550000000000000488e-01 9.531558751131562500e+11 -8.674350290969507812e+13 -8.662133831418923438e+13
5.564999699999999550e-01 3.194968768420343750e+12 -8.664961512856003125e+13 -8.653870674972015625e+13
5.580000000000000515e-01 5.573599752210625000e+12 -8.655872193732678125e+13 -8.642619353371440625e+13
5.595000300000000371e-01 3.666169893076031250e+12 -8.648899197030768750e+13 -8.636212353724009375e+13
5.610000000000000542e-01 3.023561934879296875e+12 -8.643170104339465625e+13 -8.629388385543460938e+13
5.624999699999999603e-01 3.559289314890406250e+12 -8.635997516904737500e+13 -8.621906989856796875e+13
5.639999999999999458e-01 4.873494059355140625e+12 -8.627732807953150000e+13 -8.617077122560789062e+13
5.655000300000000424e-01 3.116485653961781250e+12 -8.621929467763387500e+13 -8.612308860506673438e+13
5.669999999999999485e-01 4.463640469891484375e+12 -8.614009587516354688e+13 -8.605687076858934375e+13
5.684999699999999656e-01 3.893083913865312500e+12 -8.606289890289278125e+13 -8.596134790144696875e+13
5.699999999999999512e-01 -2.066021018391406250e+11 -8.602250318184034375e+13 -8.592453866941867188e+13
5.715000300000000477e-01 4.755254209005343750e+12 -8.590637596531892188e+13 -8.577260373561456250e+13
5.729999999999999538e-01 3.490146413844687500e+12 -8.584325775474079688e+13 -8.575262113204142188e+13
5.744999699999999709e-01 4.149245736340078125e+12 -8.576391758159668750e+13 -8.566577355141748438e+13
5.759999999999999565e-01 6.248136527569921875e+12 -8.567928680071345312e+13 -8.557673765311114062e+13
5.775000300000000530e-01 2.971563842538500000e+12 -8.562138265460132812e+13 -8.551473112820026562e+13
5.789999999999999591e-01 5.284497225011687500e+12 -8.552427435739785938e+13 -8.540822260245121875e+13
5.804999699999999763e-01 4.753554332931734375e+12 -8.545475526140157812e+13 -8.533935423451971875e+13
5.819999999999999618e-01 3.580364927588281250e+12 -8.538635190058939062e+13 -8.525351992037456250e+13
5.835000299999999473e-01 4.976458807430812500e+12 -8.530530468822851562e+13 -8.518875165098868750e+13
5.849999999999999645e-01 2.316120222916453125e+12 -8.524165777026064062e+13 -8.514846643808637500e+13
5.864999699999999816e-01 1.819986535425421875e+12 -8.517253597577954688e+13 -8.512198769090704688e+13
5.879999999999999671e-01 5.525822810554890625e+12 -8.507004044481556250e+13 -8.499942612741985938e+13
5.895000299999999527e-01 5.757656334865109375e+12 -8.499217916400006250e+13 -8.491049388022771875e+13
5.909999999999999698e-01 4.372303444954875000e+12 -8.492186091478403125e+13 -8.483293087252335938e+13
5.924999699999999869e-01 2.746598760537921875e+12 -8.485372094172879688e+13 -8.477628864426915625e+13
5.939999999999999725e-01 2.113745564885656250e+12 -8.478235473254381250e+13 -8.472131713330318750e+13
5.955000299999999580e-01 2.874796118135078125e+12 -8.469958290631693750e+13 -8.464558220891223438e+13
5.969999999999999751e-01 4.597635353473546875e+12 -8.461332376358051562e+13 -8.452350116040073438e+13
5.984999699999999923e-01 5.756848448436796875e+12 -8.452429340080592188e+13 -8.440521517377335938e+13
5.999999999999999778e-01 4.835804123928546875e+12 -8.445211821331296875e+13 -8.430814335296675000e+13
6.015000299999999633e-01 5.180390514943046875e+12 -8.437695529517970312e+13 -8.428492711466279688e+13
6.029999999999999805e-01 3.220540811866906250e+12 -8.431378906927817188e+13 -8.423614274460029688e+13
6.044999699999999976e-01 2.336714279610812500e+12 -8.423974604224757812e+13 -8.418783514789103125e+13
6.059999999999999831e-01 3.153987822349140625e+12 -8.415567276661562500e+13 -8.406092972758679688e+13
6.075000299999999687e-01 7.342057263186312500e+12 -8.405187210422978125e+13 -8.394056530490539062e+13
6.089999999999999858e-01 4.454325814805484375e+12 -8.399122424324006250e+13 -8.388370207666451562e+13
6.104999700000000029e-01 3.955032614150921875e+12 -8.391339105024893750e+13 -8.381531594376637500e+13
6.119999999999999885e-01 4.737502419122359375e+12 -8.382670657219918750e+13 -8.371547469573264062e+13
6.135000299999999740e-01 3.380064812425578125e+12 -8.376312145247618750e+13 -8.365416348664975000e+13
6.149999999999999911e-01 4.604322230941937500e+12 -8.367869643746571875e+13 -8.358220240516023438e+13
6.164999700000000082e-01 4.323170435520406250e+12 -8.359600013360056250e+13 -8.350835745420185938e+13
6.179999999999999938e-01 3.840328609349125000e+12 -8.352665150822948438e+13 -8.345430741363839062e+13
6.195000299999999793e-01 3.927898066031921875e+12 -8.344886914028837500e+13 -8.335147024402204688e+13
6.209999999999999964e-01 4.800425687791234375e+12 -8.335873479333203125e+13 -8.327334581787485938e+13
6.224999700000000136e-01 5.013672014771937500e+12 -8.328115814504581250e+13 -8.317096551375134375e+13
6.239999999999999991e-01 4.160692563321203125e+12 -8.320696679262168750e+13 -8.308298130884978125e+13
6.255000299999999847e-01 5.623176160256796875e+12 -8.311907942284254688e+13 -8.301379077255492188e+13
6.270000000000000018e-01 3.923463647573734375e+12 -8.305301830637348438e+13 -8.296330271680281250e+13
6.284999700000000189e-01 3.205246669367109375e+12 -8.298282159439057812e+13 -8.289896785190082812e+13
6.300000000000000044e-01 5.729118261308078125e+12 -8.288771369623884375e+13 -8.278133938822081250e+13
6.315000299999999900e-01 5.726616118156000000e+12 -8.280647200534362500e+13 -8.269654842214595312e+13
6.330000000000000071e-01 2.280683430491406250e+12 -8.274739650504373438e+13 -8.265161593488889062e+13
6.344999700000000242e-01 4.155194444197421875e+12 -8.265640669622029688e+13 -8.256845284128157812e+13
6.360000000000000098e-01 3.691635730968718750e+12 -8.258412419581512500e+13 -8.248997370250976562e+13
6.375000299999999953e-01 2.052235003432562500e+12 -8.251890190621010938e+13 -8.247656946309964062e+13
6.390000000000000124e-01 2.777477925296046875e+12 -8.243264312922843750e+13 -8.236158900665831250e+13
6.404999700000000296e-01 5.496255025903609375e+12 -8.232969208220189062e+13 -8.223693785081828125e+13
6.420000000000000151e-01 4.175288508109609375e+12 -8.226459814716142188e+13 -8.219211923332510938e+13
6.435000300000000006e-01 5.656381506394562500e+12 -8.217263555343196875e+13 -8.207039083945514062e+13
6.450000000000000178e-01 5.299148270782437500e+12 -8.209864812863293750e+13 -8.198592371799087500e+13
6.464999700000000349e-01 5.476110972134875000e+12 -8.201853203886084375e+13 -8.191887414415514062e+13
6.480000000000000204e-01 7.552311697530265625e+12 -8.192527627361635938e+13 -8.180227286205789062e+13
6.495000300000000060e-01 5.315984406179921875e+12 -8.185537831917426562e+13 -8.173993099400379688e+13
6.510000000000000231e-01 2.335167100083000000e+12 -8.180183698488996875e+13 -8.173518238052582812e+13
6.524999700000000402e-01 4.638724074121484375e+12 -8.170072498593540625e+13 -8.160362006761359375e+13
6.540000000000000258e-01 2.915091147515500000e+12 -8.163913294587365625e+13 -8.156368185712167188e+13
6.555000300000000113e-01 3.745374571669656250e+12 -8.154696112118584375e+13 -8.145991241588232812e+13
6.570000000000000284e-01 3.954496104229171875e+12 -8.146807779816101562e+13 -8.140151502857585938e+13
6.584999700000000455e-01 3.939377966472265625e+12 -8.139119192345046875e+13 -8.130963471700884375e+13
6.600000000000000311e-01 6.614533239723750000e+12 -8.128769880245278125e+13 -8.117820359745578125e+13
6.615000300000000166e-01 3.724902524517421875e+12 -8.123330377101514062e+13 -8.115055446458267188e+13
6.630000000000000338e-01 4.217466996325296875e+12 -8.114990993782392188e+13 -8.106583500721240625e+13
6.644999700000000509e-01 4.638395857273890625e+12 -8.106521747484190625e+13 -8.098575511836182812e+13
6.660000000000000364e-01 4.992622338992937500e+12 -8.098162888668362500e+13 -8.089618620444985938e+13
6.675000300000000220e-01 3.875860618105562500e+12 -8.091581227590973438e+13 -8.083401740745920312e+13
6.690000000000000391e-01 4.698911638896531250e+12 -8.082770314538332812e+13 -8.072858163282514062e+13
6.704999699999999452e-01 4.787770817095484375e+12 -8.074781722685604688e+13 -8.065620795919657812e+13
6.720000000000000417e-01 5.193969822001546875e+12 -8.065878239129982812e+13 -8.057347666134639062e+13
6.735000300000000273e-01 3.844470621543015625e+12 -8.058898784264582812e+13 -8.048538985121348438e+13
6.750000000000000444e-01 4.795688657269015625e+12 -8.050485727813137500e+13 -8.041693753270928125e+13
6.764999699999999505e-01 6.632677601040046875e+12 -8.041132399822864062e+13 -8.030457890395757812e+13
6.780000000000000471e-01 4.401500224925734375e+12 -8.034511251212170312e+13 -8.023013811130456250e+13
6.795000300000000326e-01 3.275444388450125000e+12 -8.027503732135679688e+13 -8.018867802442418750e+13
6.810000000000000497e-01 3.707349378206078125e+12 -8.018989630525265625e+13 -8.012214242601437500e+13
6.824999699999999558e-01 5.435357176362203125e+12 -8.009495851903887500e+13 -8.002759662308990625e+13
6.840000000000000524e-01 5.340993933414843750e+12 -8.001787121939734375e+13 -7.994917710971448438e+13
6.855000300000000379e-01 4.141999045691718750e+12 -7.994576251469845312e+13 -7.986171853214082812e+13
6.870000000000000551e-01 5.438657452322390625e+12 -7.986016398133546875e+13 -7.977122689244100000e+13
6.884999699999999612e-01 4.913647689436921875e+12 -7.978253792674962500e+13 -7.968443246260681250e+13
6.899999999999999467e-01 3.828449237034265625e+12 -7.970679784092810938e+13 -7.964127115505228125e+13
6.915000300000000433e-01 6.189261713596562500e+12 -7.961656018516910938e+13 -7.954624645431775000e+13
6.929999999999999494e-01 4.257305933392015625e+12 -7.954948129293296875e+13 -7.946367056691987500e+13
6.944999699999999665e-01 4.957199102034125000e+12 -7.946030172663642188e+13 -7.937910915492695312e+13
6.959999999999999520e-01 4.460701859185609375e+12 -7.938282842031289062e+13 -7.931140179744367188e+13
6.975000300000000486e-01 4.061151228212343750e+12 -7.929994591315367188e+13 -7.920971285307703125e+13
6.989999999999999547e-01 3.455873097469437500e+12 -7.923263042676104688e+13 -7.916070324530700000e+13
7.004999699999999718e-01 5.144867125625281250e+12 -7.913828008796178125e+13 -7.908144574865309375e+13
7.019999999999999574e-01 3.820626499765484375e+12 -7.906792617800632812e+13 -7.900500779411228125e+13
7.035000300000000539e-01 6.113574414999859375e+12 -7.897410092141973438e+13 -7.891909407897690625e+13
7.049999999999999600e-01 4.416031463365875000e+12 -7.889886461388381250e+13 -7.882695074485417188e+13
7.064999699999999772e-01 4.997691195261562500e+12 -7.882205067692684375e+13 -7.875308132953640625e+13
7.079999999999999627e-01 6.314107330804156250e+12 -7.873449619232784375e+13 -7.866374463697748438e+13
7.095000299999999482e-01 8.070109482616718750e+12 -7.864094097363668750e+13 -7.856607770745904688e+13
7.109999999999999654e-01 7.349625140805750000e+12 -7.857182921915000000e+13 -7.850873893548093750e+13
7.124999699999999825e-01 5.895948348562234375e+12 -7.849594430818457812e+13 -7.843264226364707812e+13
7.139999999999999680e-01 5.780847223638859375e+12 -7.841430518835357812e+13 -7.834777020535957812e+13
7.155000299999999536e-01 6.641492274471187500e+12 -7.832865193289100000e+13 -7.824234363835120312e+13
7.169999999999999707e-01 5.397525397517703125e+12 -7.825675939885529688e+13 -7.818858102658740625e+13
7.184999699999999878e-01 6.568842901947812500e+12 -7.817165514717967188e+13 -7.810231503258118750e+13
7.199999999999999734e-01 6.448015226679812500e+12 -7.809197761838425000e+13 -7.800087824133817188e+13
7.215000299999999589e-01 6.256934174334000000e+12 -7.800908490072431250e+13 -7.791068631566001562e+13
7.229999999999999760e-01 7.501775612637671875e+12 -7.791569886940471875e+13 -7.784083946935317188e+13
7.244999699999999931e-01 6.504770600586796875e+12 -7.783070101144668750e+13 -7.775398230945235938e+13
7.259999999999999787e-01 2.145291712946671875e+12 -7.777011715604731250e+13 -7.771663996639971875e+13
7.275000299999999642e-01 3.127637926719437500e+12 -7.767982728431878125e+13 -7.762583706164001562e+13
7.289999999999999813e-01 4.727048690405171875e+12 -7.759023313692134375e+13 -7.751471758099250000e+13
7.304999699999999985e-01 4.776400997203593750e+12 -7.751091717193203125e+13 -7.745697465686864062e+13
7.319999999999999840e-01 5.298917386956734375e+12 -7.741735840661992188e+13 -7.734751902849360938e+13
7.335000299999999696e-01 4.745566626023140625e+12 -7.732590454123573438e+13 -7.723475359044817188e+13
7.349999999999999867e-01 4.942611275993515625e+12 -7.723888235587582812e+13 -7.716278341484745312e+13
7.364999700000000038e-01 6.017083763645062500e+12 -7.714190112216014062e+13 -7.705636056789626562e+13
7.379999999999999893e-01 6.140884161268859375e+12 -7.704990429690457812e+13 -7.696220158780379688e+13
7.395000299999999749e-01 5.854308169303437500e+12 -7.696787919698951562e+13 -7.687425779161345312e+13
7.409999999999999920e-01 4.828571100439546875e+12 -7.689342713859204688e+13 -7.681304972909953125e+13
7.424999700000000091e-01 6.542467229098656250e+12 -7.679466613900021875e+13 -7.673248887053326562e+13
7.439999999999999947e-01 7.957088780458468750e+12 -7.669854842889332812e+13 -7.662204032602510938e+13
7.455000299999999802e-01 6.085794114930343750e+12 -7.662665070951893750e+13 -7.656087432522185938e+13
7.469999999999999973e-01 4.327380234067781250e+12 -7.654991319475239062e+13 -7.645511513484498438e+13
7.484999700000000145e-01 5.670936552367468750e+12 -7.645901028661870312e+13 -7.635630527509453125e+13
7.500000000000000000e-01 6.730876151529125000e+12 -7.636600854074701562e+13 -7.627316662638487500e+13
7.515000299999999855e-01 5.887726249578343750e+12 -7.628620445876375000e+13 -7.617747499432226562e+13
7.530000000000000027e-01 5.149202165945156250e+12 -7.621247702323584375e+13 -7.613769770722529688e+13
7.544999700000000198e-01 4.871548102297484375e+12 -7.612631018379435938e+13 -7.607169416289851562e+13
7.560000000000000053e-01 2.677318093505203125e+12 -7.606107099998032812e+13 -7.599346812820007812e+13
7.575000299999999909e-01 5.092195776145171875e+12 -7.595900661344006250e+13 -7.587563754604164062e+13
7.590000000000000080e-01 5.108318917314703125e+12 -7.587875085814646875e+13 -7.578474691577937500e+13
7.604999700000000251e-01 5.257538011903562500e+12 -7.579047446178131250e+13 -7.570809592255690625e+13
7.620000000000000107e-01 6.137682532653218750e+12 -7.570757157787673438e+13 -7.565393850526231250e+13
7.635000299999999962e-01 6.180678249291156250e+12 -7.563199026487746875e+13 -7.558657560509417188e+13
7.650000000000000133e-01 7.622174351260578125e+12 -7.553074835356903125e+13 -7.545335717416989062e+13
7.664999700000000304e-01 7.340882217890656250e+12 -7.544511712238845312e+13 -7.534149837195382812e+13
7.680000000000000160e-01 4.664587946184187500e+12 -7.537882291167275000e+13 -7.528782710109870312e+13
7.695000300000000015e-01 3.711275644460453125e+12 -7.530419206111165625e+13 -7.524322422354573438e+13
7.710000000000000187e-01 2.983550743994812500e+12 -7.523190178871012500e+13 -7.519351671749956250e+13
7.724999700000000358e-01 5.842665876941140625e+12 -7.512074638719417188e+13 -7.506348812620454688e+13
7.740000000000000213e-01 6.797061921678703125e+12 -7.502387871209762500e+13 -7.495224722263414062e+13
7.755000300000000069e-01 5.476919994701531250e+12 -7.494445281765693750e+13 -7.488062526564193750e+13
7.770000000000000240e-01 5.368061183849203125e+12 -7.485038461067556250e+13 -7.478757783022506250e+13
7.784999700000000411e-01 6.002275452735953125e+12 -7.475463027499550000e+13 -7.468394103474196875e+13
7.800000000000000266e-01 5.348003724916203125e+12 -7.467651613612759375e+13 -7.458447437655689062e+13
7.815000300000000122e-01 6.928539950324484375e+12 -7.458058439494887500e+13 -7.448982211362823438e+13
7.830000000000000293e-01 4.657946382650937500e+12 -7.450593043947359375e+13 -7.443968829172673438e+13
7.844999700000000464e-01 4.799386113462234375e+12 -7.442195334107731250e+13 -7.436664191264934375e+13
7.860000000000000320e-01 7.740380887459859375e+12 -7.432064145500784375e+13 -7.425409759706423438e+13
7.875000300000000175e-01 6.830569023524843750e+12 -7.423876264080378125e+13 -7.419765638815581250e+13
7.890000000000000346e-01 4.190332074083328125e+12 -7.416607033238851562e+13 -7.410975273987748438e+13
7.904999700000000518e-01 4.757435588821843750e+12 -7.407709636702106250e+13 -7.399794731911607812e+13
7.920000000000000373e-01 8.465297186657265625e+12 -7.396778260252904688e+13 -7.388733800243092188e+13
7.935000300000000228e-01 8.893675407629890625e+12 -7.388083041582850000e+13 -7.379549518523784375e+13
7.950000000000000400e-01 5.490877801790984375e+12 -7.381384342313279688e+13 -7.372914728413865625e+13
7.964999699999999461e-01 5.838770706711375000e+12 -7.372303984894943750e+13 -7.364200270312782812e+13
7.980000000000000426e-01 5.322318170028203125e+12 -7.364946132008867188e+13 -7.355466813569006250e+13
7.995000300000000282e-01 5.663018489005453125e+12 -7.355606301456729688e+13 -7.348829639425329688e+13
8.010000000000000453e-01 6.484893709314109375e+12 -7.347099096714143750e+13 -7.340995523430651562e+13
8.024999699999999514e-01 7.311510190585328125e+12 -7.338146544708673438e+13 -7.329110832816514062e+13
8.040000000000000480e-01 5.481295997070812500e+12 -7.330625077571746875e+13 -7.320589286460023438e+13
8.055000300000000335e-01 7.658915446300875000e+12 -7.320963716653854688e+13 -7.315212949280201562e+13
8.070000000000000506e-01 7.166300310967281250e+12 -7.314045256529956250e+13 -7.308480303176348438e+13
8.084999699999999567e-01 6.048275865737421875e+12 -7.305830660520540625e+13 -7.299589653119337500e+13
8.100000000000000533e-01 5.182049680013984375e+12 -7.297784684893496875e+13 -7.287629325737510938e+13
8.115000300000000388e-01 7.677019364896890625e+12 -7.287730251606734375e+13 -7.279547841360898438e+13
8.129999999999999449e-01 8.331245560158531250e+12 -7.278590498018407812e+13 -7.269132597536334375e+13
8.144999699999999621e-01 5.349322851836375000e+12 -7.272526236698695312e+13 -7.266082808075606250e+13
8.159999999999999476e-01 5.397028517222781250e+12 -7.263775030530584375e+13 -7.257582804880293750e+13
8.175000300000000442e-01 6.778934837653625000e+12 -7.255278143195217188e+13 -7.250432437849954688e+13
8.189999999999999503e-01 7.163188802492437500e+12 -7.246242923179950000e+13 -7.242260807566371875e+13
8.204999699999999674e-01 6.044612221817531250e+12 -7.238374610494732812e+13 -7.231708906282879688e+13
8.219999999999999529e-01 5.264870199343640625e+12 -7.230764443651923438e+13 -7.224593778796590625e+13
8.235000300000000495e-01 7.980092894130859375e+12 -7.221036104270231250e+13 -7.215920044344176562e+13
8.249999999999999556e-01 8.150783800108765625e+12 -7.212465499725510938e+13 -7.204686711141751562e+13
8.264999699999999727e-01 5.250186792302203125e+12 -7.205570460773018750e+13 -7.195833351709996875e+13
8.279999999999999583e-01 6.562242242424078125e+12 -7.195970507520132812e+13 -7.184312526075303125e+13
8.295000300000000548e-01 3.611719922413609375e+12 -7.190557035442362500e+13 -7.180855883256720312e+13
8.309999999999999609e-01 6.483967865055468750e+12 -7.179461574561479688e+13 -7.171283146615993750e+13
8.324999699999999780e-01 6.481086695717125000e+12 -7.171732244851432812e+13 -7.166232246225575000e+13
8.339999999999999636e-01 7.634503923298093750e+12 -7.162925224828328125e+13 -7.156004853366137500e+13
8.355000299999999491e-01 9.322622695358984375e+12 -7.153493998739257812e+13 -7.146904110593698438e+13
8.369999999999999662e-01 6.512672452125296875e+12 -7.147583746815287500e+13 -7.141979709402484375e+13
8.384999699999999834e-01 5.356744204616078125e+12 -7.139849211015607812e+13 -7.130952523495003125e+13
8.399999999999999689e-01 7.039354936151828125e+12 -7.130993793102098438e+13 -7.122243422266795312e+13
8.415000299999999545e-01 6.889719672615203125e+12 -7.122250653097840625e+13 -7.114091235827671875e+13
8.429999999999999716e-01 6.143111494480937500e+12 -7.115508654311889062e+13 -7.111250552523959375e+13
8.444999699999999887e-01 7.298156990506843750e+12 -7.106481885879084375e+13 -7.098893554475701562e+13
8.459999999999999742e-01 5.100652433239906250e+12 -7.099665238581176562e+13 -7.090264213956415625e+13
8.475000299999999598e-01 6.277221221349187500e+12 -7.090161975201378125e+13 -7.082547095128996875e+13
8.489999999999999769e-01 4.781461223406890625e+12 -7.083333924842092188e+13 -7.079017987331054688e+13
8.504999699999999940e-01 1.450894135165250000e+12 -7.077623235290798438e+13 -7.073819054798867188e+13
8.519999999999999796e-01 5.374063249415703125e+12 -7.066027326891162500e+13 -7.057384605766506250e+13
8.535000299999999651e-01 8.388548011335156250e+12 -7.056006706041784375e+13 -7.049801457450417188e+13
8.549999999999999822e-01 4.877931904517578125e+12 -7.050882989860692188e+13 -7.044332372414898438e+13
8.564999699999999994e-01 6.405638865127343750e+12 -7.041472200126962500e+13 -7.034121086985010156e+13
8.579999999999999849e-01 6.721773901467390625e+12 -7.031452153551510938e+13 -7.024503287025795312e+13
8.595000299999999704e-01 7.452544052930015625e+12 -7.021988453707518750e+13 -7.016720245530564062e+13
8.609999999999999876e-01 7.899113833653234375e+12 -7.011552340501078906e+13 -7.006518284347600000e+13
8.624999700000000047e-01 6.615472784881937500e+12 -7.001994279714873438e+13 -6.994428741315117188e+13
8.639999999999999902e-01 7.176306555726812500e+12 -6.993867448919556250e+13 -6.991477398327303125e+13
8.655000299999999758e-01 9.259374632111437500e+12 -6.981946769832640625e+13 -6.973233576656412500e+13
8.669999999999999929e-01 5.538975716414593750e+12 -6.977501727054974219e+13 -6.969097713507327344e+13
8.684999700000000100e-01 6.075652441473546875e+12 -6.967234675929139844e+13 -6.959804265302893750e+13
8.699999999999999956e-01 7.581436636579250000e+12 -6.956361047126370312e+13 -6.950163433657960156e+13
8.715000299999999811e-01 4.722106663830281250e+12 -6.950974505342814062e+13 -6.945963228861492969e+13
8.729999999999999982e-01 6.927862296898109375e+12 -6.939401598011407812e+13 -6.929889914572913281e+13
8.744999700000000153e-01 6.555791886329546875e+12 -6.931191945283639844e+13 -6.921844387469025000e+13
8.760000000000000009e-01 1.130677940245184375e+13 -6.918558102748955469e+13 -6.906622537257945312e+13
8.775000299999999864e-01 9.301118398540265625e+12 -6.910685197880607812e+13 -6.894446344538492969e+13
8.790000000000000036e-01 6.842459147914062500e+12 -6.904465654486045312e+13 -6.894891650237248438e+13
8.804999700000000207e-01 9.195969039782578125e+12 -6.894310630508331250e+13 -6.882436848759857812e+13
8.820000000000000062e-01 9.017144214002343750e+12 -6.886954828493717969e+13 -6.877493665610639844e+13
8.835000299999999918e-01 7.432261692944593750e+12 -6.878661245246071094e+13 -6.868158848897491406e+13
8.850000000000000089e-01 8.541173233692406250e+12 -6.868977656825732031e+13 -6.861490113235263281e+13
8.864999700000000260e-01 7.620728473616906250e+12 -6.862899375870209375e+13 -6.858805776796292188e+13
8.880000000000000115e-01 5.842750917809734375e+12 -6.854909414394839844e+13 -6.848097145913254688e+13
8.895000299999999971e-01 7.056148369217320312e+12 -6.844032927472221094e+13 -6.834084489861280469e+13
8.910000000000000142e-01 8.971477367787484375e+12 -6.834545793573874219e+13 -6.826993249547760156e+13
8.924999700000000313e-01 6.199482585625179688e+12 -6.828442253790660156e+13 -6.822678221604986719e+13
8.940000000000000169e-01 1.046039458306480469e+13 -6.815024460059854688e+13 -6.808933406930594531e+13
8.955000300000000024e-01 9.372799983700671875e+12 -6.808498019874871094e+13 -6.803055199921131250e+13
8.970000000000000195e-01 5.624778455546609375e+12 -6.803548297021551562e+13 -6.794354211082296875e+13
8.984999700000000367e-01 8.717244197677539062e+12 -6.791165701898153906e+13 -6.781976910456733594e+13
9.000000000000000222e-01 8.151465783742195312e+12 -6.782543611730072656e+13 -6.772576243432629688e+13
9.015000300000000077e-01 6.623354175071828125e+12 -6.776124521404007031e+13 -6.766060061919656250e+13
9.030000000000000249e-01 9.581130767082570312e+12 -6.765893699811632812e+13 -6.759330922161278906e+13
9.044999700000000420e-01 9.632290789902507812e+12 -6.756673928449089062e+13 -6.748204826858998438e+13
9.060000000000000275e-01 9.150588735721382812e+12 -6.749822664897985938e+13 -6.741551059504097656e+13
9.075000300000000131e-01 1.100861374345916406e+13 -6.737427518831817188e+13 -6.724015508344314062e+13
9.090000000000000302e-01 1.091437384100106250e+13 -6.730323286670410156e+13 -6.724090272437342188e+13
9.104999700000000473e-01 7.444613461975859375e+12 -6.726307465860771875e+13 -6.721994240351501562e+13
9.120000000000000329e-01 7.347216469477460938e+12 -6.715985589107171875e+13 -6.709404509253872656e+13
9.135000300000000184e-01 7.349046540667593750e+12 -6.707557030094405469e+13 -6.698920313844452344e+13
9.150000000000000355e-01 1.001620427790139844e+13 -6.697582197723579688e+13 -6.690565521631172656e+13
9.164999700000000527e-01 7.622336343368898438e+12 -6.690723077679285938e+13 -6.684607685095952344e+13
9.180000000000000382e-01 7.289996115577304688e+12 -6.682596273880437500e+13 -6.676177323739603906e+13
9.195000300000000237e-01 1.290112879826828125e+13 -6.669144261840664844e+13 -6.665792501902183594e+13
9.210000000000000409e-01 7.692088120781085938e+12 -6.665694386030595312e+13 -6.661835135143203125e+13
9.224999699999999470e-01 6.383239451602570312e+12 -6.656000641558471094e+13 -6.649722014655209375e+13
9.240000000000000435e-01 8.118025113321007812e+12 -6.645617481403556250e+13 -6.637069362290028906e+13
9.255000300000000291e-01 7.004134083512968750e+12 -6.640352608876462500e+13 -6.634860348216325000e+13
9.270000000000000462e-01 5.558199643470156250e+12 -6.631577325004305469e+13 -6.622263693874735156e+13
9.284999699999999523e-01 2.256024137246632812e+12 -6.627174880230989062e+13 -6.620587325092567969e+13
9.300000000000000488e-01 8.119061515975085938e+12 -6.612910780551950781e+13 -6.606754898391651562e+13
9.315000300000000344e-01 8.993327332320585938e+12 -6.603985280276251562e+13 -6.597135457045458594e+13
9.330000000000000515e-01 6.923168544847554688e+12 -6.595818254770867969e+13 -6.583289396994096875e+13
9.344999699999999576e-01 7.934061444118789062e+12 -6.587587791127032812e+13 -6.583140736710267969e+13
9.360000000000000542e-01 8.409742768168078125e+12 -6.578009623270522656e+13 -6.569242125306074219e+13
9.375000300000000397e-01 1.113471123528227344e+13 -6.565750200472601562e+13 -6.552527001681255469e+13
9.389999999999999458e-01 1.352665785679573438e+13 -6.556400106910046875e+13 -6.545960747462124219e+13
9.404999699999999629e-01 9.514262636769437500e+12 -6.550623108161391406e+13 -6.543274402301907031e+13
9.419999999999999485e-01 6.819324673440101562e+12 -6.543933119676637500e+13 -6.530950763401895312e+13
9.435000300000000450e-01 1.000542920155222656e+13 -6.533755314173169531e+13 -6.519406672737813281e+13
9.449999999999999512e-01 7.870083934121218750e+12 -6.526826436871872656e+13 -6.517939736526321094e+13
9.464999699999999683e-01 7.761671615318875000e+12 -6.518102156723834375e+13 -6.509401582735610156e+13
9.479999999999999538e-01 6.758803245832210938e+12 -6.512070696870760156e+13 -6.500932139944420312e+13
9.495000300000000504e-01 8.849390288788648438e+12 -6.500806566106903125e+13 -6.493615133496044531e+13
9.509999999999999565e-01 5.960076309602062500e+12 -6.496736054476782812e+13 -6.495581739679114062e+13
9.524999699999999736e-01 6.960191392709382812e+12 -6.485573552137918750e+13 -6.480058513710118750e+13
9.539999999999999591e-01 8.672252815513984375e+12 -6.476288427692841406e+13 -6.469240993996107812e+13
9.555000299999999447e-01 1.424749285800858594e+13 -6.461846986518415625e+13 -6.454708822650158594e+13
9.569999999999999618e-01 9.883952257656093750e+12 -6.458698820236529688e+13 -6.455191824859741406e+13
9.584999699999999789e-01 8.569484301316914062e+12 -6.449863591583986719e+13 -6.440255563520868750e+13
9.599999999999999645e-01 5.973131345325046875e+12 -6.444263723943250000e+13 -6.443055930908460938e+13
9.615000299999999500e-01 4.108267644319343750e+12 -6.436658069499486719e+13 -6.432856010615681250e+13
9.629999999999999671e-01 7.559340372699148438e+12 -6.425198889850367188e+13 -6.417872428499770312e+13
9.644999699999999843e-01 1.005677532667593750e+13 -6.412887854506376562e+13 -6.399523799218684375e+13
9.659999999999999698e-01 1.129033078725414062e+13 -6.402891487482082812e+13 -6.385892949880535938e+13
9.675000299999999553e-01 8.677947364112242188e+12 -6.397843270702198438e+13 -6.383515178774624219e+13
9.689999999999999725e-01 8.527798870549015625e+12 -6.387482677500037500e+13 -6.375993350569680469e+13
9.704999699999999896e-01 1.014234155590164062e+13 -6.379155075447411719e+13 -6.369372481315403906e+13
9.719999999999999751e-01 6.039844962033382812e+12 -6.374006357437393750e+13 -6.360596937063939062e+13
9.735000299999999607e-01 6.975859186172554688e+12 -6.361356111912611719e+13 -6.344694098687814062e+13
9.749999999999999778e-01 6.616824644525445312e+12 -6.354940340166479688e+13 -6.345458465893491406e+13
9.764999699999999949e-01 7.020159056241703125e+12 -6.345355875956278125e+13 -6.336075897264383594e+13
9.779999999999999805e-01 7.689844759042859375e+12 -6.339077182105775000e+13 -6.339821916074560156e+13
9.795000299999999660e-01 1.225443025705932031e+13 -6.321981240047073438e+13 -6.311320121128699219e+13
9.809999999999999831e-01 1.080334373911775781e+13 -6.315138699102645312e+13 -6.300580982137692969e+13
9.824999700000000002e-01 6.845091459418046875e+12 -6.308595823060413281e+13 -6.289565798066723438e+13
9.839999999999999858e-01 9.786118835330656250e+12 -6.297960251946423438e+13 -6.281212917317673438e+13
9.855000299999999713e-01 8.415833923190437500e+12 -6.293351213158603125e+13 -6.285730545324021094e+13
9.869999999999999885e-01 9.883026416840039062e+12 -6.279463486929518750e+13 -6.276120278176389062e+13
9.884999700000000056e-01 8.165062797747156250e+12 -6.269676361102937500e+13 -6.255242303038847656e+13
9.899999999999999911e-01 3.177071713827765625e+12 -6.272797935534762500e+13 -6.280156106737497656e+13
9.915000299999999767e-01 8.559321913971445312e+12 -6.252708528507375000e+13 -6.240902426819888281e+13
9.929999999999999938e-01 7.425771215561531250e+12 -6.246449389112357812e+13 -6.232345284915115625e+13
9.944999700000000109e-01 8.237008711508265625e+12 -6.234617303747506250e+13 -6.222195916658794531e+13
9.959999999999999964e-01 3.299411636871914062e+12 -6.232776247469628125e+13 -6.236376296502602344e+13
9.975000299999999820e-01 8.355067278479945312e+12 -6.217835266614375781e+13 -6.214065565111221875e+13
9.989999999999999991e-01 1.130730194102367969e+13 -6.203763881001769531e+13 -6.201931565761978125e+13
1.000499999999999945e+00 7.861428558475882812e+12 -6.199841280196549219e+13 -6.196874952082440625e+13
1.002000000000000002e+00 6.940517824736039062e+12 -6.188976234298337500e+13 -6.182311337592628906e+13
1.003500000000000059e+00 7.034022538869968750e+12 -6.179819754809198438e+13 -6.169249289882523438e+13
1.004999999999999893e+00 7.959956413677085938e+12 -6.169020302576171094e+13 -6.154711845998479688e+13
1.006499999999999950e+00 6.400729670238718750e+12 -6.160504482499165625e+13 -6.141298577334604688e+13
1.008000000000000007e+00 6.724192262824109375e+12 -6.153883312150708594e+13 -6.157317898603875000e+13
1.009500000000000064e+00 1.363611452017812500e+13 -6.134499975173950000e+13 -6.132631626876954688e+13
1.010999999999999899e+00 1.181444224148485938e+13 -6.125948725867361719e+13 -6.117270377343068750e+13
1.012499999999999956e+00 8.200991218468140625e+12 -6.122711869583577344e+13 -6.127032446445955469e+13
1.014000000000000012e+00 1.089941670515799219e+13 -6.108702732012426562e+13 -6.101378346562060156e+13
1.015500000000000069e+00 8.713274344384531250e+12 -6.101731251660185938e+13 -6.087221242310613281e+13
1.016999999999999904e+00 1.043415939980868750e+13 -6.085026773173547656e+13 -6.075172493826253906e+13
1.018499999999999961e+00 9.283143208740617188e+12 -6.079445094425847656e+13 -6.070144775720689062e+13
1.020000000000000018e+00 9.250726599912085938e+12 -6.069308111584528906e+13 -6.052286986664882031e+13
1.021500000000000075e+00 6.477325122532882812e+12 -6.060914095524179688e+13 -6.047798672140192188e+13
1.022999999999999909e+00 1.228956627605142969e+13 -6.041235657028671875e+13 -6.022106350678105469e+13
1.024499999999999966e+00 8.307034920793734375e+12 -6.040841215968382812e+13 -6.033100164965411719e+13
1.026000000000000023e+00 7.481618941078929688e+12 -6.029125535564873438e+13 -6.026708178314364844e+13
1.027500000000000080e+00 1.366002975808451562e+13 -6.010433958781325781e+13 -5.997989127351483594e+13
1.028999999999999915e+00 1.044311046390967969e+13 -6.002507745840113281e+13 -5.982736110250462500e+13
1.030499999999999972e+00 8.690357692381937500e+12 -5.991990104759252344e+13 -5.974152903464747656e+13
1.032000000000000028e+00 1.146203283094789844e+13 -5.982152623149086719e+13 -5.974283113916281250e+13
1.033500000000000085e+00 1.037382789075045312e+13 -5.972861631159934375e+13 -5.972392991921751562e+13
1.034999999999999920e+00 1.121828891090565625e+13 -5.966075128156785156e+13 -5.959957431133746094e+13
1.036499999999999977e+00 1.132376441905968750e+13 -5.953083061983275000e+13 -5.944994573843628125e+13
1.038000000000000034e+00 3.945042974282335938e+12 -5.954760577064940625e+13 -5.966274338674152344e+13
1.039500000000000091e+00 4.016550528059593750e+12 -5.940816028717677344e+13 -5.926188035864202344e+13
1.040999999999999925e+00 5.544730550106648438e+12 -5.932056722756570312e+13 -5.924120175277801562e+13
1.042499999999999982e+00 1.084277175516128906e+13 -5.903217225557791406e+13 -5.888279085591957812e+13
1.044000000000000039e+00 1.155359474498319531e+13 -5.895088695998344531e+13 -5.874132940254510156e+13
1.045500000000000096e+00 8.773984979550078125e+12 -5.890365482305300000e+13 -5.875719682417741406e+13
1.046999999999999931e+00 1.503041176210892969e+13 -5.867785438035018750e+13 -5.850669202603911719e+13
1.048499999999999988e+00 1.072471787125064844e+13 -5.868174192724989062e+13 -5.859703815122830469e+13
1.050000000000000044e+00 6.985392838161078125e+12 -5.857542883631867188e+13 -5.852753381856962500e+13
1.051500000000000101e+00 9.903013439266632812e+12 -5.839645675422336719e+13 -5.801006220731286719e+13
1.052999999999999936e+00 6.743851267964976562e+12 -5.838337598275796094e+13 -5.826773996016106250e+13
1.054499999999999993e+00 5.647472812314468750e+12 -5.825401229416200781e+13 -5.818601703914835938e+13
1.056000000000000050e+00 -1.060340592095656250e+12 -5.829148994381076562e+13 -5.845288090242409375e+13
1.057500000000000107e+00 5.424147788682500000e+11 -5.809764044102819531e+13 -5.824686700519230469e+13
1.058999999999999941e+00 5.636726773418898438e+12 -5.792774583407929688e+13 -5.801028438902602344e+13
1.060499999999999998e+00 1.061592230794957812e+13 -5.770760395066550000e+13 -5.763591378369184375e+13
1.062000000000000055e+00 4.585861498490718750e+12 -5.761054124554505469e+13 -5.707551052811386719e+13
1.063499999999999890e+00 8.741150292868312500e+12 -5.740912648958878125e+13 -5.703258980247734375e+13
1.064999999999999947e+00 3.368820881263164062e+12 -5.740365428535746875e+13 -5.732468970689861719e+13
1.066500000000000004e+00 4.824452937040171875e+12 -5.730026382991232031e+13 -5.725609362470457812e+13
1.068000000000000060e+00 9.586620516845984375e+12 -5.705608170188874219e+13 -5.691891097592328906e+13
1.069499999999999895e+00 9.244246097856945312e+12 -5.695723533484448438e+13 -5.685740224558632812e+13
1.070999999999999952e+00 8.978184157648312500e+12 -5.689415434244250000e+13 -5.706329259880444531e+13
1.072500000000000009e+00 4.552961929003070312e+12 -5.682254625669621094e+13 -5.700554886030129688e+13
1.074000000000000066e+00 1.492481168368414062e+12 -5.677415940409291406e+13 -5.669409288446605469e+13
1.075499999999999901e+00 6.098473928228117188e+12 -5.652397039081906250e+13 -5.633256800926458594e+13
1.076999899999999899e+00 1.026146959917287500e+13 -5.631513081409751562e+13 -5.615042736624547656e+13
1.078500000000000014e+00 3.702883614003351562e+12 -5.634505837846605469e+13 -5.608069743585239062e+13
1.080000000000000071e+00 8.870648210338093750e+12 -5.607543960484864844e+13 -5.621807851864956250e+13
1.081499999999999906e+00 1.732413046822250781e+13 -5.576794201904786719e+13 -5.569948397159759375e+13
1.083000100000000021e+00 8.608222979258171875e+12 -5.585648376022371875e+13 -5.561312254815784375e+13
1.084500000000000020e+00 3.454743741683867188e+12 -5.585758624469075000e+13 -5.603834763784558594e+13
1.086000000000000076e+00 1.307676225158864844e+13 -5.534919082887483594e+13 -5.513657198517057031e+13
1.087499999999999911e+00 3.360481889574398438e+12 -5.550727577936789844e+13 -5.552200857661556250e+13
1.088999899999999910e+00 1.119649654711695312e+13 -5.523071713390735938e+13 -5.563464389618314844e+13
1.090500000000000025e+00 1.706889015809053906e+13 -5.488900490644019531e+13 -5.478460350352889844e+13
1.092000000000000082e+00 1.150818538881842188e+13 -5.489049456741936719e+13 -5.489032373416189844e+13
1.093499999999999917e+00 1.102155638329982031e+13 -5.474524582493739062e+13 -5.478365397863491406e+13
1.095000100000000032e+00 1.332766135126653125e+13 -5.448447716994160938e+13 -5.403172561515317188e+13
1.096500000000000030e+00 1.243154679085275000e+13 -5.426138573816510938e+13 -5.355149261232466406e+13
1.098000000000000087e+00 1.164015504916457812e+13 -5.419693885490964062e+13 -5.376621183976423438e+13
1.099499999999999922e+00 2.185849995823960938e+13 -5.359906845920375000e+13 -5.330598105684640625e+13
1.100999899999999920e+00 1.091663323455581250e+13 -5.380336162083686719e+13 -5.377527583342108594e+13
1.102500000000000036e+00 1.775166400186389844e+13 -5.342915475874678906e+13 -5.373562162376141406e+13
1.104000000000000092e+00 1.403207618502912500e+13 -5.334788447626729688e+13 -5.363521154116046875e+13
1.105499999999999927e+00 6.444323650014195312e+12 -5.336819468725078906e+13 -5.413127770957395312e+13
1.107000100000000042e+00 2.521437104040796875e+12 -5.317920661929927344e+13 -5.341383324308507812e+13
1.108500000000000041e+00 1.017207168227456250e+13 -5.277806967630553125e+13 -5.283726120984796875e+13
1.110000000000000098e+00 2.001476646200448438e+13 -5.213534858405207031e+13 -5.226263573952753906e+13
1.111499999999999932e+00 1.089615671248165625e+13 -5.212109221570177344e+13 -5.206878562428943750e+13
1.112999899999999931e+00 1.363645095054646875e+13 -5.168118034512487500e+13 -5.181808063271173438e+13
1.114500000000000046e+00 3.185658886355039062e+12 -5.193027858884596875e+13 -5.253006787097793750e+13
1.116000000000000103e+00 1.026469003518321875e+13 -5.115766798106669531e+13 -5.173435420768378906e+13
1.117499999999999938e+00 -2.651896403039500000e+12 -5.117738733456340625e+13 -5.087415201772347656e+13
1.119000100000000053e+00 -9.592598258065796875e+12 -5.103216906438885156e+13 -5.104003653581134375e+13
1.120500000000000052e+00 1.755641156136632812e+12 -5.017400772107078125e+13 -5.008527765085062500e+13
1.122000000000000108e+00 2.009122920058625781e+13 -4.905024783747939844e+13 -4.872508949061319531e+13
1.123499999999999943e+00 8.798492645854945312e+12 -4.932944770020533594e+13 -4.887772438260425781e+13
1.124999899999999942e+00 -9.098334659010343750e+12 -4.961984715880526562e+13 -4.945945434634844531e+13
1.126500000000000057e+00 -4.810026062813859375e+12 -4.925311902098279688e+13 -4.862140505960588281e+13
1.127999999999999892e+00 -6.310746162286718750e+11 -4.879697810989594531e+13 -4.848261863411659375e+13
1.129499999999999948e+00 4.513011428572906250e+12 -4.783617631378753125e+13 -4.625456659253710938e+13
1.131000100000000064e+00 2.203708183967960156e+13 -4.717489181795218750e+13 -4.870251442085170312e+13
1.132500000000000062e+00 2.223982593964546094e+13 -4.645703078769815625e+13 -4.738588720351489844e+13
1.133999999999999897e+00 2.067477610185428906e+13 -4.614910707042123438e+13 -4.679095161537056250e+13
1.135499999999999954e+00 2.339645506821938281e+13 -4.516574943817187500e+13 -4.407767604549653125e+13
1.136999899999999952e+00 1.678200351541735938e+13 -4.499186268735332031e+13 -4.490009380391560938e+13
1.138500000000000068e+00 3.345498763456882812e+12 -4.425232701426306250e+13 -4.289449552882537500e+13
1.139999999999999902e+00 -7.518493163136398438e+12 -4.497182283745975000e+13 -4.725764895444434375e+13
1.141499999999999959e+00 3.591765623674296875e+11 -4.360557813275501562e+13 -4.480533191061634375e+13
1.143000100000000074e+00 5.152736688761460938e+12 -4.212468779126175000e+13 -4.194740667341009375e+13
1.144500000000000073e+00 1.535550670478640625e+12 -4.055007590151739844e+13 -4.043584977703089844e+13
1.145999999999999908e+00 -3.070871664263256250e+13 -4.188951966225110938e+13 -4.568042086799385938e+13
1.147499999999999964e+00 -3.531652276372273438e+12 -3.820398163889935938e+13 -3.910724010993387500e+13
1.148999899999999963e+00 2.657838071301272656e+13 -3.341872591091383594e+13 -3.638626909323052344e+13
1.150500000000000078e+00 2.954010636550948438e+13 -2.662834318872801172e+13 -3.590507281108825000e+13
