0.000000000000000000e+00 -inf -inf -inf
1.500000000000000031e-03 -5.187569381924624270e+38 -5.187569381924624270e+38 -5.187569381924624270e+38
3.000000000000000062e-03 -9.894503368233994132e+32 -9.894503368233994132e+32 -9.894503368233994132e+32
4.499999999999999660e-03 -4.463341106308693868e+29 -4.463341106308693868e+29 -4.463341106308693868e+29
6.000000000000000125e-03 -1.887226747545838539e+27 -1.887226747545837714e+27 -1.887226747545839088e+27
7.499999999999999722e-03 -2.719780390060858981e+25 -2.719780390060819467e+25 -2.719780390060945739e+25
8.999999999999999320e-03 -8.513148185830074373e+23 -8.513148185818943696e+23 -8.513148185832578875e+23
1.050000000000000065e-02 -4.550943713122637054e+22 -4.550943713094720605e+22 -4.550943713195445977e+22
1.200000000000000025e-02 -3.599617257087755616e+21 -3.599617257301142929e+21 -3.599617258222126105e+21
1.349999999999999985e-02 -3.840328230623650120e+20 -3.840328233140898365e+20 -3.840328242452645806e+20
1.499999999999999944e-02 -5.188245486944037274e+19 -5.188245423778545664e+19 -5.188245528778112205e+19
1.650000000000000078e-02 -8.486553725583890432e+18 -8.486552942055912448e+18 -8.486553954540248064e+18
1.799999999999999864e-02 -1.626809553967360768e+18 -1.626809658726495232e+18 -1.626810467088824320e+18
1.949999999999999997e-02 -3.570031498553264000e+17 -3.570043150397223680e+17 -3.570037012592954240e+17
2.100000000000000130e-02 -8.830225398345696000e+16 -8.836586267870619200e+16 -8.834629594288468800e+16
2.249999999999999917e-02 -2.420564857831819600e+16 -2.455512096465300800e+16 -2.448708187081798000e+16
2.400000000000000050e-02 -6.987952653701125000e+15 -7.730854023102770000e+15 -7.603812860106093000e+15
2.549999999999999836e-02 -1.270825004139148000e+15 -2.818125136596418500e+15 -2.695991653731198000e+15
2.699999999999999969e-02 1.038308216492965000e+14 -1.243088749032764000e+15 -1.177687513957375750e+15
2.850000000000000103e-02 9.525062492348825000e+13 -6.736734954341008750e+14 -6.405680635190911250e+14
2.999999999999999889e-02 8.123634062761181250e+13 -4.320071352233719375e+14 -4.211809994131745000e+14
3.150000000000000022e-02 1.334310051807760625e+14 -3.104364725880045625e+14 -3.066704461569406875e+14
3.300000000000000155e-02 1.911654653313842188e+14 -2.393753333915883750e+14 -2.358495691132674375e+14
3.450000000000000289e-02 2.060257750596890625e+14 -1.929104117183921562e+14 -1.898776259534264062e+14
3.599999999999999728e-02 2.376627016723318750e+14 -1.592912800291154375e+14 -1.575050573774673750e+14
3.749999999999999861e-02 2.450356102335053125e+14 -1.340602937230065938e+14 -1.318126957517971875e+14
3.899999999999999994e-02 2.591374662156677188e+14 -1.142134670158553438e+14 -1.121961901075540312e+14
4.050000000000000128e-02 2.603667339973856250e+14 -9.845517672648696875e+13 -9.582540326964070312e+13
4.200000000000000261e-02 2.605388342616558750e+14 -8.562932105711240625e+13 -8.422371497736664062e+13
4.349999999999999700e-02 2.666376346255124375e+14 -7.506007310932873438e+13 -7.385256527982042188e+13
4.499999999999999833e-02 2.748164258982268125e+14 -6.631666696165374219e+13 -6.482375425805069531e+13
4.649999999999999967e-02 2.802118012112300000e+14 -5.901941513841726562e+13 -5.729012857689114844e+13
4.800000000000000100e-02 2.812334321974669688e+14 -5.293565140843660938e+13 -5.105905298040573438e+13
4.950000000000000233e-02 2.784192861001255625e+14 -4.780154756499429688e+13 -4.643670696977941406e+13
5.099999999999999672e-02 2.746091087450737500e+14 -4.346950225938068750e+13 -4.192076553463767969e+13
5.249999999999999806e-02 2.661628518051460625e+14 -3.988090964883750000e+13 -3.814527780412170312e+13
5.399999999999999939e-02 2.756029792418362188e+14 -3.662450800182148438e+13 -3.538610956215328906e+13
5.550000000000000072e-02 2.776383738270593125e+14 -3.389121404840955469e+13 -3.278512046391517578e+13
5.700000000000000205e-02 2.831513529716403750e+14 -3.146724439453877734e+13 -2.982959564982532422e+13
5.850000000000000339e-02 2.862501202881162500e+14 -2.941860377388007812e+13 -2.778286532337251172e+13
5.999999999999999778e-02 2.820590782286951875e+14 -2.771923775335223047e+13 -2.645201129329685547e+13
6.149999999999999911e-02 2.725588370365677188e+14 -2.625563851866121094e+13 -2.506397894383360547e+13
6.300000000000000044e-02 2.747765273108120625e+14 -2.487757948881792188e+13 -2.389395324643442969e+13
6.450000000000000178e-02 2.766143733239016875e+14 -2.366841742491242969e+13 -2.301879018228796094e+13
6.600000000000000311e-02 2.764877691556374375e+14 -2.263922462051927344e+13 -2.162160506920543750e+13
6.750000000000000444e-02 2.816001338176773750e+14 -2.172396778359127344e+13 -2.057404811304408594e+13
6.900000000000000577e-02 2.761753560845310625e+14 -2.094887240651296484e+13 -1.968055505765379297e+13
7.049999999999999323e-02 2.704010233773990312e+14 -2.026977878458838672e+13 -1.907016734647283594e+13
7.199999999999999456e-02 2.717210272074740625e+14 -1.961217625639343359e+13 -1.835861258990192188e+13
7.349999999999999589e-02 2.669759494362994688e+14 -1.906710640466358594e+13 -1.808553740219412500e+13
7.499999999999999722e-02 2.683478605805965938e+14 -1.855946948858405078e+13 -1.768441555825986719e+13
7.649999999999999856e-02 2.667948068104830938e+14 -1.810825295309863672e+13 -1.694937380407944922e+13
7.799999999999999989e-02 2.630412579893102500e+14 -1.773207085853742578e+13 -1.666238556179731641e+13
7.950000000000000122e-02 2.704100017445013750e+14 -1.732580550842102734e+13 -1.659494570483504297e+13
8.100000000000000255e-02 2.696939526418538438e+14 -1.700256914073257227e+13 -1.633024301785017969e+13
8.250000000000000389e-02 2.671582127773121250e+14 -1.674150844415484766e+13 -1.583511929533449805e+13
8.400000000000000522e-02 2.683325717546208438e+14 -1.646148569104839844e+13 -1.561691512385588477e+13
8.550000000000000655e-02 2.637167105513905312e+14 -1.622538975056496289e+13 -1.549520731801858594e+13
8.699999999999999400e-02 2.661339810212132500e+14 -1.592001405253905273e+13 -1.524679134596560156e+13
8.849999999999999534e-02 2.652783437179546562e+14 -1.569007241828077734e+13 -1.508631482001737891e+13
8.999999999999999667e-02 2.654163210898891562e+14 -1.550954362989785547e+13 -1.481104398125581055e+13
9.149999999999999800e-02 2.607642828337129062e+14 -1.536202752888268359e+13 -1.460137265217847461e+13
9.299999999999999933e-02 2.558357295189558125e+14 -1.520757887130238867e+13 -1.456586257870245312e+13
9.450000000000000067e-02 2.642588937873306562e+14 -1.500105822663470898e+13 -1.433228818111916797e+13
9.600000000000000200e-02 2.660142447329300938e+14 -1.486546228330254102e+13 -1.419975858382930469e+13
9.750000000000000333e-02 2.627969739898777812e+14 -1.475016538759844922e+13 -1.405900578889907031e+13
9.900000000000000466e-02 2.646277390646849688e+14 -1.462176805185354297e+13 -1.397078321681532617e+13
1.005000000000000060e-01 2.650956955256173125e+14 -1.450945633810413672e+13 -1.398595810888913086e+13
1.019999999999999934e-01 2.587464638288185625e+14 -1.445490361448591602e+13 -1.382227905588044336e+13
1.034999999999999948e-01 2.628780884061915000e+14 -1.433561326817273828e+13 -1.389610282098414062e+13
1.049999999999999961e-01 2.629094667680638125e+14 -1.427298839898527734e+13 -1.385129021852644141e+13
1.064999999999999974e-01 2.600942353175980000e+14 -1.420120795432587695e+13 -1.365503412989353906e+13
1.079999999999999988e-01 2.586918952577096875e+14 -1.414113196068685938e+13 -1.357099484759652344e+13
1.095000000000000001e-01 2.671990369897682188e+14 -1.403227199069566992e+13 -1.340026069252839844e+13
1.110000000000000014e-01 2.648072321607983438e+14 -1.398650150827026758e+13 -1.332132726939987891e+13
1.125000000000000028e-01 2.624758811107157188e+14 -1.399196962290239844e+13 -1.338499557559491211e+13
1.140000000000000041e-01 2.619703055938493438e+14 -1.400040816373109570e+13 -1.345431199995203516e+13
1.155000000000000054e-01 2.617923958117072812e+14 -1.397724859461816992e+13 -1.326554334607180469e+13
1.170000000000000068e-01 2.554312936531606875e+14 -1.399128044758636133e+13 -1.332326916112424805e+13
1.184999999999999942e-01 2.565583711886506250e+14 -1.397098053302808203e+13 -1.349333489001823438e+13
1.199999999999999956e-01 2.625677187275372188e+14 -1.392315468434210156e+13 -1.324180979602936328e+13
1.214999999999999969e-01 2.626492682946624062e+14 -1.390907420202849609e+13 -1.337217637475553516e+13
1.229999999999999982e-01 2.615769907148217500e+14 -1.390923896483317188e+13 -1.335539923144377539e+13
1.244999999999999996e-01 2.629655370616195000e+14 -1.387918661452158984e+13 -1.346344988681871094e+13
1.260000000000000009e-01 2.587151666476776875e+14 -1.389577964954855469e+13 -1.323831262756034375e+13
1.275000000000000022e-01 2.617582642364951875e+14 -1.386125699644723242e+13 -1.313238957670176953e+13
1.290000000000000036e-01 2.607176623966175312e+14 -1.386125769541846289e+13 -1.321738282254892383e+13
1.305000000000000049e-01 2.600695183646940312e+14 -1.384039488480343750e+13 -1.318073591170590234e+13
1.320000000000000062e-01 2.593289752794337812e+14 -1.383517784536104883e+13 -1.328132114151833984e+13
1.335000000000000075e-01 2.592910890817610000e+14 -1.383546063193435156e+13 -1.328662047302333203e+13
1.350000000000000089e-01 2.552957651996750938e+14 -1.384632484451978125e+13 -1.326860189494719141e+13
1.365000000000000102e-01 2.545597184337340625e+14 -1.384767253780903711e+13 -1.339313249586971875e+13
1.380000000000000115e-01 2.578240554295876875e+14 -1.381536170813276953e+13 -1.335823860533451562e+13
1.395000000000000129e-01 2.552892773352600625e+14 -1.381970120580727734e+13 -1.324465143151625391e+13
1.409999999999999865e-01 2.514911146350605938e+14 -1.384131947739799609e+13 -1.337622876869489453e+13
1.424999999999999878e-01 2.455295330046910000e+14 -1.386346946636810547e+13 -1.350313802373623242e+13
1.439999999999999891e-01 2.451016191956246250e+14 -1.386465570161287891e+13 -1.346228813916537305e+13
1.454999999999999905e-01 2.475547412878110625e+14 -1.385511216386710156e+13 -1.339892230444716406e+13
1.469999999999999918e-01 2.469707749394728750e+14 -1.384772670997546680e+13 -1.331676406852943164e+13
1.484999999999999931e-01 2.475507046715950625e+14 -1.383991538040508008e+13 -1.337254466718114844e+13
1.499999999999999944e-01 2.419313619935219062e+14 -1.387476357967597461e+13 -1.335053334070087695e+13
1.514999999999999958e-01 2.393507783979743438e+14 -1.388810396276175391e+13 -1.336847648784635156e+13
1.529999999999999971e-01 2.382297433831009062e+14 -1.388899074435522461e+13 -1.340132547383126172e+13
1.544999999999999984e-01 2.367816838811411250e+14 -1.388820200443455859e+13 -1.332696837170542188e+13
1.559999999999999998e-01 2.339900398168755312e+14 -1.389821073440403125e+13 -1.339814791189099609e+13
1.575000000000000011e-01 2.272037133339242500e+14 -1.393269208833436719e+13 -1.353348988816580859e+13
1.590000000000000024e-01 2.266811728342841250e+14 -1.393267334665818359e+13 -1.359525070045997070e+13
1.605000000000000038e-01 2.260433942217560938e+14 -1.393271683846064062e+13 -1.347386809928311719e+13
1.620000000000000051e-01 2.254827319462416250e+14 -1.393555290270395703e+13 -1.350444712733279297e+13
1.635000000000000064e-01 2.252238614494097500e+14 -1.394000429292317383e+13 -1.350481539140384180e+13
1.650000000000000078e-01 2.205340362828899062e+14 -1.396308166015500391e+13 -1.357166626697912109e+13
1.665000000000000091e-01 2.179270383520255312e+14 -1.397440442311696680e+13 -1.353217835258787109e+13
1.680000000000000104e-01 2.177890647245200000e+14 -1.396456132409453906e+13 -1.353017441901097656e+13
1.695000000000000118e-01 2.099664756502738125e+14 -1.400530285620254297e+13 -1.356607950347865039e+13
1.710000000000000131e-01 2.077067056685460625e+14 -1.401611841444096875e+13 -1.364016380585412305e+13
1.724999999999999867e-01 2.028359857230354062e+14 -1.404213075709621875e+13 -1.371790708925594141e+13
1.739999999999999880e-01 2.017138270432734688e+14 -1.404228822302214453e+13 -1.374964639339233008e+13
1.754999999999999893e-01 2.010430739590688750e+14 -1.404226217052516211e+13 -1.372384884385914453e+13
1.769999999999999907e-01 1.983860159083356250e+14 -1.405314458010291016e+13 -1.378935550299379102e+13
1.784999999999999920e-01 1.962514207996764688e+14 -1.406487165521806055e+13 -1.370351492532801562e+13
1.799999999999999933e-01 1.928757419332181875e+14 -1.408602298477886133e+13 -1.369404278685188672e+13
1.814999999999999947e-01 1.896272084367672500e+14 -1.409678982899993555e+13 -1.372072151399076172e+13
1.829999999999999960e-01 1.857989218884907500e+14 -1.411458582373678711e+13 -1.377740935873986523e+13
1.844999999999999973e-01 1.830872186683806250e+14 -1.412367844523214062e+13 -1.376858604903095312e+13
1.859999999999999987e-01 1.795952063667880000e+14 -1.413932452006111523e+13 -1.375414855303537891e+13
1.875000000000000000e-01 1.744234687761482500e+14 -1.416673733953968164e+13 -1.377936964066112500e+13
1.890000000000000013e-01 1.708892907591637188e+14 -1.418516987254267578e+13 -1.382582920619544531e+13
1.905000000000000027e-01 1.721221547232508438e+14 -1.417198444717518750e+13 -1.380381918895644922e+13
1.920000000000000040e-01 1.683276390823269062e+14 -1.418952346107216406e+13 -1.385244509143457422e+13
1.935000000000000053e-01 1.668780886362823125e+14 -1.419359458525240430e+13 -1.383078839447395898e+13
1.950000000000000067e-01 1.609587286034433125e+14 -1.422469810220401562e+13 -1.390699871856226172e+13
1.965000000000000080e-01 1.579054669591191875e+14 -1.423508634068111133e+13 -1.394814921444252930e+13
1.980000000000000093e-01 1.559293257477102812e+14 -1.424260274087227148e+13 -1.397578152173527930e+13
1.995000000000000107e-01 1.494538635429806562e+14 -1.427579030923444336e+13 -1.398574452044852734e+13
2.010000000000000120e-01 1.484395841356466562e+14 -1.427619831131785547e+13 -1.399093319131796875e+13
2.025000000000000133e-01 1.473781772623960000e+14 -1.428115302634948828e+13 -1.396937041098842969e+13
2.039999999999999869e-01 1.425376257874436562e+14 -1.430730446171418164e+13 -1.395085289445242969e+13
2.054999999999999882e-01 1.404046466616584688e+14 -1.431267724552564844e+13 -1.399417599700202539e+13
2.069999999999999896e-01 1.383370016153490312e+14 -1.431677428051616992e+13 -1.404828079203267969e+13
2.084999999999999909e-01 1.339906848460699062e+14 -1.434142158830950781e+13 -1.409985025498866992e+13
2.099999999999999922e-01 1.305158548640461719e+14 -1.435658628678948438e+13 -1.405527110842376172e+13
2.114999999999999936e-01 1.280121981061989219e+14 -1.435745001805142578e+13 -1.404212237585125391e+13
2.129999999999999949e-01 1.280043488307811406e+14 -1.433854188764273828e+13 -1.407464914605911719e+13
2.144999999999999962e-01 1.236729419589711562e+14 -1.435441764686932422e+13 -1.411377982003460938e+13
2.159999999999999976e-01 1.207502182361756250e+14 -1.435551952862094531e+13 -1.415559982691251562e+13
2.174999999999999989e-01 1.171547786451264531e+14 -1.436426867753884961e+13 -1.413468905242048828e+13
2.190000000000000002e-01 1.153524153248789844e+14 -1.436507130133945898e+13 -1.415680143498017773e+13
2.205000000000000016e-01 1.140916016737667656e+14 -1.436440217959374414e+13 -1.415564183643780469e+13
2.220000000000000029e-01 1.092458100639394531e+14 -1.438195331465100781e+13 -1.413115654472033008e+13
2.235000000000000042e-01 1.047608618624751094e+14 -1.440084357892734375e+13 -1.417738993664460547e+13
2.250000000000000056e-01 1.039582805064501719e+14 -1.439966383514510547e+13 -1.413643587927783398e+13
2.265000000000000069e-01 1.009224619534551094e+14 -1.441189557359870117e+13 -1.417374771131185156e+13
2.280000000000000082e-01 9.776420816805331250e+13 -1.442644462347777539e+13 -1.416145375762576758e+13
2.295000000000000095e-01 9.559483586085987500e+13 -1.443283697237974023e+13 -1.421607039032316797e+13
2.310000000000000109e-01 9.454492731007468750e+13 -1.442885949920279102e+13 -1.422321417703276562e+13
2.325000000000000122e-01 9.327078397887871875e+13 -1.443461707351074023e+13 -1.416708730505945117e+13
2.340000000000000135e-01 9.137760992248206250e+13 -1.444218182968027344e+13 -1.424267889073227734e+13
2.354999999999999871e-01 8.660407850694973438e+13 -1.446303698074100195e+13 -1.423394998113302734e+13
2.369999999999999885e-01 8.404812860395079688e+13 -1.447313806304730078e+13 -1.422648015426779297e+13
2.384999999999999898e-01 8.312669286377200000e+13 -1.449317181896606055e+13 -1.430236411055294727e+13
2.399999999999999911e-01 7.965645508560009375e+13 -1.452081869448960742e+13 -1.431915476345047656e+13
2.414999999999999925e-01 7.753698559183134375e+13 -1.453339895471682031e+13 -1.436768396905868750e+13
2.429999999999999938e-01 7.767569623052051562e+13 -1.453283986510385156e+13 -1.431760167627667188e+13
2.444999999999999951e-01 7.377220437036140625e+13 -1.455981146200100195e+13 -1.433684978745914062e+13
2.459999999999999964e-01 7.092616308340575000e+13 -1.457730998542060547e+13 -1.443015764994725781e+13
2.474999999999999978e-01 7.072723135323193750e+13 -1.457857759323240625e+13 -1.443939115346318359e+13
2.489999999999999991e-01 7.065310534928837500e+13 -1.457987790059692578e+13 -1.443513650962785352e+13
2.505000000000000004e-01 7.000701521986377344e+13 -1.458311077043256445e+13 -1.444891938845776367e+13
2.520000000000000018e-01 6.851485182775848438e+13 -1.458896686803936133e+13 -1.441423004735984375e+13
2.535000000000000031e-01 6.739419568299466406e+13 -1.459116599263154688e+13 -1.442611035512849414e+13
2.550000000000000044e-01 6.388400752540224219e+13 -1.461632246795850391e+13 -1.445828479259557422e+13
2.565000000000000058e-01 6.158138844631439062e+13 -1.462990655248944727e+13 -1.450045650468408203e+13
2.580000000000000071e-01 6.064947923438347656e+13 -1.463097675291108594e+13 -1.447949717109940430e+13
2.595000000000000084e-01 5.816042139897835156e+13 -1.464232696131870508e+13 -1.449524259536121094e+13
2.610000000000000098e-01 5.630333398069464062e+13 -1.465214080719397656e+13 -1.454955582015794727e+13
2.625000000000000111e-01 5.665155848476588281e+13 -1.464573385821603711e+13 -1.453161554062218750e+13
2.640000000000000124e-01 5.460483980767653125e+13 -1.465986205123096289e+13 -1.453534242440300781e+13
2.655000000000000138e-01 5.354127667497490625e+13 -1.466164281242902148e+13 -1.450801105263761328e+13
2.670000000000000151e-01 5.171663158975778125e+13 -1.467115083854881250e+13 -1.453096945662139844e+13
2.685000000000000164e-01 5.088589995418424219e+13 -1.467347448773289453e+13 -1.456991758047146289e+13
2.700000000000000178e-01 4.950437202144184375e+13 -1.468266838346841016e+13 -1.453294188895014062e+13
2.715000000000000191e-01 4.818772934854309375e+13 -1.468619140380232422e+13 -1.453755549112875000e+13
2.730000000000000204e-01 4.577436464292725000e+13 -1.469613526048275781e+13 -1.457284544337874609e+13
2.745000000000000218e-01 4.558074786140714062e+13 -1.469541917138978125e+13 -1.458735364881093555e+13
2.760000000000000231e-01 4.486787022485971875e+13 -1.469579368497732031e+13 -1.455826289491168750e+13
2.775000000000000244e-01 4.295343224706539062e+13 -1.470559637951813086e+13 -1.457917215915335938e+13
2.790000000000000258e-01 4.138577114898186719e+13 -1.471225931530647656e+13 -1.459605385121161914e+13
2.805000000000000271e-01 3.980801667790693750e+13 -1.472256786040717188e+13 -1.459065472890117773e+13
2.819999999999999729e-01 4.033029379995185938e+13 -1.471278110715393750e+13 -1.458572691900545703e+13
2.834999999999999742e-01 4.059900272313762500e+13 -1.470481596365924805e+13 -1.458181398649204883e+13
2.849999999999999756e-01 4.001722673922809375e+13 -1.470641503536607812e+13 -1.459376455235556250e+13
2.864999999999999769e-01 3.826559277581654688e+13 -1.471622171076612891e+13 -1.460391383796681445e+13
2.879999999999999782e-01 3.706472094307212500e+13 -1.471948089152540039e+13 -1.461032658500518359e+13
2.894999999999999796e-01 3.573291676852297656e+13 -1.472300492262684570e+13 -1.461572775872929883e+13
2.909999999999999809e-01 3.533285542084845312e+13 -1.472122150305901562e+13 -1.461530508886885742e+13
2.924999999999999822e-01 3.480847069253611719e+13 -1.472306488138566797e+13 -1.460631425792236523e+13
2.939999999999999836e-01 3.367071999038360156e+13 -1.472669268624484766e+13 -1.463993258114632812e+13
2.954999999999999849e-01 3.234550932484936328e+13 -1.473010250109553906e+13 -1.461818885148817188e+13
2.969999999999999862e-01 3.156113887828838672e+13 -1.473174994780150586e+13 -1.463395260190829492e+13
2.984999999999999876e-01 3.094503069189595703e+13 -1.473128512489851562e+13 -1.463009452151739648e+13
2.999999999999999889e-01 3.093974985189881250e+13 -1.472563585282821875e+13 -1.463687205025363867e+13
3.014999999999999902e-01 2.999848579301101953e+13 -1.472756821882910742e+13 -1.461519373590425586e+13
3.029999999999999916e-01 2.947726125295553516e+13 -1.472415693923070117e+13 -1.463294009490332031e+13
3.044999999999999929e-01 2.774147578204764453e+13 -1.473368610503442578e+13 -1.464251447139791211e+13
3.059999999999999942e-01 2.699285424957177344e+13 -1.473563312548852539e+13 -1.464120943555187695e+13
3.074999999999999956e-01 2.721616025605724609e+13 -1.472850355025682227e+13 -1.464076727135674609e+13
3.089999999999999969e-01 2.677704941737210938e+13 -1.472670429594238477e+13 -1.463301853569140234e+13
3.104999999999999982e-01 2.621588436527255078e+13 -1.472601548251781445e+13 -1.462942909028930859e+13
3.119999999999999996e-01 2.457817898529736719e+13 -1.473467333112604688e+13 -1.464274688505315430e+13
3.135000000000000009e-01 2.624914547642744531e+13 -1.471183823810605273e+13 -1.462790886601197656e+13
3.150000000000000022e-01 2.385428751874875000e+13 -1.473090100842671680e+13 -1.463378962842801758e+13
3.165000000000000036e-01 2.277815072472127734e+13 -1.473167139432254297e+13 -1.465777388425543555e+13
3.180000000000000049e-01 2.298206538492358203e+13 -1.472456851875344336e+13 -1.465817348384624219e+13
3.195000000000000062e-01 2.257366075066933594e+13 -1.472246319337133984e+13 -1.464579086070798828e+13
3.210000000000000075e-01 2.198588652199949219e+13 -1.472184869604086719e+13 -1.465670710670860352e+13
3.225000000000000089e-01 2.149536996135021875e+13 -1.471962577677426367e+13 -1.464313525160299609e+13
3.240000000000000102e-01 2.130786848464134375e+13 -1.471616312748096289e+13 -1.465220876825980664e+13
3.255000000000000115e-01 2.117718256512822266e+13 -1.471212728353912109e+13 -1.462769940986038672e+13
3.270000000000000129e-01 2.036281642589433594e+13 -1.471302557448114453e+13 -1.462885260841250977e+13
3.285000000000000142e-01 1.983719597965337891e+13 -1.471247053805457617e+13 -1.463320856683720703e+13
3.300000000000000155e-01 2.006434524147447656e+13 -1.470537451326631641e+13 -1.462070273865391992e+13
3.315000000000000169e-01 1.956625400600450781e+13 -1.470188641669630664e+13 -1.462972239239126562e+13
3.330000000000000182e-01 1.915888892409904688e+13 -1.469918763824592383e+13 -1.461681634671171289e+13
3.345000000000000195e-01 1.890297840975397656e+13 -1.469420492766764062e+13 -1.460310661340564648e+13
3.360000000000000209e-01 1.899682336541923438e+13 -1.469025048989330859e+13 -1.461535834462711133e+13
3.375000000000000222e-01 1.866691891598534375e+13 -1.468885275070074219e+13 -1.461892255549704883e+13
3.390000000000000235e-01 1.746355029246732031e+13 -1.468887937441146680e+13 -1.463068672527225977e+13
3.405000000000000249e-01 1.575896114691681250e+13 -1.469895836389143164e+13 -1.464974501401207617e+13
3.420000000000000262e-01 1.629079523275479492e+13 -1.468672004847855273e+13 -1.463462615051732617e+13
3.435000000000000275e-01 1.580950458456159570e+13 -1.468401626236818359e+13 -1.462149755087575586e+13
3.449999999999999734e-01 1.498561509085821289e+13 -1.468867163716249609e+13 -1.464583317010068555e+13
3.464999999999999747e-01 1.547447961558439258e+13 -1.467634432612214648e+13 -1.462236034940458594e+13
3.479999999999999760e-01 1.490468870199403711e+13 -1.467621904947433789e+13 -1.462942554591326758e+13
3.494999999999999774e-01 1.423369956697560938e+13 -1.467545989019773047e+13 -1.462244967546019727e+13
3.509999999999999787e-01 1.537421387729307227e+13 -1.466083824582975781e+13 -1.460571417914918164e+13
3.524999999999999800e-01 1.554033485088308398e+13 -1.465132657918983789e+13 -1.458229182754339062e+13
3.539999999999999813e-01 1.432284348540499219e+13 -1.465714827592696680e+13 -1.460064605057268555e+13
3.554999999999999827e-01 1.490231058405071289e+13 -1.464519506172134570e+13 -1.459097332325219922e+13
3.569999999999999840e-01 1.498524692616445117e+13 -1.463669139094663477e+13 -1.458292811782474609e+13
3.584999999999999853e-01 1.378559603483347656e+13 -1.464178115459516992e+13 -1.457325468337340430e+13
3.599999999999999867e-01 1.330245802445821289e+13 -1.463987940336433984e+13 -1.458424188180561719e+13
3.614999999999999880e-01 1.273563831555895703e+13 -1.463477690043044141e+13 -1.457572125769639844e+13
3.629999999999999893e-01 1.238596823533807031e+13 -1.463286847686586719e+13 -1.458031185998123047e+13
3.644999999999999907e-01 1.280806763371665234e+13 -1.462162546339798242e+13 -1.457752561367583398e+13
3.659999999999999920e-01 1.217326009921697461e+13 -1.462282253050190820e+13 -1.457167327725714258e+13
3.674999999999999933e-01 1.286884025041631445e+13 -1.461392572494433984e+13 -1.456335298474791211e+13
3.689999999999999947e-01 1.319690458177912695e+13 -1.460124113112675195e+13 -1.454820657891741406e+13
3.704999999999999960e-01 1.182826228369541406e+13 -1.460495293882945508e+13 -1.455450644652731250e+13
3.719999999999999973e-01 1.122074673250512109e+13 -1.460534819862492383e+13 -1.455647973922439844e+13
3.734999999999999987e-01 1.165114820442446484e+13 -1.459614004714117383e+13 -1.454751790049583984e+13
3.750000000000000000e-01 1.155444534409599023e+13 -1.458859468445503516e+13 -1.453764324442705469e+13
3.765000000000000013e-01 1.123494774644958789e+13 -1.458335752735324414e+13 -1.451677568590569531e+13
3.780000000000000027e-01 1.144485648791840820e+13 -1.457749055369591602e+13 -1.451630628113054297e+13
3.795000000000000040e-01 1.112787309249263867e+13 -1.457123636547689062e+13 -1.452544429406649219e+13
3.810000000000000053e-01 1.017663640288060547e+13 -1.457367952323091406e+13 -1.453445321934936133e+13
3.825000000000000067e-01 1.105644415221347070e+13 -1.456076795907819531e+13 -1.452474433493235742e+13
3.840000000000000080e-01 1.075786926517714844e+13 -1.455695826608226758e+13 -1.452409452280280859e+13
3.855000000000000093e-01 1.060323935558217188e+13 -1.454893243215072852e+13 -1.450600117573695312e+13
3.870000000000000107e-01 9.919222503190662109e+12 -1.454651479503108984e+13 -1.449948449444704492e+13
3.885000000000000120e-01 9.779240197986603516e+12 -1.454345516641891211e+13 -1.450245341108066602e+13
3.900000000000000133e-01 1.037433937451222266e+13 -1.453145414418477734e+13 -1.448459205718964453e+13
3.915000000000000147e-01 1.027785433810176172e+13 -1.452572258833513867e+13 -1.447852894165654297e+13
3.930000000000000160e-01 1.028440044455846680e+13 -1.451971510740309766e+13 -1.447725279679741211e+13
3.945000000000000173e-01 9.776029082888187500e+12 -1.451350619114875000e+13 -1.447286498120363086e+13
3.960000000000000187e-01 9.156613330828695312e+12 -1.451306324366516797e+13 -1.446698903298702734e+13
3.975000000000000200e-01 9.144230480721697266e+12 -1.450518210082861719e+13 -1.445661450520116797e+13
3.990000000000000213e-01 8.304617594276449219e+12 -1.450397937186645898e+13 -1.445326546556330078e+13
4.005000000000000226e-01 8.900540334348675781e+12 -1.449300218875635547e+13 -1.444878179180899219e+13
4.020000000000000240e-01 9.470775980966326172e+12 -1.448187290442683398e+13 -1.443462255801662500e+13
4.035000000000000253e-01 9.170366065436996094e+12 -1.448040300785941992e+13 -1.444687878067619531e+13
4.050000000000000266e-01 9.896164770814066406e+12 -1.446574799565899219e+13 -1.442271153997519531e+13
4.064999999999999725e-01 9.378102488238179688e+12 -1.446291133486001172e+13 -1.443051719515814844e+13
4.079999999999999738e-01 8.688291732025283203e+12 -1.446312169114155664e+13 -1.442835701590887695e+13
4.094999999999999751e-01 8.797748473245095703e+12 -1.444872586503234375e+13 -1.441122322422153516e+13
4.109999999999999765e-01 8.173286055444914062e+12 -1.444360605291204688e+13 -1.440884849036031641e+13
4.124999999999999778e-01 8.142739796075164062e+12 -1.443464137399350000e+13 -1.439848201253193750e+13
4.139999999999999791e-01 8.246952331265064453e+12 -1.442630691412970117e+13 -1.439971387613307031e+13
4.154999999999999805e-01 8.948886792263761719e+12 -1.441208614208590234e+13 -1.438687471386033008e+13
4.169999999999999818e-01 8.551614447523359375e+12 -1.440416633055643359e+13 -1.438012029449429492e+13
4.184999999999999831e-01 7.753032646453410156e+12 -1.440296464735311523e+13 -1.437105094688521484e+13
4.199999999999999845e-01 7.593433200513787109e+12 -1.439604127459073242e+13 -1.436033189763490039e+13
4.214999999999999858e-01 8.133653164565632812e+12 -1.438044082627923438e+13 -1.434271980599168164e+13
4.229999999999999871e-01 7.556577475075642578e+12 -1.437853193358388281e+13 -1.434478238087791016e+13
4.244999999999999885e-01 7.804257839931480469e+12 -1.436791778168012305e+13 -1.434376689715836719e+13
4.259999999999999898e-01 7.256108444925417969e+12 -1.436452724667981836e+13 -1.434002776624433594e+13
4.274999999999999911e-01 7.625126797765832031e+12 -1.435238534950758008e+13 -1.431898526974134570e+13
4.289999999999999925e-01 7.964207196641597656e+12 -1.434180360283043359e+13 -1.429423432591132031e+13
4.304999999999999938e-01 8.071044685059146484e+12 -1.433235542395447070e+13 -1.430398700904835547e+13
4.319999999999999951e-01 7.117870927790787109e+12 -1.433280154747644141e+13 -1.430692027309443750e+13
4.334999999999999964e-01 7.908630556075587891e+12 -1.431659202766340820e+13 -1.428161517791301367e+13
4.349999999999999978e-01 7.973478822967085938e+12 -1.431245890335373242e+13 -1.427029531657765625e+13
4.364999999999999991e-01 7.309260135505056641e+12 -1.431353615791473633e+13 -1.428030851023252734e+13
4.380000000000000004e-01 7.165824646564216797e+12 -1.430847318608357812e+13 -1.427938108877934766e+13
4.395000000000000018e-01 7.052038612524744141e+12 -1.430281655654868359e+13 -1.426857351884683398e+13
4.410000000000000031e-01 7.657196625112337891e+12 -1.429162636130221289e+13 -1.425666830621923438e+13
4.425000000000000044e-01 7.106369619774136719e+12 -1.429155155637452930e+13 -1.425727361742257227e+13
4.440000000000000058e-01 7.912399750342832031e+12 -1.427747722928917969e+13 -1.425883644485707422e+13
4.455000000000000071e-01 7.266604143801712891e+12 -1.427508145142079688e+13 -1.424359347253403320e+13
4.470000000000000084e-01 7.474086871362013672e+12 -1.426650607882954688e+13 -1.423567568966070898e+13
4.485000000000000098e-01 8.216233973006478516e+12 -1.425245223730036523e+13 -1.421465489382420508e+13
4.500000000000000111e-01 6.944024103885781250e+12 -1.425438668736405469e+13 -1.421782777039239648e+13
4.515000000000000124e-01 6.307092231983400391e+12 -1.425220675765601367e+13 -1.421722895633239844e+13
4.530000000000000138e-01 7.462028628821136719e+12 -1.423532744331746289e+13 -1.420230635280136719e+13
4.545000000000000151e-01 7.651962484276523438e+12 -1.422874373361730859e+13 -1.419710188928716992e+13
4.560000000000000164e-01 7.585482519093279297e+12 -1.422179227982186523e+13 -1.419903710326429492e+13
4.575000000000000178e-01 7.275769935564880859e+12 -1.421775041286812695e+13 -1.418439225056008789e+13
4.590000000000000191e-01 7.372094483819828125e+12 -1.420691732966111719e+13 -1.417099371279131445e+13
4.605000000000000204e-01 6.985414835552222656e+12 -1.420228042558428320e+13 -1.417018054126450391e+13
4.620000000000000218e-01 7.761508389727359375e+12 -1.418899179491987305e+13 -1.415162119914528320e+13
4.635000000000000231e-01 7.848184729002283203e+12 -1.418050036875871094e+13 -1.414390206454889648e+13
4.650000000000000244e-01 6.911426242434074219e+12 -1.417955241442206836e+13 -1.415020055078363672e+13
4.665000000000000258e-01 6.441034759916654297e+12 -1.417569041513503516e+13 -1.414965429304052734e+13
4.680000000000000271e-01 7.070090567668806641e+12 -1.416196312115380273e+13 -1.413788871330020898e+13
4.694999999999999729e-01 7.070244143303566406e+12 -1.415439324254984961e+13 -1.412512863861438281e+13
4.709999999999999742e-01 7.704525577026095703e+12 -1.414276532715968750e+13 -1.411458794167416406e+13
4.724999999999999756e-01 6.864112167623714844e+12 -1.414245433624494141e+13 -1.411839557015025391e+13
4.739999999999999769e-01 6.599065307071009766e+12 -1.413311733413126172e+13 -1.410569073114759375e+13
4.754999999999999782e-01 6.945152682696927734e+12 -1.412549657261576562e+13 -1.410074969191283789e+13
4.769999999999999796e-01 7.398788525263775391e+12 -1.411426313104265820e+13 -1.408272778398103906e+13
4.784999999999999809e-01 6.686113098787097656e+12 -1.411136540939303320e+13 -1.408498049405394727e+13
4.799999999999999822e-01 6.872198532689003906e+12 -1.410166300907435547e+13 -1.407508240292143164e+13
4.814999999999999836e-01 6.992947169374039062e+12 -1.409306362626428516e+13 -1.406595682204527344e+13
4.829999999999999849e-01 7.061826992794521484e+12 -1.408337004790627539e+13 -1.405236563485120312e+13
4.844999999999999862e-01 6.784975900762384766e+12 -1.407685496981296094e+13 -1.405112589013977734e+13
4.859999999999999876e-01 6.769578228727097656e+12 -1.406911599405692969e+13 -1.404285584882329883e+13
4.874999999999999889e-01 7.738142847184185547e+12 -1.405378225125647656e+13 -1.402284623746000391e+13
4.889999999999999902e-01 7.675275755592615234e+12 -1.404644759408056641e+13 -1.402182117728538086e+13
4.904999999999999916e-01 7.007779840813009766e+12 -1.404332089499078906e+13 -1.401489539007648828e+13
4.919999999999999929e-01 7.307853959832378906e+12 -1.403164304546556250e+13 -1.400211345250599805e+13
4.934999999999999942e-01 7.289843251090593750e+12 -1.402551366149065625e+13 -1.399255674735291797e+13
4.949999999999999956e-01 7.314093516197917969e+12 -1.401680351236019727e+13 -1.398880826325150977e+13
4.964999999999999969e-01 6.666070547017582031e+12 -1.401326075709418359e+13 -1.399474075229918359e+13
4.979999999999999982e-01 6.954878892618732422e+12 -1.400274898976851758e+13 -1.398109932203834961e+13
4.994999999999999996e-01 7.186105611197279297e+12 -1.399245744119435352e+13 -1.396567109789463477e+13
5.010000000000000009e-01 7.148010682391830078e+12 -1.398227134700658203e+13 -1.394319204583986719e+13
5.024999999999999467e-01 7.066207224225048828e+12 -1.397409264244941797e+13 -1.393515242883778906e+13
5.040000000000000036e-01 6.487849802642132812e+12 -1.397163325611147461e+13 -1.394418809525741406e+13
5.054999999999999494e-01 7.292883945754412109e+12 -1.395736410810530859e+13 -1.392822695797489258e+13
5.070000000000000062e-01 7.557602580475115234e+12 -1.394697031724160547e+13 -1.391137281810886719e+13
5.084999999999999520e-01 7.058348217421740234e+12 -1.394165532540130859e+13 -1.391361444462926758e+13
5.100000000000000089e-01 6.454876758460832031e+12 -1.393814317308608008e+13 -1.391552589132822070e+13
5.114999999999999547e-01 6.639612089774705078e+12 -1.392760872062665430e+13 -1.390358809639318359e+13
5.130000000000000115e-01 6.962332318255216797e+12 -1.391840267696742969e+13 -1.389743174843744531e+13
5.144999999999999574e-01 7.295400269526044922e+12 -1.390628308727719336e+13 -1.387948299220962305e+13
5.160000000000000142e-01 7.262016117808740234e+12 -1.389934127604903711e+13 -1.387812776212440625e+13
5.174999999999999600e-01 7.604362615150783203e+12 -1.388769180184533789e+13 -1.386436569012485938e+13
5.190000000000000169e-01 7.318366814120203125e+12 -1.388109823255695117e+13 -1.385859982290462500e+13
5.204999999999999627e-01 7.175523868262556641e+12 -1.387440195526045898e+13 -1.385569447738534375e+13
5.220000000000000195e-01 7.280278294930115234e+12 -1.386352001645189062e+13 -1.383912895397188867e+13
5.234999999999999654e-01 6.731795824547220703e+12 -1.385781392950489844e+13 -1.383053115001677734e+13
5.250000000000000222e-01 6.177839026466806641e+12 -1.385301101421316797e+13 -1.382192712944610742e+13
5.264999999999999680e-01 7.059747455944099609e+12 -1.383903049893024805e+13 -1.381631956394980273e+13
5.280000000000000249e-01 7.456661740808001953e+12 -1.382651150954376953e+13 -1.379549552851561133e+13
5.294999999999999707e-01 6.586165416898380859e+12 -1.382577389516329297e+13 -1.380260549903037305e+13
5.310000000000000275e-01 6.996974493294082031e+12 -1.381295806927588086e+13 -1.378805795020317773e+13
5.324999999999999734e-01 7.211304015154402344e+12 -1.380405699859358398e+13 -1.377948757971885156e+13
5.340000000000000302e-01 6.884910675796126953e+12 -1.379495872762469336e+13 -1.376870182738730469e+13
5.354999999999999760e-01 6.661317061249978516e+12 -1.378676135297240430e+13 -1.375825303487701367e+13
5.370000000000000329e-01 7.445595085487615234e+12 -1.377062628860204492e+13 -1.374527036157089844e+13
5.384999700000000500e-01 7.738286536281359375e+12 -1.375897335020461328e+13 -1.373429331203911328e+13
5.400000000000000355e-01 7.815439355189089844e+12 -1.374792842350294922e+13 -1.371815127679638672e+13
5.415000300000000211e-01 6.916667590860507812e+12 -1.374275215321023438e+13 -1.371228370829101172e+13
5.430000000000000382e-01 7.197222743394332031e+12 -1.373071604569785938e+13 -1.370149750316849023e+13
5.444999700000000553e-01 7.025517501529644531e+12 -1.372309999758592383e+13 -1.369166476304346094e+13
5.460000000000000409e-01 7.509400907085503906e+12 -1.370902156987990234e+13 -1.368023454168847266e+13
5.475000300000000264e-01 7.207449558883199219e+12 -1.370229212008046680e+13 -1.367950966801395508e+13
5.490000000000000435e-01 6.770117232504080078e+12 -1.369528073084994922e+13 -1.367057527208552148e+13
5.504999699999999496e-01 6.780140661521708984e+12 -1.368399754605523047e+13 -1.365872715537093750e+13
5.520000000000000462e-01 6.948858008188978516e+12 -1.367415378139737891e+13 -1.364495127967375195e+13
5.535000300000000317e-01 7.351240943479003906e+12 -1.366229194463006641e+13 -1.362772827937398047e+13
5.550000000000000488e-01 7.148202263030759766e+12 -1.365397592496841406e+13 -1.362409730196724805e+13
5.564999699999999550e-01 7.251797584384488281e+12 -1.364102602602972461e+13 -1.360980040070389258e+13
5.580000000000000515e-01 7.194421508072214844e+12 -1.363184540523018359e+13 -1.360325556318193945e+13
5.595000300000000371e-01 7.221940359684580078e+12 -1.362323275681676953e+13 -1.359572804151143164e+13
5.610000000000000542e-01 6.635284573278500000e+12 -1.361970046680703711e+13 -1.359163396372008594e+13
5.624999699999999603e-01 7.093321534937291016e+12 -1.360925705818221289e+13 -1.358567043904055273e+13
5.639999999999999458e-01 7.575780890056724609e+12 -1.359935991913733594e+13 -1.357610784595270703e+13
5.655000300000000424e-01 7.222309743030517578e+12 -1.359388435551533008e+13 -1.356943211608593164e+13
5.669999999999999485e-01 7.570695997411582031e+12 -1.358197583512308203e+13 -1.355104645164325195e+13
5.684999699999999656e-01 7.860806614522998047e+12 -1.357121588946465625e+13 -1.354214730522778125e+13
5.699999999999999512e-01 7.280972755403384766e+12 -1.356668821201314453e+13 -1.353549595752703320e+13
5.715000300000000477e-01 7.699581663322205078e+12 -1.355476434281040234e+13 -1.352726791101573828e+13
5.729999999999999538e-01 7.110712570225652344e+12 -1.354950496055600781e+13 -1.352459917151014258e+13
5.744999699999999709e-01 7.268853696498330078e+12 -1.353953787874872656e+13 -1.351675347091420898e+13
5.759999999999999565e-01 6.758716913799025391e+12 -1.353540728009335156e+13 -1.351198416929605469e+13
5.775000300000000530e-01 7.247236588104261719e+12 -1.352211046444254102e+13 -1.350377259602437891e+13
5.789999999999999591e-01 6.990268426672439453e+12 -1.351465849785441211e+13 -1.349372452281540039e+13
5.804999699999999763e-01 6.645425706957195312e+12 -1.350682865891649609e+13 -1.348582598204491211e+13
5.819999999999999618e-01 6.858839683968929688e+12 -1.349805569089366406e+13 -1.347607588426217188e+13
5.835000299999999473e-01 7.346162266175644531e+12 -1.348463824453009180e+13 -1.346384123464321875e+13
5.849999999999999645e-01 7.458413902522902344e+12 -1.347552491969946875e+13 -1.345266343004884375e+13
5.864999699999999816e-01 7.015617774436419922e+12 -1.346792671218581836e+13 -1.344102855683995703e+13
5.879999999999999671e-01 7.038752633573228516e+12 -1.345911088571074023e+13 -1.343720027643151562e+13
5.895000299999999527e-01 7.704137068540234375e+12 -1.344595905261347070e+13 -1.342292066243129492e+13
5.909999999999999698e-01 6.974411114070205078e+12 -1.344099242880932031e+13 -1.341156434284026953e+13
5.924999699999999869e-01 6.786344520847449219e+12 -1.343175636594050781e+13 -1.340683576831044727e+13
5.939999999999999725e-01 6.508144299618751953e+12 -1.342455792241861914e+13 -1.340102399061457031e+13
5.955000299999999580e-01 7.098799765767476562e+12 -1.341074388945829688e+13 -1.339121023992541797e+13
5.969999999999999751e-01 6.946740502405693359e+12 -1.340357301588588672e+13 -1.338047619823085742e+13
5.984999699999999923e-01 7.526160732404984375e+12 -1.339083227216494531e+13 -1.335965987354772461e+13
5.999999999999999778e-01 7.447297738296650391e+12 -1.338134001749566992e+13 -1.335812602039530859e+13
6.015000299999999633e-01 6.773910831801910156e+12 -1.337734768419166797e+13 -1.335821191066407617e+13
6.029999999999999805e-01 7.263259714773125000e+12 -1.336385520592471484e+13 -1.334233143966355664e+13
6.044999699999999976e-01 7.263498232674062500e+12 -1.335388359367772266e+13 -1.332760502212760156e+13
6.059999999999999831e-01 7.063862436895636719e+12 -1.334515535242893359e+13 -1.332413471406464258e+13
6.075000299999999687e-01 6.774295826722341797e+12 -1.333895078576661133e+13 -1.331896662989752539e+13
6.089999999999999858e-01 7.269197675334933594e+12 -1.332615550280680078e+13 -1.330516452546220312e+13
6.104999700000000029e-01 7.310102778129882812e+12 -1.331541955980482031e+13 -1.329213669862207422e+13
6.119999999999999885e-01 7.410977648853667969e+12 -1.330520123657101953e+13 -1.328159840998867578e+13
6.135000299999999740e-01 6.978483450100806641e+12 -1.329911246068245117e+13 -1.327536984930934180e+13
6.149999999999999911e-01 7.637396768845962891e+12 -1.328452203477429688e+13 -1.326043891366728125e+13
6.164999700000000082e-01 7.392788525902017578e+12 -1.327789002642970898e+13 -1.324647620447730469e+13
6.179999999999999938e-01 7.087064900174033203e+12 -1.326742229281622266e+13 -1.323518202732799219e+13
6.195000299999999793e-01 7.281854007468824219e+12 -1.325841616635017188e+13 -1.323008142924288086e+13
6.209999999999999964e-01 7.366744818147863281e+12 -1.324817066635166016e+13 -1.322664023907794922e+13
6.224999700000000136e-01 6.928711910685757812e+12 -1.324141346073478516e+13 -1.322520734436055078e+13
6.239999999999999991e-01 7.481787107898320312e+12 -1.322767692873103906e+13 -1.320315761873744727e+13
6.255000299999999847e-01 6.920456304000750000e+12 -1.322177911843911523e+13 -1.319554756863857227e+13
6.270000000000000018e-01 6.560700924287011719e+12 -1.321387867364800391e+13 -1.319084091053942578e+13
6.284999700000000189e-01 6.866585144350617188e+12 -1.320296055123781641e+13 -1.317800595130931055e+13
6.300000000000000044e-01 7.418150217005328125e+12 -1.319041908096773047e+13 -1.317309035375887891e+13
6.315000299999999900e-01 7.294394242083210938e+12 -1.318172431620936328e+13 -1.316027014196217969e+13
6.330000000000000071e-01 7.317662798700542969e+12 -1.316958600899518945e+13 -1.314569539509759375e+13
6.344999700000000242e-01 6.929031929657646484e+12 -1.316359728787148828e+13 -1.314709295195759766e+13
6.360000000000000098e-01 6.638682472682542969e+12 -1.315619861544312109e+13 -1.313650168120751367e+13
6.375000299999999953e-01 6.780917834391996094e+12 -1.314557322365843359e+13 -1.312538575561947656e+13
6.390000000000000124e-01 7.115567018318083984e+12 -1.313221241114201758e+13 -1.311142428114350586e+13
6.404999700000000296e-01 6.834171558681832031e+12 -1.312390154806530469e+13 -1.310464003970364258e+13
6.420000000000000151e-01 7.013830240097339844e+12 -1.311413925360576172e+13 -1.309562176587541406e+13
6.435000300000000006e-01 7.181204176725583984e+12 -1.310289768402743555e+13 -1.307872485192975391e+13
6.450000000000000178e-01 7.844457531187937500e+12 -1.308987042747552344e+13 -1.307345467118874609e+13
6.464999700000000349e-01 7.343365931498339844e+12 -1.308244465198027344e+13 -1.306509362199996094e+13
6.480000000000000204e-01 6.778977113145160156e+12 -1.307545738698248828e+13 -1.306024984365413281e+13
6.495000300000000060e-01 7.093311674634884766e+12 -1.306387730878567969e+13 -1.304722039665665234e+13
6.510000000000000231e-01 6.904432656478826172e+12 -1.305570514051830664e+13 -1.303861097830123047e+13
6.524999700000000402e-01 7.166093906685779297e+12 -1.304413878071054883e+13 -1.302204364954373633e+13
6.540000000000000258e-01 7.337974511767013672e+12 -1.303114576812925586e+13 -1.300406140262073633e+13
6.555000300000000113e-01 7.304465722248244141e+12 -1.302332895607008203e+13 -1.300468540900604102e+13
6.570000000000000284e-01 7.629737701630939453e+12 -1.301124438161697461e+13 -1.298900976384824023e+13
6.584999700000000455e-01 7.481240961459919922e+12 -1.300071088977761914e+13 -1.297865005909809961e+13
6.600000000000000311e-01 7.046124863237158203e+12 -1.299408306252083984e+13 -1.297173093203689258e+13
6.615000300000000166e-01 6.980986272188042969e+12 -1.298353521654149414e+13 -1.295951774521653516e+13
6.630000000000000338e-01 7.325252708918150391e+12 -1.297135351682182031e+13 -1.295456175317334180e+13
6.644999700000000509e-01 7.029614199793255859e+12 -1.296452786457422852e+13 -1.294576862462394531e+13
6.660000000000000364e-01 6.948523765842105469e+12 -1.295348955324765625e+13 -1.293496832500137109e+13
6.675000300000000220e-01 6.618003890612011719e+12 -1.294466953764251172e+13 -1.292280234115083203e+13
6.690000000000000391e-01 6.946889379358759766e+12 -1.293472891033114648e+13 -1.291467724976999414e+13
6.704999699999999452e-01 7.445746124874271484e+12 -1.292196742722598438e+13 -1.290171324820349805e+13
6.720000000000000417e-01 7.457705670083917969e+12 -1.291155879727369336e+13 -1.289448829283326367e+13
6.735000300000000273e-01 7.137147333495001953e+12 -1.290297294666858398e+13 -1.288508299735989453e+13
6.750000000000000444e-01 7.838627639831136719e+12 -1.288786905318114648e+13 -1.286524719773264062e+13
6.764999699999999505e-01 7.201624848278390625e+12 -1.288280074687607422e+13 -1.286277095934363672e+13
6.780000000000000471e-01 7.487834593058216797e+12 -1.286905113013312695e+13 -1.284860294857187500e+13
6.795000300000000326e-01 7.333989161677195312e+12 -1.286150970360549414e+13 -1.284566252766678516e+13
6.810000000000000497e-01 7.377586418422365234e+12 -1.284863844362307227e+13 -1.282860984884600977e+13
6.824999699999999558e-01 7.247671018390460938e+12 -1.284055502865856641e+13 -1.281848213448626367e+13
6.840000000000000524e-01 7.037382156731035156e+12 -1.283113168046440430e+13 -1.280824712502968945e+13
6.855000300000000379e-01 6.520980728247160156e+12 -1.282401558077590039e+13 -1.279945597143710156e+13
6.870000000000000551e-01 7.413728705569181641e+12 -1.280841096931695703e+13 -1.278540737514176758e+13
6.884999699999999612e-01 7.322056695123929688e+12 -1.279952331766367383e+13 -1.277692107690190430e+13
6.899999999999999467e-01 7.115560454740798828e+12 -1.278974588214893945e+13 -1.276909402445202148e+13
6.915000300000000433e-01 6.726061231992771484e+12 -1.278207610974461133e+13 -1.275990859762111133e+13
6.929999999999999494e-01 6.640223762895623047e+12 -1.277301818046508594e+13 -1.275390195584727930e+13
6.944999699999999665e-01 7.049620696924330078e+12 -1.275946001238653516e+13 -1.274228002001889062e+13
6.959999999999999520e-01 6.712960636639468750e+12 -1.275092568240224805e+13 -1.273410605125226758e+13
6.975000300000000486e-01 6.996179077241361328e+12 -1.273902160551592383e+13 -1.272382088983506250e+13
6.989999999999999547e-01 7.205266412004998047e+12 -1.272844582826769727e+13 -1.270883754382128125e+13
7.004999699999999718e-01 7.217004345629484375e+12 -1.271680529715199414e+13 -1.269279594270276758e+13
7.019999999999999574e-01 7.324315971526603516e+12 -1.270577313069030664e+13 -1.268645670734496680e+13
7.035000300000000539e-01 7.281580001471212891e+12 -1.269681779280456641e+13 -1.267673083633159961e+13
7.049999999999999600e-01 7.279928837457896484e+12 -1.268729572875505273e+13 -1.266859179845015234e+13
7.064999699999999772e-01 7.303748699366128906e+12 -1.267557922046050000e+13 -1.265762796264851172e+13
7.079999999999999627e-01 7.000294378527134766e+12 -1.266717135336845312e+13 -1.264193254000568750e+13
7.095000299999999482e-01 7.379347682725187500e+12 -1.265465477094468164e+13 -1.263121992992448633e+13
7.109999999999999654e-01 7.486465252307525391e+12 -1.264323546443053711e+13 -1.262398522146798633e+13
7.124999699999999825e-01 7.358675479216972656e+12 -1.263472231018165625e+13 -1.261606838789990430e+13
7.139999999999999680e-01 7.228419553105806641e+12 -1.262466274831806055e+13 -1.260377122572311328e+13
7.155000299999999536e-01 6.785200377242601562e+12 -1.261702443114471680e+13 -1.259996185063429883e+13
7.169999999999999707e-01 7.476394955275570312e+12 -1.260164270691430469e+13 -1.258230660310527734e+13
7.184999699999999878e-01 7.640670810080003906e+12 -1.259117393378600977e+13 -1.256646128779341992e+13
7.199999999999999734e-01 7.346406507719117188e+12 -1.258233160498490625e+13 -1.256180173722099023e+13
7.215000299999999589e-01 7.057656172901449219e+12 -1.257394910992278125e+13 -1.256213432417750781e+13
7.229999999999999760e-01 7.037892818512675781e+12 -1.256315562394068164e+13 -1.255466715228789453e+13
7.244999699999999931e-01 7.450650578911408203e+12 -1.254668104926779297e+13 -1.252963523749470508e+13
7.259999999999999787e-01 6.900990560479261719e+12 -1.253816495813143359e+13 -1.252089969252474023e+13
7.275000299999999642e-01 7.333930988364062500e+12 -1.252381638104732617e+13 -1.250461203724106250e+13
7.289999999999999813e-01 7.585392973095484375e+12 -1.251138034143010742e+13 -1.248587985858669531e+13
7.304999699999999985e-01 7.142945483313865234e+12 -1.250391854800237305e+13 -1.248412342193457227e+13
7.319999999999999840e-01 7.339086068901886719e+12 -1.249018774334005469e+13 -1.246889628372869531e+13
7.335000299999999696e-01 7.728976978956693359e+12 -1.247397651971700000e+13 -1.245042608666855469e+13
7.349999999999999867e-01 6.939522976287246094e+12 -1.246703605518032812e+13 -1.245238824300758984e+13
7.364999700000000038e-01 6.795390190786160156e+12 -1.245448917870471680e+13 -1.243703786957030664e+13
7.379999999999999893e-01 7.092930034120230469e+12 -1.244148861548842773e+13 -1.242397546724998047e+13
7.395000299999999749e-01 6.904582622056527344e+12 -1.243130756536035938e+13 -1.241283335886365430e+13
7.409999999999999920e-01 7.772411753164691406e+12 -1.241367023827047461e+13 -1.239061093540306641e+13
7.424999700000000091e-01 7.566151863807890625e+12 -1.240303071998133398e+13 -1.237737745920680469e+13
7.439999999999999947e-01 7.021638223632185547e+12 -1.239414880097605078e+13 -1.237816012127559570e+13
7.455000299999999802e-01 7.113041433210312500e+12 -1.238183053052983789e+13 -1.235815787952162891e+13
7.469999999999999973e-01 7.972398122700228516e+12 -1.236580397772350195e+13 -1.234369028868629688e+13
7.484999700000000145e-01 7.567610005020406250e+12 -1.235750725756072266e+13 -1.233765194996804492e+13
7.500000000000000000e-01 7.802798700132525391e+12 -1.234301518576312500e+13 -1.231999581388999609e+13
7.515000299999999855e-01 7.945004993179099609e+12 -1.232999175454765820e+13 -1.230255931934101758e+13
7.530000000000000027e-01 7.392612645513689453e+12 -1.232298403706924609e+13 -1.230502121128417188e+13
7.544999700000000198e-01 7.294295435584544922e+12 -1.231211795038337891e+13 -1.229572612375131250e+13
7.560000000000000053e-01 6.767317398686669922e+12 -1.230419121477370898e+13 -1.228786924326341797e+13
7.575000299999999909e-01 6.963638970315708984e+12 -1.229167960048208203e+13 -1.227451087351355078e+13
7.590000000000000080e-01 7.303722164208117188e+12 -1.227810274949498633e+13 -1.226017100989687305e+13
7.604999700000000251e-01 6.992018364199015625e+12 -1.226863315620446289e+13 -1.224949734759583008e+13
7.620000000000000107e-01 7.318405169368488281e+12 -1.225528047812863086e+13 -1.223629565831805469e+13
7.635000299999999962e-01 7.510607603446554688e+12 -1.224308517275292969e+13 -1.221908963584850391e+13
7.650000000000000133e-01 7.587646530991628906e+12 -1.223021799725149023e+13 -1.220274188176437109e+13
7.664999700000000304e-01 8.021878001097414062e+12 -1.221610951188207031e+13 -1.218801951326828320e+13
7.680000000000000160e-01 8.097972775963621094e+12 -1.220511339592488672e+13 -1.218242900852179492e+13
7.695000300000000015e-01 7.647712806215828125e+12 -1.219775016948755859e+13 -1.218279223214706641e+13
7.710000000000000187e-01 7.726503662923015625e+12 -1.218562936111897656e+13 -1.216794444733627148e+13
7.724999700000000358e-01 7.597282088434425781e+12 -1.217265415229197461e+13 -1.215427204229668555e+13
7.740000000000000213e-01 7.311039617554726562e+12 -1.216024941932327344e+13 -1.214508376714233398e+13
7.755000300000000069e-01 6.990447995393470703e+12 -1.214867984096132227e+13 -1.212991589576648828e+13
7.770000000000000240e-01 7.095181911981748047e+12 -1.213478558173873828e+13 -1.211584957281080469e+13
7.784999700000000411e-01 7.190860397101263672e+12 -1.212260810728387109e+13 -1.209997561350985156e+13
7.800000000000000266e-01 7.950983663919906250e+12 -1.210453449614208008e+13 -1.207915192506071875e+13
7.815000300000000122e-01 8.034991067986570312e+12 -1.209260146239647852e+13 -1.206068185954352539e+13
7.830000000000000293e-01 8.079125437854021484e+12 -1.208041528204481445e+13 -1.205211322292669336e+13
7.844999700000000464e-01 7.674616279251224609e+12 -1.207079698551285547e+13 -1.204940988621499414e+13
7.860000000000000320e-01 7.429618790673185547e+12 -1.206098989700587500e+13 -1.204279154588554297e+13
7.875000300000000175e-01 7.462937032137185547e+12 -1.204770009683938477e+13 -1.203217642948535742e+13
7.890000000000000346e-01 7.353365591574083984e+12 -1.203513248366804297e+13 -1.201679521601269727e+13
7.904999700000000518e-01 7.525218790861214844e+12 -1.202162821627515039e+13 -1.199806028217265430e+13
7.920000000000000373e-01 8.123424669318673828e+12 -1.200658887382725586e+13 -1.198366362438563086e+13
7.935000300000000228e-01 7.335041024746408203e+12 -1.200130042324905664e+13 -1.198056101204545898e+13
7.950000000000000400e-01 7.357871723124664062e+12 -1.198634243217612500e+13 -1.195988470613760352e+13
7.964999699999999461e-01 7.858039469550843750e+12 -1.197056743895693555e+13 -1.194812308041766797e+13
7.980000000000000426e-01 7.711783140083283203e+12 -1.196061763471679102e+13 -1.194109395696965820e+13
7.995000300000000282e-01 7.183377783504863281e+12 -1.195127589149935742e+13 -1.192754093656332422e+13
8.010000000000000453e-01 7.053041010748597656e+12 -1.193999132401663867e+13 -1.191505385240612695e+13
8.024999699999999514e-01 7.625373094791416016e+12 -1.192535143728535938e+13 -1.189944545708062695e+13
8.040000000000000480e-01 7.653113179152736328e+12 -1.191248955544473828e+13 -1.188395459329913477e+13
8.055000300000000335e-01 7.824730114458380859e+12 -1.190042237604761133e+13 -1.187792234389716602e+13
8.070000000000000506e-01 7.741694434693349609e+12 -1.189003355284008203e+13 -1.187052621408753320e+13
8.084999699999999567e-01 7.570357295364875000e+12 -1.187752084768815820e+13 -1.185325034997389062e+13
8.100000000000000533e-01 7.565346905525093750e+12 -1.186654488194641406e+13 -1.184440023827615039e+13
8.115000300000000388e-01 6.905573897098251953e+12 -1.185889864031987891e+13 -1.184034069099451172e+13
8.129999999999999449e-01 7.418322326318062500e+12 -1.184351551647460156e+13 -1.182369102757595312e+13
8.144999699999999621e-01 7.389732012724718750e+12 -1.183164572160897070e+13 -1.180385358295417383e+13
8.159999999999999476e-01 7.609901151119183594e+12 -1.181678810489960938e+13 -1.179686157840970898e+13
8.175000300000000442e-01 7.394076698051654297e+12 -1.180917076869093945e+13 -1.179185327618528906e+13
8.189999999999999503e-01 7.588743911714328125e+12 -1.179504672641368945e+13 -1.177552848184269531e+13
8.204999699999999674e-01 7.469848906202275391e+12 -1.178200777543711914e+13 -1.176330454236789844e+13
8.219999999999999529e-01 7.143826175721169922e+12 -1.177374174992055273e+13 -1.175737736104724023e+13
8.235000300000000495e-01 7.874321909028734375e+12 -1.175605357722694141e+13 -1.174066648036335156e+13
8.249999999999999556e-01 7.654201927844943359e+12 -1.174692209888517578e+13 -1.172692286693896094e+13
8.264999699999999727e-01 7.295845712260556641e+12 -1.173650982021992578e+13 -1.171147273160995312e+13
8.279999999999999583e-01 7.422058308207699219e+12 -1.172355104855732031e+13 -1.170329067334606836e+13
8.295000300000000548e-01 7.377057911417023438e+12 -1.171061086225461133e+13 -1.168688561599652148e+13
8.309999999999999609e-01 7.494713777855783203e+12 -1.170012104490293164e+13 -1.167307259799469336e+13
8.324999699999999780e-01 7.664935835942837891e+12 -1.168588997288769141e+13 -1.165989895185579883e+13
8.339999999999999636e-01 7.767534621302558594e+12 -1.167414958255439062e+13 -1.164508647095982422e+13
8.355000299999999491e-01 8.225293602778494141e+12 -1.165874347641335352e+13 -1.163229300776507422e+13
8.369999999999999662e-01 7.193680979241087891e+12 -1.165571042171265234e+13 -1.163553620992185156e+13
8.384999699999999834e-01 7.277063137081193359e+12 -1.164252290434421094e+13 -1.161603153997303711e+13
8.399999999999999689e-01 7.492163614354832031e+12 -1.162878159595600586e+13 -1.160144815067522656e+13
8.415000299999999545e-01 7.390767669031917969e+12 -1.161771307548533984e+13 -1.159947946353423633e+13
8.429999999999999716e-01 7.246242041453589844e+12 -1.160953303011832812e+13 -1.159349304878135938e+13
8.444999699999999887e-01 7.620534944111269531e+12 -1.159534970443738281e+13 -1.157590871270256836e+13
8.459999999999999742e-01 7.928544548208359375e+12 -1.158019467455473047e+13 -1.155535609639722070e+13
8.475000299999999598e-01 7.694267542977060547e+12 -1.157039458667886719e+13 -1.154722886986041211e+13
8.489999999999999769e-01 7.567784913893373047e+12 -1.155871283579578516e+13 -1.153977056490213281e+13
8.504999699999999940e-01 7.669046128574539062e+12 -1.154582156446304297e+13 -1.152488692288426367e+13
8.519999999999999796e-01 7.756124374648236328e+12 -1.153450850796846680e+13 -1.151660132509866211e+13
8.535000299999999651e-01 7.652504061089974609e+12 -1.152330072678216992e+13 -1.149659524528066602e+13
8.549999999999999822e-01 7.799680446622308594e+12 -1.151090703170177930e+13 -1.149172370143874023e+13
8.564999699999999994e-01 7.241725811261228516e+12 -1.150377314981978516e+13 -1.149243073905430273e+13
8.579999999999999849e-01 7.193100544394580078e+12 -1.148951275751099805e+13 -1.147622368227095117e+13
8.595000299999999704e-01 7.567135546714736328e+12 -1.146812000382506250e+13 -1.144690125405514453e+13
8.609999999999999876e-01 7.707207071289814453e+12 -1.145145366035548633e+13 -1.142287080820455078e+13
8.624999700000000047e-01 8.027504182278591797e+12 -1.143464388436468750e+13 -1.141592646539973828e+13
8.639999999999999902e-01 7.634561391186796875e+12 -1.142451747904477344e+13 -1.140498468461225586e+13
8.655000299999999758e-01 7.991721519855951172e+12 -1.140544119086866406e+13 -1.137618575185501367e+13
8.669999999999999929e-01 8.123684212112000000e+12 -1.139429280017229492e+13 -1.137129728779179688e+13
8.684999700000000100e-01 7.928739382885939453e+12 -1.137966430067072656e+13 -1.135985048956375977e+13
8.699999999999999956e-01 7.479441576969777344e+12 -1.136844432990371875e+13 -1.134690086125322461e+13
8.715000299999999811e-01 7.208807405724558594e+12 -1.135827771103803906e+13 -1.133371279569187500e+13
8.729999999999999982e-01 7.587875627976308594e+12 -1.134051384268295508e+13 -1.131259186471235742e+13
8.744999700000000153e-01 7.307253362837371094e+12 -1.133022904441212305e+13 -1.129822283524058203e+13
8.760000000000000009e-01 7.786893018832816406e+12 -1.131105146956301758e+13 -1.127630458918810156e+13
8.775000299999999864e-01 7.919605753796138672e+12 -1.129831717774932031e+13 -1.127719010350833398e+13
8.790000000000000036e-01 8.075114528447955078e+12 -1.128369548400467969e+13 -1.124662144580545312e+13
8.804999700000000207e-01 7.641782655938734375e+12 -1.127518375702820312e+13 -1.123950506721249609e+13
8.820000000000000062e-01 7.111187099654447266e+12 -1.126514465361180859e+13 -1.122781816347531055e+13
8.835000299999999918e-01 7.516329806380419922e+12 -1.124922832698953125e+13 -1.121870790950889648e+13
8.850000000000000089e-01 7.548272625562023438e+12 -1.123431051213890820e+13 -1.120301690852696289e+13
8.864999700000000260e-01 7.380203575649974609e+12 -1.122375883168166992e+13 -1.119686623229558789e+13
8.880000000000000115e-01 7.919518700747972656e+12 -1.120786199487777344e+13 -1.119032546512587305e+13
8.895000299999999971e-01 8.325496411672894531e+12 -1.119197124582985547e+13 -1.117276648105110742e+13
8.910000000000000142e-01 7.742481559270818359e+12 -1.118086876988158398e+13 -1.115605165255056250e+13
8.924999700000000313e-01 7.486667798261306641e+12 -1.116651971109824023e+13 -1.113399818336827734e+13
8.940000000000000169e-01 7.077778959628167969e+12 -1.116034897381160352e+13 -1.114225351538288477e+13
8.955000300000000024e-01 7.294922785259937500e+12 -1.114293440368997266e+13 -1.111853944282935352e+13
8.970000000000000195e-01 7.668617535604972656e+12 -1.112846406989441211e+13 -1.110000409347274805e+13
8.984999700000000367e-01 8.208692418211804688e+12 -1.110982758936181836e+13 -1.109080949956951367e+13
9.000000000000000222e-01 6.895735781783888672e+12 -1.110795853837697266e+13 -1.109009948230952148e+13
9.015000300000000077e-01 7.135450045180148438e+12 -1.109290260019217773e+13 -1.108002439409776953e+13
9.030000000000000249e-01 7.866753381500250000e+12 -1.107390891489392969e+13 -1.104589157350002539e+13
9.044999700000000420e-01 8.041219894065392578e+12 -1.105756273739325781e+13 -1.102239544144457227e+13
9.060000000000000275e-01 8.479106515711535156e+12 -1.104086654199687109e+13 -1.100691410247864062e+13
9.075000300000000131e-01 7.678389052413312500e+12 -1.103435360984485156e+13 -1.099749483768002734e+13
9.090000000000000302e-01 7.385078446583101562e+12 -1.102423277354476758e+13 -1.100071361085874414e+13
9.104999700000000473e-01 8.433249176295322266e+12 -1.100436741161846094e+13 -1.099113506242080469e+13
9.120000000000000329e-01 8.102212575956763672e+12 -1.099567298944652344e+13 -1.097703452036308594e+13
9.135000300000000184e-01 8.083911373352111328e+12 -1.097862872826835352e+13 -1.094746808179967773e+13
9.150000000000000355e-01 8.194021823186505859e+12 -1.096400979139031445e+13 -1.093572671111507227e+13
9.164999700000000527e-01 8.249217801912972656e+12 -1.095016054618352539e+13 -1.091282989017347461e+13
9.180000000000000382e-01 7.600993765769308594e+12 -1.094367712268263086e+13 -1.091441501827129492e+13
9.195000300000000237e-01 8.136678929402300781e+12 -1.092460834056142969e+13 -1.089469035224775977e+13
9.210000000000000409e-01 8.052711772433087891e+12 -1.091047926117288086e+13 -1.087671126022476758e+13
9.224999699999999470e-01 7.480711474141828125e+12 -1.090175327816813672e+13 -1.087324116255011914e+13
9.240000000000000435e-01 8.238942331797054688e+12 -1.088491206149491211e+13 -1.087256020256101367e+13
9.255000300000000291e-01 8.415639302848902344e+12 -1.086792700846101758e+13 -1.084007389018767578e+13
9.270000000000000462e-01 7.651845663437470703e+12 -1.086323752469654297e+13 -1.084130534057744727e+13
9.284999699999999523e-01 7.692987385531337891e+12 -1.084758235388790430e+13 -1.082255637281235938e+13
9.300000000000000488e-01 8.095430009100482422e+12 -1.082663196884173828e+13 -1.078353973430364258e+13
9.315000300000000344e-01 8.493410650383238281e+12 -1.081233485942177930e+13 -1.078116557424689648e+13
9.330000000000000515e-01 8.356613105495140625e+12 -1.079963362959536914e+13 -1.077018989309715234e+13
9.344999699999999576e-01 8.075890533266154297e+12 -1.078911928016158008e+13 -1.075939257122091211e+13
9.360000000000000542e-01 8.336831645907365234e+12 -1.077268766953200195e+13 -1.074181968664320117e+13
9.375000300000000397e-01 8.365268419790843750e+12 -1.075697886718724609e+13 -1.073155375157408984e+13
9.389999999999999458e-01 8.315887133708710938e+12 -1.074280602486834766e+13 -1.072241933598585742e+13
9.404999699999999629e-01 7.249720876942310547e+12 -1.074010827590265234e+13 -1.072609028680433203e+13
9.419999999999999485e-01 7.272295923477720703e+12 -1.072743673863749609e+13 -1.070330225450214648e+13
9.435000300000000450e-01 8.471355595667650391e+12 -1.070345387731024609e+13 -1.067828945767886523e+13
9.449999999999999512e-01 8.539978507735171875e+12 -1.068863129271357812e+13 -1.067187978894413477e+13
9.464999699999999683e-01 9.317071080172392578e+12 -1.066999445425795508e+13 -1.066075586225794922e+13
9.479999999999999538e-01 9.264291039336453125e+12 -1.065641743541296680e+13 -1.064237357404732227e+13
9.495000300000000504e-01 7.949297391103619141e+12 -1.065216908790328320e+13 -1.063316253100302344e+13
9.509999999999999565e-01 7.290573951936488281e+12 -1.064633225025903516e+13 -1.061450374848297461e+13
9.524999699999999736e-01 8.053695083688064453e+12 -1.062527747275955859e+13 -1.058771843917624219e+13
9.539999999999999591e-01 8.564508403753019531e+12 -1.060496997891433398e+13 -1.057857105746985156e+13
9.555000299999999447e-01 7.517366375641509766e+12 -1.060847096241136523e+13 -1.059392658230123633e+13
9.569999999999999618e-01 9.103669652311017578e+12 -1.056908221354178906e+13 -1.052057118609205078e+13
9.584999699999999789e-01 8.420602466294410156e+12 -1.056421598489182617e+13 -1.053679028524494922e+13
9.599999999999999645e-01 7.339137939416345703e+12 -1.056131436967233789e+13 -1.054566427901882422e+13
9.615000299999999500e-01 7.617649144400658203e+12 -1.054042832758654492e+13 -1.050368523515257227e+13
9.629999999999999671e-01 7.903447064404513672e+12 -1.052457011195833984e+13 -1.049122198721299609e+13
9.644999699999999843e-01 7.872200841975390625e+12 -1.051131862181541797e+13 -1.048393133590782422e+13
9.659999999999999698e-01 8.687569137123595703e+12 -1.048744481446876758e+13 -1.044955834322424023e+13
9.675000299999999553e-01 8.692373534888011719e+12 -1.047562179679472070e+13 -1.045080533723320898e+13
9.689999999999999725e-01 8.145468646870453125e+12 -1.046112632943844727e+13 -1.042628813750039453e+13
9.704999699999999896e-01 7.781755288386929688e+12 -1.045275342181319531e+13 -1.041279510817155078e+13
9.719999999999999751e-01 7.829223764037466797e+12 -1.043834786204922266e+13 -1.041129779264286328e+13
9.735000299999999607e-01 8.636063870938546875e+12 -1.041664757558169922e+13 -1.039757418929940039e+13
9.749999999999999778e-01 8.899707316204925781e+12 -1.039964712965264453e+13 -1.037056823597500977e+13
9.764999699999999949e-01 8.670653634876140625e+12 -1.038408703057708984e+13 -1.034567833419430273e+13
9.779999999999999805e-01 9.201969903282050781e+12 -1.036027817612739062e+13 -1.030021373422417969e+13
9.795000299999999660e-01 9.389818415027394531e+12 -1.034410882157677148e+13 -1.030603181643134961e+13
9.809999999999999831e-01 8.789899495976755859e+12 -1.033154044470689453e+13 -1.030511639646719727e+13
9.824999700000000002e-01 7.943512223203345703e+12 -1.033195921467753711e+13 -1.029905657529449023e+13
9.839999999999999858e-01 9.268406760708712891e+12 -1.029876310097193359e+13 -1.026665390702104688e+13
9.855000299999999713e-01 7.951940096161568359e+12 -1.030235725888414062e+13 -1.026905574807128320e+13
9.869999999999999885e-01 7.647796841352451172e+12 -1.028410662907105469e+13 -1.023779334110231445e+13
9.884999700000000056e-01 8.850014456932626953e+12 -1.025290830736490820e+13 -1.020445612836050977e+13
9.899999999999999911e-01 8.373621615509160156e+12 -1.024877052871529883e+13 -1.020616991110767578e+13
9.915000299999999767e-01 8.288529892523023438e+12 -1.023391027215566992e+13 -1.020886017286482422e+13
9.929999999999999938e-01 8.777632051958167969e+12 -1.020567664280141211e+13 -1.014481423878208203e+13
9.944999700000000109e-01 7.936171368291355469e+12 -1.020647312083136328e+13 -1.015219134993176367e+13
9.959999999999999964e-01 9.011927261644162109e+12 -1.016989105240333984e+13 -1.012149732718257422e+13
9.975000299999999820e-01 7.456873887983402344e+12 -1.018226733713897852e+13 -1.015214548412904688e+13
9.989999999999999991e-01 7.567230551824566406e+12 -1.015626145639017969e+13 -1.011136930136968359e+13
1.000499999999999945e+00 7.992457158368615234e+12 -1.014230383164371094e+13 -1.012975683442236328e+13
1.002000000000000002e+00 8.589591182281843750e+12 -1.011361347129615430e+13 -1.007630794208132031e+13
1.003500000000000059e+00 8.621799604968847656e+12 -1.009326849175751562e+13 -1.003356569152994531e+13
1.004999999999999893e+00 9.026610023028115234e+12 -1.007417420104416602e+13 -1.004178080681441211e+13
1.006499999999999950e+00 8.543660580786736328e+12 -1.006367960452372070e+13 -1.001204943406581641e+13
1.008000000000000007e+00 8.019356749670917969e+12 -1.005132398403637109e+13 -9.982125184674564453e+12
1.009500000000000064e+00 8.640462886712082031e+12 -1.002345806163194336e+13 -9.958922760381093750e+12
1.010999999999999899e+00 8.232517920720500000e+12 -1.001185373629687305e+13 -9.979872588143593750e+12
1.012499999999999956e+00 7.902952628684201172e+12 -1.000156434515512109e+13 -9.965693104278697266e+12
1.014000000000000012e+00 8.332330372146476562e+12 -9.977730971608742188e+12 -9.938516682983541016e+12
1.015500000000000069e+00 7.527030651346359375e+12 -9.968561631222822266e+12 -9.939593023566072266e+12
1.016999999999999904e+00 6.567791518637570312e+12 -9.961906715803074219e+12 -9.922808194611326172e+12
1.018499999999999961e+00 7.821742522104867188e+12 -9.929184438381171875e+12 -9.899857390193720703e+12
1.020000000000000018e+00 8.393586581408837891e+12 -9.902037467112195312e+12 -9.852932429945199219e+12
1.021500000000000075e+00 8.419015793568033203e+12 -9.884767052528246094e+12 -9.850913190733654297e+12
1.022999999999999909e+00 8.803133228621332031e+12 -9.853328613499033203e+12 -9.827823337708470703e+12
1.024499999999999966e+00 8.041434478664242188e+12 -9.848948300130300781e+12 -9.829265906985955078e+12
1.026000000000000023e+00 7.980485918695251953e+12 -9.833945530519593750e+12 -9.825227014944119141e+12
1.027500000000000080e+00 7.082324160330216797e+12 -9.822820928488199219e+12 -9.792383740776009766e+12
1.028999999999999915e+00 7.732953668184197266e+12 -9.801019816002326172e+12 -9.770927211809863281e+12
1.030499999999999972e+00 8.126532667936929688e+12 -9.767146281566101562e+12 -9.725512409730417969e+12
1.032000000000000028e+00 8.251458054834531250e+12 -9.750857229626617188e+12 -9.740641893758146484e+12
1.033500000000000085e+00 7.791299232166386719e+12 -9.737133640195560547e+12 -9.662850589494011719e+12
1.034999999999999920e+00 8.170437602249919922e+12 -9.705476966143552734e+12 -9.639787630216111328e+12
1.036499999999999977e+00 7.580058711812712891e+12 -9.699885196863939453e+12 -9.630958889483751953e+12
1.038000000000000034e+00 7.200395270018562500e+12 -9.676435691803824219e+12 -9.597733394735382812e+12
1.039500000000000091e+00 8.350675453565498047e+12 -9.639704164655277344e+12 -9.604974329280884766e+12
1.040999999999999925e+00 6.952619948975849609e+12 -9.650395598974318359e+12 -9.573171967760445312e+12
1.042499999999999982e+00 6.579801865618289062e+12 -9.633639298307013672e+12 -9.587342673832480469e+12
1.044000000000000039e+00 5.785207168465138672e+12 -9.635839108904404297e+12 -9.614900770660988281e+12
1.045500000000000096e+00 8.513039282472412109e+12 -9.554994805990144531e+12 -9.537818821631371094e+12
1.046999999999999931e+00 7.195035523757687500e+12 -9.582268377621265625e+12 -9.552469050926884766e+12
1.048499999999999988e+00 8.438459419705583984e+12 -9.518015513063259766e+12 -9.465029328838429688e+12
1.050000000000000044e+00 7.514546289193173828e+12 -9.513860113383898438e+12 -9.488544801427322266e+12
1.051500000000000101e+00 7.835039526092132812e+12 -9.486665291637898438e+12 -9.426832340750292969e+12
1.052999999999999936e+00 8.962062359151560547e+12 -9.438502806784087891e+12 -9.323920630133015625e+12
1.054499999999999993e+00 9.215629757606935547e+12 -9.405540426276382812e+12 -9.354449363707447266e+12
1.056000000000000050e+00 7.174480241149794922e+12 -9.431804508959025391e+12 -9.394816770119281250e+12
1.057500000000000107e+00 8.093947881457189453e+12 -9.383450452662236328e+12 -9.347612538774230469e+12
1.058999999999999941e+00 8.797999576716816406e+12 -9.356884643564291016e+12 -9.313824288921695312e+12
1.060499999999999998e+00 9.077201906804019531e+12 -9.310618624098699219e+12 -9.222937466283414062e+12
1.062000000000000055e+00 8.516037002682519531e+12 -9.303826394834136719e+12 -9.250020936761117188e+12
1.063499999999999890e+00 7.877294243970015625e+12 -9.302137265539832031e+12 -9.296239616426177734e+12
1.064999999999999947e+00 9.561193375703419922e+12 -9.223037386913097656e+12 -9.166882946223484375e+12
1.066500000000000004e+00 7.588080236128847656e+12 -9.251671074527837891e+12 -9.174393286957785156e+12
1.068000000000000060e+00 7.043619884622080078e+12 -9.223858754607455078e+12 -9.168301524780039062e+12
1.069499999999999895e+00 7.616993818254968750e+12 -9.186330918655119141e+12 -9.123589091745490234e+12
1.070999999999999952e+00 7.553369415923544922e+12 -9.180486485315947266e+12 -9.115171551792607422e+12
1.072500000000000009e+00 8.309044815064396484e+12 -9.114221851157214844e+12 -9.035715393997033203e+12
1.074000000000000066e+00 6.055240135398568359e+12 -9.172857569213679688e+12 -9.166402043854417969e+12
1.075499999999999901e+00 7.764780450987265625e+12 -9.099624280095486328e+12 -9.031692651765689453e+12
1.076999899999999899e+00 7.273023760969460938e+12 -9.084249844167101562e+12 -9.041493072078216797e+12
1.078500000000000014e+00 6.909671537540845703e+12 -9.061901639015394531e+12 -9.049473961182843750e+12
1.080000000000000071e+00 5.648596407832447266e+12 -9.063951861261705078e+12 -9.039327119586199219e+12
1.081499999999999906e+00 8.118031474249509766e+12 -8.967726772630011719e+12 -8.842168089235509766e+12
1.083000100000000021e+00 7.657339755429580078e+12 -8.968500350605890625e+12 -8.853753863131652344e+12
1.084500000000000020e+00 6.921236534891238281e+12 -8.951002570795294922e+12 -8.919224234907062500e+12
1.086000000000000076e+00 7.094449596226552734e+12 -8.913745380066337891e+12 -8.924888302495355469e+12
1.087499999999999911e+00 5.163106823917343750e+12 -8.934263959670113281e+12 -8.834264182206746094e+12
1.088999899999999910e+00 8.022109723953246094e+12 -8.824389600237373047e+12 -8.750857985422059570e+12
1.090500000000000025e+00 8.487305248733884766e+12 -8.802043843033562500e+12 -8.717402676628950195e+12
1.092000000000000082e+00 9.696222910412578125e+12 -8.717622271084422852e+12 -8.628911002367902344e+12
1.093499999999999917e+00 8.570588878427302734e+12 -8.721661985451482422e+12 -8.706413397305810547e+12
1.095000100000000032e+00 5.928057335629779297e+12 -8.746602488911318359e+12 -8.625201171916820312e+12
1.096500000000000030e+00 4.898752194541218750e+12 -8.744980436805343750e+12 -8.686742840083072266e+12
1.098000000000000087e+00 6.158622211509453125e+12 -8.691703511215926758e+12 -8.591474172194177734e+12
1.099499999999999922e+00 8.266366499550412109e+12 -8.552910638879187500e+12 -8.464312068005083008e+12
1.100999899999999920e+00 8.113295039134332031e+12 -8.553959945341871094e+12 -8.472756457792624023e+12
1.102500000000000036e+00 8.827983060568156250e+12 -8.466665197763031250e+12 -8.245335580925062500e+12
1.104000000000000092e+00 8.192209564606148438e+12 -8.456449968912458008e+12 -8.360652198473054688e+12
1.105499999999999927e+00 5.552504863488130859e+12 -8.467956132643494141e+12 -8.448476771020697266e+12
1.107000100000000042e+00 5.473110724495449219e+12 -8.412032525155430664e+12 -8.325181867121273438e+12
1.108500000000000041e+00 7.887150961674462891e+12 -8.296298587603545898e+12 -8.339160734367652344e+12
1.110000000000000098e+00 6.307135926372794922e+12 -8.313793557373127930e+12 -8.245024676161917969e+12
1.111499999999999932e+00 7.645131411014894531e+12 -8.174791207508817383e+12 -8.013471174597071289e+12
1.112999899999999931e+00 4.804514534843062500e+12 -8.207936966341695312e+12 -7.986177738312232422e+12
1.114500000000000046e+00 8.274852960869986328e+12 -8.007311961278258789e+12 -7.852611589143733398e+12
1.116000000000000103e+00 1.212398102699978906e+13 -7.843357780621354492e+12 -7.792376127047292969e+12
1.117499999999999938e+00 1.047755634409078906e+13 -7.787821445280654297e+12 -7.581652100069048828e+12
1.119000100000000053e+00 8.285314827703779297e+12 -7.759375130364567383e+12 -7.756222090301076172e+12
1.120500000000000052e+00 3.962780638937099609e+12 -7.897893869865649414e+12 -8.267015700354599609e+12
1.122000000000000108e+00 8.637085139749658203e+12 -7.578487416638909180e+12 -7.460361616390339844e+12
1.123499999999999943e+00 1.139825557576096289e+13 -7.446415697512287109e+12 -7.180191908493996094e+12
1.124999899999999942e+00 1.401103771481282227e+13 -7.174633747411449219e+12 -6.897666521312157227e+12
1.126500000000000057e+00 1.154660435299382617e+13 -7.253816923704192383e+12 -7.049006574147951172e+12
1.127999999999999892e+00 1.188682391417397656e+13 -7.052972187480427734e+12 -6.593226031437136719e+12
1.129499999999999948e+00 8.804805773900972656e+12 -7.159356576713510742e+12 -6.867311300176387695e+12
1.131000100000000064e+00 5.531857302790552734e+12 -7.232520374971218750e+12 -7.225957896289916016e+12
1.132500000000000062e+00 9.892600376177623047e+12 -6.865013370376789062e+12 -6.601593740474810547e+12
1.133999999999999897e+00 9.154315446458673828e+12 -6.830164834199038086e+12 -6.597094645556847656e+12
1.135499999999999954e+00 8.826127083565841797e+12 -6.778481878042439453e+12 -6.079146248206697266e+12
1.136999899999999952e+00 8.378109158532158203e+12 -6.610145611770454102e+12 -6.488342879970714844e+12
1.138500000000000068e+00 4.766903998491957031e+12 -6.560279972941915039e+12 -6.683965854992500000e+12
1.139999999999999902e+00 3.516662688250238281e+12 -6.591973187140899414e+12 -6.607050228998816406e+12
1.141499999999999959e+00 3.702342670095214844e+12 -6.227820166106890625e+12 -6.419330854719130859e+12
1.143000100000000074e+00 2.567315000123300781e+12 -6.120502998617561523e+12 -6.080716889033179688e+12
1.144500000000000073e+00 4.219979255536001953e+12 -5.617208737699646484e+12 -4.856077021953249023e+12
1.145999999999999908e+00 5.436658138476484375e+12 -5.092618399409407227e+12 -5.071307544367813477e+12
1.147499999999999964e+00 3.612238149795089844e+12 -5.148895627659776367e+12 -5.280403485446080078e+12
1.148999899999999963e+00 8.714334957905728516e+12 -3.873096670654786133e+12 -3.446426585888220703e+12
1.150500000000000078e+00 1.148571205341962109e+13 -2.287104862034414062e+12 -3.847532343504222656e+12
