5.999999999999999778e-02 4.433375603817648059e-01
6.001001001001000923e-02 4.416578246557314458e-01
6.002002002002002068e-02 4.399761944121857726e-01
6.003003003003002519e-02 4.382926803169861496e-01
6.004004004004003664e-02 4.366072931773636867e-01
6.005005005005004809e-02 4.349200439439006582e-01
6.006006006006005954e-02 4.332309437125554386e-01
6.007007007007007099e-02 4.315400037267250188e-01
6.008008008008007550e-02 4.298472353793691414e-01
6.009009009009008695e-02 4.281526502151660196e-01
6.010010010010009840e-02 4.264562599327408332e-01
6.011011011011010985e-02 4.247580763869176490e-01
6.012012012012012130e-02 4.230577325818937751e-01
6.013013013013012581e-02 4.213543596879492648e-01
6.014014014014013726e-02 4.196492273475529999e-01
6.015015015015014871e-02 4.179423481771215032e-01
6.016016016016016016e-02 4.162337349635377159e-01
6.017017017017016467e-02 4.145234006668106486e-01
6.018018018018017612e-02 4.128113584227844357e-01
6.019019019019018757e-02 4.110976215459343774e-01
6.020020020020019902e-02 4.093793143792374689e-01
6.021021021021021047e-02 4.076577996289363903e-01
6.022022022022021498e-02 4.059346261226470798e-01
6.023023023023022643e-02 4.042098082330991549e-01
6.024024024024023788e-02 4.024833605325165431e-01
6.025025025025024933e-02 4.007552977959806806e-01
6.026026026026026078e-02 3.990242663795960376e-01
6.027027027027026529e-02 3.972888902263390642e-01
6.028028028028027674e-02 3.955519411158444631e-01
6.029029029029028819e-02 3.938134349641753684e-01
6.030030030030029964e-02 3.920733879139108868e-01
6.031031031031031109e-02 3.903318163381938044e-01
6.032032032032031560e-02 3.885887368448881496e-01
6.033033033033032705e-02 3.868441662808396742e-01
6.034034034034033850e-02 3.850967198163551819e-01
6.035035035035034995e-02 3.833475269792762652e-01
6.036036036036036140e-02 3.815968943452348605e-01
6.037037037037036591e-02 3.798448398844080920e-01
6.038038038038037736e-02 3.780913818314005082e-01
6.039039039039038881e-02 3.763365386903175791e-01
6.040040040040040026e-02 3.745781145799144674e-01
6.041041041041041171e-02 3.728183288632169190e-01
6.042042042042041622e-02 3.710572148765895473e-01
6.043043043043042767e-02 3.692947924180806640e-01
6.044044044044043912e-02 3.675310815844504697e-01
6.045045045045045057e-02 3.657629038819366629e-01
6.046046046046046202e-02 3.639926538766036779e-01
6.047047047047046653e-02 3.622211777908506125e-01
6.048048048048047798e-02 3.604484972748703830e-01
6.049049049049048943e-02 3.586746343167328543e-01
6.050050050050050088e-02 3.568996112495137485e-01
6.051051051051050539e-02 3.551212076673236351e-01
6.052052052052051684e-02 3.533398891210285386e-01
6.053053053053052829e-02 3.515574805518658086e-01
6.054054054054053974e-02 3.497740060330399858e-01
6.055055055055055119e-02 3.479894900273430847e-01
6.056056056056055570e-02 3.462039573958228256e-01
6.057057057057056715e-02 3.444174334066963383e-01
6.058058058058057860e-02 3.426299437445568530e-01
6.059059059059059005e-02 3.408415145198454010e-01
6.060060060060060150e-02 3.390521722786219438e-01
6.061061061061060601e-02 3.372601015578414185e-01
6.062062062062061746e-02 3.354633754083857777e-01
6.063063063063062891e-02 3.336658213835585474e-01
6.064064064064064036e-02 3.318674682513867991e-01
6.065065065065065181e-02 3.300683452767591008e-01
6.066066066066065632e-02 3.282684822334058228e-01
6.067067067067066777e-02 3.264642194212316051e-01
6.068068068068067922e-02 3.246571923294184203e-01
6.069069069069069067e-02 3.228495211124033926e-01
6.070070070070070212e-02 3.210412380718599690e-01
6.071071071071070663e-02 3.192323760932886390e-01
6.072072072072071808e-02 3.174229686588100341e-01
6.073073073073072953e-02 3.156130498628631487e-01
6.074074074074074098e-02 3.138004933902183713e-01
6.075075075075075243e-02 3.119871518503307684e-01
6.076076076076075694e-02 3.101734066703573656e-01
6.077077077077076839e-02 3.083592947017663732e-01
6.078078078078077984e-02 3.065448534954390847e-01
6.079079079079079129e-02 3.047301213202934789e-01
6.080080080080080274e-02 3.029151371825190009e-01
6.081081081081080725e-02 3.010999408454917425e-01
6.082082082082081870e-02 2.992845728503346070e-01
6.083083083083083015e-02 2.974690745372169931e-01
6.084084084084084160e-02 2.956534880673525323e-01
6.085085085085084611e-02 2.938378564457811426e-01
6.086086086086085756e-02 2.920216276976760339e-01
6.087087087087086901e-02 2.901980988792197125e-01
6.088088088088088046e-02 2.883746632542846244e-01
6.089089089089089191e-02 2.865486115721117555e-01
6.090090090090089642e-02 2.847167145365884222e-01
6.091091091091090787e-02 2.828850581815218757e-01
6.092092092092091932e-02 2.810536928283065561e-01
6.093093093093093077e-02 2.792226698729783907e-01
6.094094094094094222e-02 2.773920418180882419e-01
6.095095095095094673e-02 2.755618623057350947e-01
6.096096096096095818e-02 2.737321861517872379e-01
6.097097097097096963e-02 2.719030693813597188e-01
6.098098098098098108e-02 2.700745692655743824e-01
6.099099099099099253e-02 2.682467443596742718e-01
6.100100100100099704e-02 2.664192853055435961e-01
6.101101101101100849e-02 2.645902343950893298e-01
6.102102102102101994e-02 2.627620421313543453e-01
6.103103103103103139e-02 2.609347726563197023e-01
6.104104104104104284e-02 2.591084916102607272e-01
6.105105105105104735e-02 2.572832661792589515e-01
6.106106106106105880e-02 2.554591651444985123e-01
6.107107107107107025e-02 2.536362589334181794e-01
6.108108108108108170e-02 2.518146196727775177e-01
6.109109109109109315e-02 2.499943212437276407e-01
6.110110110110109766e-02 2.481754393389672964e-01
6.111111111111110911e-02 2.463571805028540729e-01
6.112112112112112056e-02 2.445324384371063420e-01
6.113113113113113201e-02 2.427093432564745301e-01
6.114114114114113652e-02 2.408809605116290220e-01
6.115115115115114797e-02 2.390531563368595847e-01
6.116116116116115942e-02 2.372272456537839747e-01
6.117117117117117087e-02 2.354033182842210359e-01
6.118118118118118232e-02 2.335814664045604561e-01
6.119119119119118683e-02 2.317617846267683579e-01
6.120120120120119828e-02 2.299443700825467007e-01
6.121121121121120973e-02 2.281293225107763056e-01
6.122122122122122118e-02 2.263167443483571351e-01
6.123123123123123263e-02 2.245067408245846052e-01
6.124124124124123714e-02 2.226994200592074535e-01
6.125125125125124859e-02 2.208948931642856217e-01
6.126126126126126004e-02 2.190932743500224322e-01
6.127127127127127149e-02 2.172946810346910174e-01
6.128128128128128294e-02 2.154992339588203409e-01
6.129129129129128745e-02 2.137070573038009069e-01
6.130130130130129890e-02 2.119182788150549834e-01
6.131131131131131035e-02 2.101330299299476734e-01
6.132132132132132180e-02 2.083514459105939298e-01
6.133133133133133325e-02 2.065736659817280496e-01
6.134134134134133776e-02 2.047962323266549756e-01
6.135135135135134921e-02 2.030153492700886297e-01
6.136136136136136066e-02 2.012386671505846658e-01
6.137137137137137211e-02 1.994663412415907666e-01
6.138138138138138356e-02 1.976985315348957772e-01
6.139139139139138807e-02 1.959354029138781483e-01
6.140140140140139952e-02 1.941771253331731617e-01
6.141141141141141097e-02 1.924112593590238396e-01
6.142142142142142242e-02 1.906470151560397674e-01
6.143143143143142693e-02 1.888880743350140334e-01
6.144144144144143838e-02 1.871346265271336684e-01
6.145145145145144983e-02 1.853868674083283263e-01
6.146146146146146128e-02 1.836449989242956715e-01
6.147147147147147273e-02 1.819092295234322754e-01
6.148148148148147724e-02 1.801797743977921196e-01
6.149149149149148869e-02 1.784568557321863924e-01
6.150150150150150014e-02 1.767407029615084280e-01
6.151151151151151159e-02 1.750315530363340255e-01
6.152152152152152303e-02 1.733296506968119433e-01
6.153153153153152755e-02 1.716352487548374883e-01
6.154154154154153900e-02 1.699486083844310991e-01
6.155155155155155045e-02 1.682699994202213889e-01
6.156156156156156189e-02 1.665997006638225142e-01
6.157157157157157334e-02 1.649380001979006416e-01
6.158158158158157786e-02 1.632851957075699134e-01
6.159159159159158931e-02 1.616415948087303045e-01
6.160160160160160076e-02 1.600075153828273700e-01
6.161161161161161220e-02 1.583832859174165719e-01
6.162162162162162365e-02 1.567692458517940257e-01
6.163163163163162817e-02 1.551657459268104000e-01
6.164164164164163962e-02 1.535731485378339645e-01
6.165165165165165106e-02 1.519771758181323318e-01
6.166166166166166251e-02 1.503882167096222411e-01
6.167167167167167396e-02 1.488110948876640027e-01
6.168168168168167848e-02 1.472462177294577568e-01
6.169169169169168992e-02 1.456940061383364959e-01
6.170170170170170137e-02 1.441548949102054167e-01
6.171171171171171282e-02 1.426293330926879932e-01
6.172172172172172427e-02 1.411177843342231453e-01
6.173173173173172879e-02 1.396207272200238880e-01
6.174174174174174023e-02 1.381386555914062009e-01
6.175175175175175168e-02 1.366720788447106372e-01
6.176176176176176313e-02 1.352215222055126176e-01
6.177177177177177458e-02 1.337875269735256112e-01
6.178178178178177909e-02 1.323706507330435211e-01
6.179179179179179054e-02 1.309714675234005254e-01
6.180180180180180199e-02 1.295699865230145742e-01
6.181181181181181344e-02 1.281832454207569583e-01
6.182182182182181795e-02 1.268156372631741580e-01
6.183183183183182940e-02 1.254677978297812080e-01
6.184184184184184085e-02 1.241403800694149129e-01
6.185185185185185230e-02 1.228340539702963696e-01
6.186186186186186375e-02 1.215495063426343392e-01
6.187187187187186826e-02 1.202874405045059880e-01
6.188188188188187971e-02 1.190485758614205497e-01
6.189189189189189116e-02 1.178336473697182835e-01
6.190190190190190261e-02 1.166434048749395019e-01
6.191191191191191406e-02 1.154786123083389182e-01
6.192192192192191857e-02 1.143400467487336175e-01
6.193193193193193002e-02 1.132284973173816739e-01
6.194194194194194147e-02 1.121447639150211506e-01
6.195195195195195292e-02 1.110896557794845835e-01
6.196196196196196437e-02 1.100639898750481599e-01
6.197197197197196888e-02 1.090685890797759017e-01
6.198198198198198033e-02 1.081042801982322610e-01
6.199199199199199178e-02 1.071718917700636847e-01
6.200200200200200323e-02 1.062722516908747306e-01
6.201201201201201468e-02 1.054009806980529679e-01
6.202202202202201919e-02 1.045464488739402537e-01
6.203203203203203064e-02 1.037267621344963725e-01
6.204204204204204209e-02 1.029427296870965292e-01
6.205205205205205354e-02 1.021951472946516920e-01
6.206206206206206499e-02 1.014847939282061129e-01
6.207207207207206950e-02 1.008124282976261832e-01
6.208208208208208095e-02 1.001787852809847001e-01
6.209209209209209240e-02 9.958457229476352923e-02
6.210210210210210385e-02 9.903046561727410491e-02
6.211211211211210836e-02 9.851710672488975251e-02
6.212212212212211981e-02 9.804509866057893597e-02
6.213213213213213126e-02 9.761500248829672877e-02
6.214214214214214271e-02 9.722733387189513854e-02
6.215215215215215416e-02 9.688255982325846838e-02
6.216216216216215867e-02 9.658109566348507813e-02
6.217217217217217012e-02 9.632330223982824013e-02
6.218218218218218157e-02 9.610948343901357105e-02
6.219219219219219302e-02 9.593988403438753754e-02
6.220220220220220447e-02 9.581468790026771709e-02
6.221221221221220898e-02 9.573401662182214056e-02
6.222222222222222043e-02 9.569792852301665931e-02
6.223223223223223188e-02 9.570641812911548363e-02
6.224224224224224333e-02 9.575941607041556225e-02
6.225225225225225478e-02 9.585678943540303087e-02
6.226226226226225929e-02 9.599834255969810770e-02
6.227227227227227074e-02 9.617949895884211897e-02
6.228228228228228219e-02 9.637610717077772782e-02
6.229229229229229364e-02 9.658863484712895686e-02
6.230230230230230509e-02 9.667063616951766802e-02
6.231231231231230960e-02 9.679608774243503300e-02
6.232232232232232105e-02 9.696477561736027706e-02
6.233233233233233250e-02 9.715752637835860239e-02
6.234234234234234395e-02 9.719544577720945489e-02
6.235235235235235540e-02 9.727608370908893964e-02
6.236236236236235991e-02 9.739931170094355550e-02
6.237237237237237136e-02 9.756494427186158946e-02
6.238238238238238281e-02 9.777274009384763487e-02
6.239239239239239426e-02 9.802240349998728175e-02
6.240240240240239877e-02 9.831358631757700084e-02
6.241241241241241022e-02 9.864588999948224746e-02
6.242242242242242167e-02 9.901886802331368032e-02
6.243243243243243312e-02 9.943202852516050405e-02
6.244244244244244457e-02 9.986244190939014276e-02
6.245245245245244908e-02 1.003265648879829997e-01
6.246246246246246053e-02 1.008292532325733709e-01
6.247247247247247198e-02 1.013698883540773976e-01
6.248248248248248343e-02 1.019478202340490663e-01
6.249249249249249488e-02 1.025623706342933955e-01
6.250250250250249939e-02 1.032128363124689141e-01
6.251251251251251084e-02 1.038984922140729766e-01
6.252252252252252229e-02 1.046185946113231957e-01
6.253253253253253374e-02 1.053723841663896515e-01
6.254254254254254519e-02 1.061590888954447726e-01
6.255255255255255664e-02 1.069779270155195444e-01
6.256256256256256809e-02 1.078281096585242127e-01
6.257257257257256566e-02 1.087088434399677006e-01
6.258258258258257711e-02 1.096193328729011401e-01
6.259259259259258856e-02 1.105587826203572877e-01
6.260260260260260001e-02 1.115263995821950127e-01
6.261261261261261146e-02 1.125213948145493692e-01
6.262262262262262291e-02 1.135429852822204128e-01
6.263263263263263436e-02 1.145903954461500313e-01
6.264264264264264581e-02 1.156628586896974314e-01
6.265265265265265726e-02 1.167596185887739973e-01
6.266266266266266871e-02 1.178799300319375715e-01
6.267267267267266628e-02 1.190230601970971025e-01
6.268268268268267773e-02 1.201882893943240493e-01
6.269269269269268918e-02 1.213749117781035697e-01
6.270270270270270063e-02 1.225822359436164466e-01
6.271271271271271208e-02 1.238095854108391958e-01
6.272272272272272353e-02 1.250562990067853320e-01
6.273273273273273498e-02 1.263217311539559518e-01
6.274274274274274643e-02 1.276052520731670581e-01
6.275275275275275788e-02 1.289062479086615365e-01
6.276276276276276933e-02 1.302241207831155712e-01
6.277277277277276690e-02 1.315582887897518705e-01
6.278278278278277835e-02 1.329081859284257927e-01
6.279279279279278980e-02 1.342732619920825876e-01
6.280280280280280125e-02 1.356529824096289194e-01
6.281281281281281270e-02 1.370468280507823045e-01
6.282282282282282415e-02 1.384542949980709925e-01
6.283283283283283560e-02 1.398748942907271364e-01
6.284284284284284705e-02 1.413081516448321528e-01
6.285285285285285850e-02 1.427536071536821549e-01
6.286286286286285607e-02 1.442108149719524279e-01
6.287287287287286752e-02 1.456793429869574497e-01
6.288288288288287897e-02 1.471587724798625318e-01
6.289289289289289042e-02 1.486486977795415387e-01
6.290290290290290187e-02 1.501295348478277614e-01
6.291291291291291332e-02 1.516167485935767389e-01
6.292292292292292477e-02 1.531135135786193535e-01
6.293293293293293622e-02 1.546194695464556124e-01
6.294294294294294767e-02 1.561342674130003771e-01
6.295295295295295912e-02 1.576575689356849719e-01
6.296296296296295669e-02 1.591890463850104409e-01
6.297297297297296814e-02 1.607283822195819112e-01
6.298298298298297959e-02 1.622752687654347437e-01
6.299299299299299104e-02 1.638294079004252446e-01
6.300300300300300249e-02 1.653905107442756317e-01
6.301301301301301394e-02 1.669433956901497929e-01
6.302302302302302539e-02 1.685008716781363769e-01
6.303303303303303684e-02 1.700646258113809040e-01
6.304304304304304829e-02 1.716344008383553776e-01
6.305305305305305974e-02 1.732099472903274873e-01
6.306306306306305731e-02 1.747910232197331104e-01
6.307307307307306876e-02 1.763773939455134110e-01
6.308308308308308021e-02 1.779688318054815366e-01
6.309309309309309166e-02 1.795651159153208998e-01
6.310310310310310311e-02 1.811660319365856753e-01
6.311311311311311456e-02 1.827713718494242967e-01
6.312312312312312601e-02 1.843809337323513153e-01
6.313313313313313746e-02 1.859945215513492955e-01
6.314314314314314891e-02 1.876119449539717932e-01
6.315315315315314648e-02 1.892330190706961457e-01
6.316316316316315793e-02 1.908575643229498964e-01
6.317317317317316938e-02 1.924854062376361585e-01
6.318318318318318083e-02 1.941163752680707122e-01
6.319319319319319228e-02 1.957503066211463416e-01
6.320320320320320373e-02 1.973870400905702038e-01
6.321321321321321518e-02 1.990264198960352005e-01
6.322322322322322663e-02 2.006682945281387243e-01
6.323323323323323808e-02 2.023125165988943763e-01
6.324324324324324953e-02 2.039589426976800290e-01
6.325325325325324710e-02 2.056074332524272241e-01
6.326326326326325855e-02 2.072578523959310026e-01
6.327327327327327000e-02 2.089100678370613973e-01
6.328328328328328145e-02 2.105639507367607077e-01
6.329329329329329290e-02 2.122193755886441491e-01
6.330330330330330435e-02 2.138762201040518562e-01
6.331331331331331580e-02 2.155343651013862938e-01
6.332332332332332725e-02 2.171936943996121971e-01
6.333333333333333870e-02 2.188540947157290029e-01
6.334334334334335015e-02 2.205154555661195670e-01
6.335335335335334772e-02 2.221776691715911523e-01
6.336336336336335917e-02 2.238406303660091523e-01
6.337337337337337062e-02 2.255042365083542444e-01
6.338338338338338207e-02 2.271683873981108770e-01
6.339339339339339352e-02 2.288329851938376291e-01
6.340340340340340497e-02 2.304979343348086962e-01
6.341341341341341642e-02 2.321631414656096237e-01
6.342342342342342787e-02 2.338285153635647762e-01
6.343343343343343932e-02 2.354939668689126631e-01
6.344344344344345077e-02 2.371594088175878190e-01
6.345345345345344834e-02 2.388247559765414862e-01
6.346346346346345979e-02 2.404899249814886342e-01
6.347347347347347124e-02 2.421548342769762885e-01
6.348348348348348269e-02 2.438194040587073896e-01
6.349349349349349414e-02 2.454835562180147368e-01
6.350350350350350559e-02 2.471472142884035827e-01
6.351351351351351704e-02 2.488103033940921305e-01
6.352352352352352849e-02 2.504727502004581718e-01
6.353353353353353994e-02 2.521344828663208415e-01
6.354354354354355139e-02 2.537954309980052781e-01
6.355355355355354896e-02 2.554555256050776157e-01
6.356356356356356041e-02 2.571146990577468094e-01
6.357357357357357186e-02 2.587728850457939878e-01
6.358358358358358331e-02 2.604300185390370781e-01
6.359359359359359476e-02 2.620860357492362791e-01
6.360360360360360621e-02 2.637408740933849804e-01
6.361361361361361766e-02 2.653944721578788135e-01
6.362362362362362911e-02 2.670467696662819912e-01
6.363363363363364056e-02 2.686977074437107982e-01
6.364364364364363813e-02 2.703472273870133336e-01
6.365365365365364958e-02 2.719952724338018379e-01
6.366366366366366103e-02 2.736417865330164068e-01
6.367367367367367248e-02 2.752867146165692835e-01
6.368368368368368393e-02 2.769300025719910185e-01
6.369369369369369538e-02 2.785715972160559550e-01
6.370370370370370683e-02 2.802114462693421348e-01
6.371371371371371828e-02 2.818494983317016422e-01
6.372372372372372973e-02 2.834857028585898719e-01
6.373373373373374118e-02 2.851200101382339036e-01
6.374374374374373875e-02 2.867523712696052329e-01
6.375375375375375020e-02 2.883827381411708246e-01
6.376376376376376165e-02 2.900110634103653107e-01
6.377377377377377310e-02 2.916373004838098137e-01
6.378378378378378455e-02 2.932614034981966822e-01
6.379379379379379600e-02 2.948833273018460766e-01
6.380380380380380745e-02 2.965030274369009344e-01
6.381381381381381890e-02 2.981204601221341677e-01
6.382382382382383035e-02 2.997355822363442779e-01
6.383383383383384180e-02 3.013483513023302307e-01
6.384384384384383937e-02 3.029587254714002365e-01
6.385385385385385082e-02 3.045666635084284257e-01
6.386386386386386227e-02 3.061721247773963595e-01
6.387387387387387372e-02 3.077750692274411337e-01
6.388388388388388517e-02 3.093754573789337381e-01
6.389389389389389662e-02 3.109732503122137337e-01
6.390390390390390807e-02 3.125684096523467237e-01
6.391391391391391952e-02 3.141608975587281694e-01
6.392392392392393097e-02 3.157506767128734904e-01
6.393393393393392854e-02 3.173377103070544325e-01
6.394394394394393999e-02 3.189219620333089700e-01
6.395395395395395144e-02 3.205033960728135289e-01
6.396396396396396289e-02 3.220819770856088171e-01
6.397397397397397434e-02 3.236576702006679906e-01
6.398398398398398579e-02 3.252304410062876183e-01
6.399399399399399724e-02 3.268002555407960030e-01
6.400400400400400869e-02 3.283670802835670366e-01
6.401401401401402014e-02 3.299287722802684564e-01
6.402402402402403159e-02 3.314832566047175577e-01
6.403403403403402916e-02 3.330347169496841175e-01
6.404404404404404061e-02 3.345831215694837213e-01
6.405405405405405206e-02 3.361284391235656588e-01
6.406406406406406351e-02 3.376706386690173645e-01
6.407407407407407496e-02 3.392096896532822425e-01
6.408408408408408641e-02 3.407455619071229624e-01
6.409409409409409786e-02 3.422782256377976950e-01
6.410410410410410931e-02 3.438076514224615576e-01
6.411411411411412076e-02 3.453338102017651234e-01
6.412412412412413221e-02 3.468566732736669822e-01
6.413413413413412978e-02 3.483762122874265454e-01
6.414414414414414123e-02 3.498923992378016323e-01
6.415415415415415268e-02 3.514052064594076485e-01
6.416416416416416413e-02 3.529146066212631716e-01
6.417417417417417558e-02 3.544205727215123947e-01
6.418418418418418703e-02 3.559230780822920104e-01
6.419419419419419848e-02 3.574220963447734545e-01
6.420420420420420993e-02 3.589176014643501444e-01
6.421421421421422138e-02 3.604095677059719338e-01
6.422422422422421895e-02 3.618979696396253387e-01
6.423423423423423040e-02 3.633827821359599253e-01
6.424424424424424185e-02 3.648639803620229438e-01
6.425425425425425330e-02 3.663415397771553894e-01
6.426426426426426475e-02 3.678154361289884267e-01
6.427427427427427620e-02 3.692856454495747620e-01
6.428428428428428765e-02 3.707521440516324263e-01
6.429429429429429910e-02 3.722149085248961375e-01
6.430430430430431055e-02 3.736739157325911775e-01
6.431431431431432200e-02 3.751291428080967272e-01
6.432432432432431957e-02 3.765805671512299502e-01
6.433433433433433102e-02 3.780281664256145979e-01
6.434434434434434247e-02 3.794719185551435059e-01
6.435435435435435392e-02 3.809118017210505469e-01
6.436436436436436537e-02 3.823477943589595474e-01
6.437437437437437682e-02 3.837798751560182464e-01
6.438438438438438827e-02 3.852080230481270129e-01
6.439439439439439972e-02 3.866322172172404481e-01
6.440440440440441117e-02 3.880524370887440400e-01
6.441441441441442262e-02 3.894686623289238536e-01
6.442442442442442019e-02 3.908808728424879031e-01
6.443443443443443164e-02 3.922890487701784501e-01
6.444444444444444309e-02 3.936931704864385373e-01
6.445445445445445454e-02 3.950932185971536836e-01
6.446446446446446599e-02 3.964891739374531987e-01
6.447447447447447744e-02 3.978810175695839391e-01
6.448448448448448889e-02 3.992687307808284181e-01
6.449449449449450034e-02 4.006522950814965234e-01
6.450450450450451179e-02 4.020316922029677498e-01
6.451451451451450936e-02 4.034069040957810048e-01
6.452452452452452081e-02 4.047779129278041288e-01
6.453453453453453226e-02 4.061435279423977196e-01
6.454454454454454371e-02 4.075038918466559190e-01
6.455455455455455516e-02 4.088600901533408494e-01
6.456456456456456661e-02 4.102121061116557610e-01
6.457457457457457806e-02 4.115599231790067480e-01
6.458458458458458951e-02 4.129035250193807682e-01
6.459459459459460096e-02 4.142428955017589676e-01
6.460460460460461241e-02 4.155780186985779112e-01
6.461461461461460998e-02 4.169088788842270632e-01
6.462462462462462143e-02 4.182354605335960041e-01
6.463463463463463288e-02 4.195577483206361924e-01
6.464464464464464433e-02 4.208757271169868419e-01
6.465465465465465578e-02 4.221893819906223921e-01
6.466466466466466723e-02 4.234986982045320092e-01
6.467467467467467868e-02 4.248036612154421077e-01
6.468468468468469013e-02 4.261042566725627978e-01
6.469469469469470158e-02 4.274004704163710811e-01
6.470470470470471303e-02 4.286922884774194697e-01
6.471471471471471060e-02 4.299796970751791347e-01
6.472472472472472205e-02 4.312626826170276595e-01
6.473473473473473350e-02 4.325412316966715798e-01
6.474474474474474495e-02 4.338153310937758467e-01
6.475475475475475640e-02 4.350849677724422104e-01
6.476476476476476785e-02 4.363501288803025568e-01
6.477477477477477930e-02 4.376108017475131007e-01
6.478478478478479075e-02 4.388669738857780001e-01
6.479479479479480220e-02 4.401186329873892911e-01
6.480480480480479977e-02 4.413657669242946335e-01
6.481481481481481122e-02 4.426083637471850962e-01
6.482482482482482267e-02 4.438464116845937113e-01
6.483483483483483412e-02 4.450798991420290562e-01
6.484484484484484557e-02 4.463088147011152196e-01
6.485485485485485702e-02 4.475331471187571908e-01
6.486486486486486847e-02 4.487528853263220707e-01
6.487487487487487992e-02 4.499680184288334384e-01
6.488488488488489137e-02 4.511785357041877553e-01
6.489489489489490281e-02 4.523844266023878125e-01
6.490490490490490039e-02 4.535856807447778416e-01
6.491491491491491184e-02 4.547822879233210935e-01
6.492492492492492329e-02 4.559742380998557110e-01
6.493493493493493474e-02 4.571615214053935672e-01
6.494494494494494619e-02 4.583441281394223799e-01
6.495495495495495764e-02 4.595220487692139311e-01
6.496496496496496909e-02 4.606952739291564902e-01
6.497497497497498053e-02 4.618637944200935652e-01
6.498498498498499198e-02 4.630276012086682602e-01
6.499499499499500343e-02 4.641866854266895603e-01
6.500500500500500101e-02 4.653410383705039455e-01
6.501501501501501246e-02 4.664906515003763854e-01
6.502502502502502391e-02 4.676343586842628408e-01
6.503503503503503536e-02 4.687720118296179739e-01
6.504504504504504681e-02 4.699048012489230874e-01
6.505505505505505826e-02 4.710327189082043065e-01
6.506506506506506970e-02 4.721557569370765095e-01
6.507507507507508115e-02 4.732739076281987645e-01
6.508508508508509260e-02 4.743871634367476942e-01
6.509509509509509018e-02 4.754955169798799619e-01
6.510510510510510163e-02 4.765989610362229567e-01
6.511511511511511308e-02 4.776974885453493802e-01
6.512512512512512453e-02 4.787910926072745932e-01
6.513513513513513598e-02 4.798797664819524633e-01
6.514514514514514743e-02 4.809635035887757093e-01
6.515515515515515887e-02 4.820422975060879578e-01
6.516516516516517032e-02 4.831161419706889171e-01
6.517517517517518177e-02 4.841850308773572031e-01
6.518518518518519322e-02 4.852489582783690025e-01
6.519519519519519080e-02 4.863079183830222307e-01
6.520520520520520225e-02 4.873619055571691283e-01
6.521521521521521370e-02 4.884109143227460259e-01
6.522522522522522515e-02 4.894549393573095486e-01
6.523523523523523659e-02 4.904939754935794261e-01
6.524524524524524804e-02 4.915280177189759736e-01
6.525525525525525949e-02 4.925570611751701189e-01
6.526526526526527094e-02 4.935811011576314855e-01
6.527527527527528239e-02 4.946001331151734792e-01
6.528528528528529384e-02 4.956141526495140837e-01
6.529529529529529142e-02 4.966231555148232779e-01
6.530530530530530287e-02 4.976271376172893834e-01
6.531531531531531432e-02 4.986260950143360793e-01
6.532532532532532576e-02 4.996200239155150769e-01
6.533533533533533721e-02 5.006089206800783398e-01
6.534534534534534866e-02 5.015927818178677056e-01
6.535535535535536011e-02 5.025716039885471664e-01
6.536536536536537156e-02 5.035453840011665516e-01
6.537537537537538301e-02 5.045141188137352017e-01
6.538538538538538059e-02 5.054778055327773245e-01
6.539539539539539204e-02 5.064364414129156611e-01
6.540540540540540349e-02 5.073900238564265086e-01
6.541541541541541493e-02 5.083385504128151711e-01
6.542542542542542638e-02 5.092820187783856367e-01
6.543543543543543783e-02 5.102204267958081463e-01
6.544544544544544928e-02 5.111537724536906468e-01
6.545545545545546073e-02 5.120820538861481364e-01
6.546546546546547218e-02 5.130052693723721191e-01
6.547547547547548363e-02 5.139234173362013935e-01
6.548548548548549508e-02 5.148364963456882881e-01
6.549549549549549265e-02 5.157445051126705593e-01
6.550550550550550410e-02 5.166474424923429565e-01
6.551551551551551555e-02 5.175453074828156863e-01
6.552552552552552700e-02 5.184380992246904185e-01
6.553553553553553845e-02 5.193258170006235241e-01
6.554554554554554990e-02 5.202084602348928666e-01
6.555555555555556135e-02 5.210860284929619279e-01
6.556556556556557280e-02 5.219585214810456009e-01
6.557557557557558425e-02 5.228259390456707623e-01
6.558558558558558182e-02 5.236882811732413989e-01
6.559559559559559327e-02 5.245455479896000694e-01
6.560560560560560472e-02 5.253977397595853693e-01
6.561561561561561617e-02 5.262448568865887299e-01
6.562562562562562762e-02 5.270868999121186560e-01
6.563563563563563907e-02 5.279238695153520844e-01
6.564564564564565052e-02 5.287557665126904061e-01
6.565565565565566197e-02 5.295825918573118241e-01
6.566566566566567342e-02 5.304043466387244887e-01
6.567567567567567099e-02 5.312210320823190779e-01
6.568568568568568244e-02 5.320326495489132723e-01
6.569569569569569389e-02 5.328392005343034477e-01
6.570570570570570534e-02 5.336406866688053752e-01
6.571571571571571679e-02 5.344371097168045814e-01
6.572572572572572824e-02 5.352284715762931633e-01
6.573573573573573969e-02 5.360147742784151514e-01
6.574574574574575114e-02 5.367926903547900475e-01
6.575575575575576259e-02 5.375617576290453448e-01
6.576576576576577404e-02 5.383256870505908065e-01
6.577577577577578549e-02 5.390844812134713004e-01
6.578578578578578306e-02 5.398381428451247688e-01
6.579579579579579451e-02 5.405866748059080518e-01
6.580580580580580596e-02 5.413300800886159392e-01
6.581581581581581741e-02 5.420683618180041075e-01
6.582582582582582886e-02 5.428015232503103915e-01
6.583583583583584031e-02 5.435295677727673969e-01
6.584584584584585176e-02 5.442524989031199967e-01
6.585585585585586321e-02 5.449703202891376108e-01
6.586586586586587466e-02 5.456830357081233762e-01
6.587587587587587223e-02 5.463906490664223181e-01
6.588588588588588368e-02 5.470931643989288551e-01
6.589589589589589513e-02 5.477905858685871987e-01
6.590590590590590658e-02 5.484829177658967492e-01
6.591591591591591803e-02 5.491701645084063887e-01
6.592592592592592948e-02 5.498523306403093613e-01
6.593593593593594093e-02 5.505294208315656412e-01
6.594594594594595238e-02 5.512014398779473412e-01
6.595595595595596383e-02 5.518683927001625245e-01
6.596596596596596140e-02 5.525302843434346522e-01
6.597597597597597285e-02 5.531871199769884395e-01
6.598598598598598430e-02 5.538389048935333792e-01
6.599599599599599575e-02 5.544856445087452679e-01
6.600600600600600720e-02 5.551273443607463998e-01
6.601601601601601865e-02 5.557640101095829843e-01
6.602602602602603010e-02 5.563956475366976795e-01
6.603603603603604155e-02 5.570222625444068987e-01
6.604604604604605300e-02 5.576438611553677926e-01
6.605605605605606445e-02 5.582604495120465637e-01
6.606606606606607590e-02 5.588720338761907769e-01
6.607607607607607347e-02 5.594786206282843510e-01
6.608608608608608492e-02 5.600802162670218687e-01
6.609609609609609637e-02 5.606768274087561288e-01
6.610610610610610782e-02 5.612684607869644626e-01
6.611611611611611927e-02 5.618551232517039473e-01
6.612612612612613072e-02 5.624368217690625116e-01
6.613613613613614217e-02 5.630135634206124839e-01
6.614614614614615362e-02 5.635853554028636969e-01
6.615615615615616507e-02 5.641522050267063770e-01
6.616616616616616264e-02 5.647141197168592530e-01
6.617617617617617409e-02 5.652711070113177749e-01
6.618618618618618554e-02 5.658231745607892327e-01
6.619619619619619699e-02 5.663703301281385327e-01
6.620620620620620844e-02 5.669125815878255370e-01
6.621621621621621989e-02 5.674499369253394043e-01
6.622622622622623134e-02 5.679824042366365955e-01
6.623623623623624279e-02 5.685099917275719950e-01
6.624624624624625424e-02 5.690327077133301437e-01
6.625625625625626569e-02 5.695505606178558056e-01
6.626626626626626326e-02 5.700635589732792052e-01
6.627627627627627471e-02 5.705717114193467054e-01
6.628628628628628616e-02 5.710750267028408267e-01
6.629629629629629761e-02 5.715735136770021541e-01
6.630630630630630906e-02 5.720671813009546858e-01
6.631631631631632051e-02 5.725560386391217449e-01
6.632632632632633196e-02 5.730400948606447775e-01
6.633633633633634341e-02 5.735193592388000416e-01
6.634634634634635486e-02 5.739938411504125204e-01
6.635635635635636631e-02 5.744635500752690582e-01
6.636636636636636388e-02 5.749284955955296095e-01
6.637637637637637533e-02 5.753886873951401526e-01
6.638638638638638678e-02 5.758441352592372775e-01
6.639639639639639823e-02 5.762948490735574358e-01
6.640640640640640968e-02 5.767408388238456363e-01
6.641641641641642113e-02 5.771821145952543697e-01
6.642642642642643258e-02 5.776186865717514163e-01
6.643643643643644403e-02 5.780505650355219904e-01
6.644644644644645548e-02 5.784777603663652235e-01
6.645645645645645305e-02 5.789002830410990841e-01
6.646646646646646450e-02 5.793181436329547518e-01
6.647647647647647595e-02 5.797313528109758751e-01
6.648648648648648740e-02 5.801399213394143883e-01
6.649649649649649885e-02 5.805438600771229973e-01
6.650650650650651030e-02 5.809431799769532168e-01
6.651651651651652175e-02 5.813378920851455245e-01
6.652652652652653320e-02 5.817280075407206263e-01
6.653653653653654465e-02 5.821135375748718310e-01
6.654654654654655610e-02 5.824944935103544275e-01
6.655655655655655367e-02 5.828708867608727306e-01
6.656656656656656512e-02 5.832427288304729007e-01
6.657657657657657657e-02 5.836100313129248818e-01
6.658658658658658802e-02 5.839728058911094477e-01
6.659659659659659947e-02 5.843310643364068024e-01
6.660660660660661092e-02 5.846848185080794069e-01
6.661661661661662237e-02 5.850340803526533628e-01
6.662662662662663382e-02 5.853788619033082341e-01
6.663663663663664527e-02 5.857191752792511030e-01
6.664664664664665672e-02 5.860550326851062808e-01
6.665665665665665429e-02 5.863864464102910290e-01
6.666666666666666574e-02 5.867134288283994970e-01
6.667667667667667719e-02 5.870359923965826621e-01
6.668668668668668864e-02 5.873541496549229413e-01
6.669669669669670009e-02 5.876679132258233462e-01
6.670670670670671154e-02 5.879772958133747673e-01
6.671671671671672299e-02 5.882823102027413542e-01
6.672672672672673444e-02 5.885829692595372364e-01
6.673673673673674589e-02 5.888792859292023563e-01
6.674674674674674346e-02 5.891712732363780791e-01
6.675675675675675491e-02 5.894589442842916860e-01
6.676676676676676636e-02 5.897423122541202156e-01
6.677677677677677781e-02 5.900213904043791757e-01
6.678678678678678926e-02 5.902961920702893828e-01
6.679679679679680071e-02 5.905667306631567914e-01
6.680680680680681216e-02 5.908330196697493264e-01
6.681681681681682361e-02 5.910950726515463716e-01
6.682682682682683506e-02 5.913529032446065425e-01
6.683683683683684651e-02 5.916065251582055540e-01
6.684684684684684408e-02 5.918559521747054353e-01
6.685685685685685553e-02 5.921011981488033538e-01
6.686686686686686698e-02 5.923422770069080023e-01
6.687687687687687843e-02 5.925792027465155432e-01
6.688688688688688988e-02 5.928119894356764785e-01
6.689689689689690133e-02 5.930406512120043327e-01
6.690690690690691278e-02 5.932652022825976035e-01
6.691691691691692423e-02 5.934856569230563261e-01
6.692692692692693568e-02 5.937020294769430606e-01
6.693693693693694713e-02 5.939143343551601673e-01
6.694694694694694470e-02 5.941225860353294141e-01
6.695695695695695615e-02 5.943267990611642571e-01
6.696696696696696760e-02 5.945269880418493358e-01
6.697697697697697905e-02 5.947231676514168619e-01
6.698698698698699050e-02 5.949153526281232285e-01
6.699699699699700195e-02 5.951035577738285065e-01
6.700700700700701340e-02 5.952877979533726105e-01
6.701701701701702485e-02 5.954680880939581256e-01
6.702702702702703630e-02 5.956444431845234755e-01
6.703703703703703387e-02 5.958168782751256387e-01
6.704704704704704532e-02 5.959854084763237525e-01
6.705705705705705677e-02 5.961500489585516149e-01
6.706706706706706822e-02 5.963108149515063960e-01
6.707707707707707967e-02 5.964677217435262468e-01
6.708708708708709112e-02 5.966207846809734594e-01
6.709709709709710257e-02 5.967700191676188481e-01
6.710710710710711402e-02 5.969154406640233557e-01
6.711711711711712547e-02 5.970570646869236553e-01
6.712712712712713692e-02 5.971949068086166434e-01
6.713713713713713449e-02 5.973289826563447091e-01
6.714714714714714594e-02 5.974593079116845562e-01
6.715715715715715739e-02 5.975858983099299193e-01
6.716716716716716884e-02 5.977087696394826066e-01
6.717717717717718029e-02 5.978279377412429874e-01
6.718718718718719174e-02 5.979434185079965935e-01
6.719719719719720319e-02 5.980552278838040525e-01
6.720720720720721464e-02 5.981633818633949051e-01
6.721721721721722609e-02 5.982678964915608688e-01
6.722722722722723754e-02 5.983687878625426615e-01
6.723723723723723511e-02 5.984660721194333677e-01
6.724724724724724656e-02 5.985597654535652623e-01
6.725725725725725801e-02 5.986498841039110674e-01
6.726726726726726946e-02 5.987364443564783256e-01
6.727727727727728091e-02 5.988194625437091023e-01
6.728728728728729236e-02 5.988989550438781340e-01
6.729729729729730381e-02 5.989749382804929745e-01
6.730730730730731526e-02 5.990474287216963623e-01
6.731731731731732671e-02 5.991164428796669217e-01
6.732732732732732428e-02 5.991819973100238617e-01
6.733733733733733573e-02 5.992441086112323401e-01
6.734734734734734718e-02 5.993027934240059418e-01
6.735735735735735863e-02 5.993580684307171502e-01
6.736736736736737008e-02 5.994099503548052654e-01
6.737737737737738153e-02 5.994584559601813245e-01
6.738738738738739298e-02 5.995036020506450125e-01
6.739739739739740443e-02 5.995454054692914703e-01
6.740740740740741588e-02 5.995838830979262069e-01
6.741741741741742733e-02 5.996190518564804561e-01
6.742742742742742490e-02 5.996509287024245349e-01
6.743743743743743635e-02 5.996795306301853090e-01
6.744744744744744780e-02 5.997048746705662126e-01
6.745745745745745925e-02 5.997269778901642701e-01
6.746746746746747070e-02 5.997458573905819490e-01
6.747747747747748215e-02 5.997615303086900607e-01
6.748748748748749360e-02 5.997740138147902300e-01
6.749749749749750505e-02 5.997833251128810161e-01
6.750750750750751650e-02 5.997894814398725405e-01
6.751751751751752795e-02 5.997925000650154992e-01
6.752752752752752552e-02 5.997923982893305084e-01
6.753753753753753697e-02 5.997891934450378937e-01
6.754754754754754842e-02 5.997829028949900332e-01
6.755755755755755987e-02 5.997735440321054767e-01
6.756756756756757132e-02 5.997611342788018440e-01
6.757757757757758277e-02 5.997456910864358282e-01
6.758758758758759422e-02 5.997272319347379810e-01
6.759759759759760567e-02 5.997057743312524947e-01
6.760760760760761712e-02 5.996813358107822012e-01
6.761761761761761469e-02 5.996539339348230246e-01
6.762762762762762614e-02 5.996235862910169745e-01
6.763763763763763759e-02 5.995903104925910387e-01
6.764764764764764904e-02 5.995541241778070685e-01
6.765765765765766049e-02 5.995150450094116623e-01
6.766766766766767194e-02 5.994730906740821652e-01
6.767767767767768339e-02 5.994282788818825480e-01
6.768768768768769484e-02 5.993806273657159567e-01
6.769769769769770629e-02 5.993301538807778162e-01
6.770770770770771774e-02 5.992768762040129316e-01
6.771771771771772919e-02 5.992208121335762527e-01
6.772772772772772676e-02 5.991619794882888650e-01
6.773773773773773821e-02 5.991003961071025286e-01
6.774774774774774966e-02 5.990360798485609983e-01
6.775775775775776111e-02 5.989690485902628980e-01
6.776776776776777256e-02 5.988993202283336981e-01
6.777777777777778401e-02 5.988269126768879236e-01
6.778778778778779546e-02 5.987518438675002441e-01
6.779779779779780691e-02 5.986741317486788949e-01
6.780780780780781836e-02 5.985937942853349902e-01
6.781781781781781593e-02 5.985108494582599414e-01
6.782782782782782738e-02 5.984253152636015427e-01
6.783783783783783883e-02 5.983372097123390576e-01
6.784784784784785028e-02 5.982465508297660772e-01
6.785785785785786173e-02 5.981533566549697145e-01
6.786786786786787318e-02 5.980576452403127963e-01
6.787787787787788463e-02 5.979594346509219394e-01
6.788788788788789608e-02 5.978587429641700757e-01
6.789789789789790753e-02 5.977555882691655276e-01
6.790790790790790510e-02 5.976499886662427485e-01
6.791791791791791655e-02 5.975419622664516206e-01
6.792792792792792800e-02 5.974315271910536351e-01
6.793793793793793945e-02 5.973187015710118564e-01
6.794794794794795090e-02 5.972035035464923203e-01
6.795795795795796235e-02 5.970859512663576618e-01
6.796796796796797380e-02 5.969660628876710673e-01
6.797797797797798525e-02 5.968438565751942315e-01
6.798798798798799670e-02 5.967193505008921983e-01
6.799799799799800815e-02 5.965925628434385342e-01
6.800800800800801960e-02 5.964635117877213899e-01
6.801801801801801717e-02 5.963322155243505618e-01
6.802802802802802862e-02 5.961986922491696594e-01
6.803803803803804007e-02 5.960629601627668306e-01
6.804804804804805152e-02 5.959250374699863739e-01
6.805805805805806297e-02 5.957849423794472354e-01
6.806806806806807442e-02 5.956426931030566196e-01
6.807807807807808587e-02 5.954983078555303733e-01
6.808808808808809732e-02 5.953518048539114815e-01
6.809809809809810877e-02 5.952032023170940045e-01
6.810810810810810634e-02 5.950525184653432387e-01
6.811811811811811779e-02 5.948997715198250935e-01
6.812812812812812924e-02 5.947449797021290285e-01
6.813813813813814069e-02 5.945881612337985400e-01
6.814814814814815214e-02 5.944293343358622028e-01
6.815815815815816359e-02 5.942685172283632689e-01
6.816816816816817504e-02 5.941057281298938175e-01
6.817817817817818649e-02 5.939409852571311266e-01
6.818818818818819794e-02 5.937743068243744871e-01
6.819819819819819551e-02 5.936057110430816852e-01
6.820820820820820696e-02 5.934352161214093702e-01
6.821821821821821841e-02 5.932628402637596388e-01
6.822822822822822986e-02 5.930886016703149632e-01
6.823823823823824131e-02 5.929125185365931028e-01
6.824824824824825276e-02 5.927346090529844735e-01
6.825825825825826421e-02 5.925548914043059501e-01
6.826826826826827566e-02 5.923733837693520021e-01
6.827827827827828711e-02 5.921901043204406134e-01
6.828828828828829856e-02 5.920050712229715240e-01
6.829829829829831001e-02 5.918183026349800313e-01
6.830830830830830758e-02 5.916298167066901259e-01
6.831831831831831903e-02 5.914396315800775072e-01
6.832832832832833048e-02 5.912477653884259388e-01
6.833833833833834193e-02 5.910542362558889318e-01
6.834834834834835338e-02 5.908590622968792339e-01
6.835835835835836483e-02 5.906622616163289541e-01
6.836836836836837628e-02 5.904638523082119672e-01
6.837837837837838773e-02 5.902638524558059263e-01
6.838838838838839917e-02 5.900622801310894117e-01
6.839839839839839675e-02 5.898591533943088328e-01
6.840840840840840820e-02 5.896544902935559884e-01
6.841841841841841965e-02 5.894483088643368562e-01
6.842842842842843110e-02 5.892406271291502629e-01
6.843843843843844255e-02 5.890314630970627796e-01
6.844844844844845400e-02 5.888141380624350996e-01
6.845845845845846545e-02 5.885841047919104785e-01
6.846846846846847690e-02 5.883525948008793138e-01
6.847847847847848834e-02 5.881196262672255815e-01
6.848848848848848592e-02 5.878852173537358894e-01
6.849849849849849737e-02 5.876493862076873631e-01
6.850850850850850882e-02 5.874121509604365299e-01
6.851851851851852027e-02 5.871735297270092024e-01
6.852852852852853172e-02 5.869335406056902515e-01
6.853853853853854317e-02 5.866922016776212612e-01
6.854854854854855462e-02 5.864495310063885247e-01
6.855855855855856607e-02 5.862055466376246970e-01
6.856856856856857751e-02 5.859602665986042291e-01
6.857857857857858896e-02 5.857137088978404682e-01
6.858858858858860041e-02 5.854658915246933049e-01
6.859859859859859799e-02 5.852168324489599449e-01
6.860860860860860944e-02 5.849665496204897730e-01
6.861861861861862089e-02 5.847150609687820078e-01
6.862862862862863234e-02 5.844623844025955695e-01
6.863863863863864379e-02 5.842085378095553949e-01
6.864864864864865523e-02 5.839535390557625272e-01
6.865865865865866668e-02 5.836974059854048713e-01
6.866866866866867813e-02 5.834401564203683943e-01
6.867867867867868958e-02 5.831818081598540982e-01
6.868868868868868716e-02 5.829223789799862221e-01
6.869869869869869861e-02 5.826618866334362101e-01
6.870870870870871006e-02 5.824003488490355762e-01
6.871871871871872151e-02 5.821377833313973182e-01
6.872872872872873296e-02 5.818742077605359997e-01
6.873873873873874440e-02 5.816096397914880534e-01
6.874874874874875585e-02 5.813440970539360819e-01
6.875875875875876730e-02 5.810775971518360450e-01
6.876876876876877875e-02 5.808101576631193863e-01
6.877877877877877633e-02 5.805417961389991444e-01
6.878878878878878778e-02 5.802725301040825290e-01
6.879879879879879923e-02 5.800023770556805847e-01
6.880880880880881068e-02 5.797313544635159799e-01
6.881881881881882213e-02 5.794594797693579658e-01
6.882882882882883357e-02 5.791867703866560024e-01
6.883883883883884502e-02 5.789132437001717202e-01
6.884884884884885647e-02 5.786389170656208725e-01
6.885885885885886792e-02 5.783638078093049639e-01
6.886886886886887937e-02 5.780879332278349159e-01
6.887887887887889082e-02 5.778113105874450595e-01
6.888888888888888840e-02 5.775339571241214776e-01
6.889889889889889985e-02 5.772558900429187734e-01
6.890890890890891129e-02 5.769771265176882880e-01
6.891891891891892274e-02 5.766976836907171666e-01
6.892892892892893419e-02 5.764175786723821915e-01
6.893893893893894564e-02 5.761368285407898471e-01
6.894894894894895709e-02 5.758458223893373473e-01
6.895895895895896854e-02 5.755407174575906115e-01
6.896896896896897999e-02 5.752349679591565179e-01
6.897897897897897757e-02 5.749285911153181328e-01
6.898898898898898902e-02 5.746216041139733388e-01
6.899899899899900046e-02 5.743140241093036558e-01
6.900900900900901191e-02 5.740058682214261854e-01
6.901901901901902336e-02 5.736971535360612107e-01
6.902902902902903481e-02 5.733878971041918016e-01
6.903903903903904626e-02 5.730781159417298598e-01
6.904904904904905771e-02 5.727678270291781670e-01
6.905905905905906916e-02 5.724570473113004265e-01
6.906906906906906674e-02 5.721457936967870861e-01
6.907907907907909206e-02 5.718340830579198286e-01
6.908908908908908963e-02 5.715219322302510507e-01
6.909909909909910108e-02 5.712093580122629133e-01
6.910910910910911253e-02 5.708963771650469310e-01
6.911911911911912398e-02 5.705830064119749023e-01
6.912912912912913543e-02 5.702692624383709497e-01
6.913913913913914688e-02 5.699551618911885553e-01
6.914914914914915833e-02 5.696407213786880419e-01
6.915915915915916978e-02 5.693259574701078352e-01
6.916916916916918123e-02 5.690108866953498268e-01
6.917917917917917880e-02 5.686955255446547453e-01
6.918918918918919025e-02 5.683798904682816344e-01
6.919919919919920170e-02 5.680639978761924391e-01
6.920920920920921315e-02 5.677478641377307067e-01
6.921921921921922460e-02 5.674315055813088371e-01
6.922922922922923605e-02 5.671149384940891158e-01
6.923923923923924750e-02 5.667981791216701870e-01
6.924924924924925895e-02 5.664812436677749696e-01
6.925925925925927040e-02 5.661641482939361314e-01
6.926926926926926797e-02 5.658469091191853373e-01
6.927927927927927942e-02 5.655295422197426092e-01
6.928928928928929087e-02 5.652120636287059074e-01
6.929929929929930232e-02 5.648944893357455976e-01
6.930930930930931377e-02 5.645768352867935880e-01
6.931931931931932522e-02 5.642591173837370189e-01
6.932932932932933667e-02 5.639413514841157271e-01
6.933933933933934812e-02 5.636235534008137149e-01
6.934934934934935957e-02 5.633057389017571692e-01
6.935935935935935714e-02 5.629879237096138134e-01
6.936936936936938247e-02 5.626701235014870406e-01
6.937937937937938004e-02 5.623523539086197065e-01
6.938938938938939149e-02 5.620346305160913714e-01
6.939939939939940294e-02 5.617169688625200941e-01
6.940940940940941439e-02 5.613993844397655586e-01
6.941941941941942584e-02 5.610818926926320893e-01
6.942942942942943729e-02 5.607645090185712222e-01
6.943943943943944874e-02 5.604472487673912706e-01
6.944944944944946019e-02 5.601301272409570098e-01
6.945945945945947164e-02 5.598131596929025733e-01
6.946946946946946921e-02 5.594963613283373549e-01
6.947947947947948066e-02 5.591797473035524657e-01
6.948948948948949211e-02 5.588633327257365169e-01
6.949949949949950356e-02 5.585471326526820768e-01
6.950950950950951501e-02 5.582311620924986784e-01
6.951951951951952646e-02 5.579154360033291571e-01
6.952952952952953791e-02 5.575999692930572182e-01
6.953953953953954936e-02 5.572847768190292150e-01
6.954954954954956081e-02 5.569698733877657126e-01
6.955955955955955838e-02 5.566552737546813789e-01
6.956956956956956983e-02 5.563409926237998793e-01
6.957957957957958128e-02 5.560270446474766537e-01
6.958958958958959273e-02 5.557134444261161432e-01
6.959959959959960418e-02 5.554002065078940120e-01
6.960960960960961563e-02 5.550873453884810349e-01
6.961961961961962708e-02 5.547748755107616558e-01
6.962962962962963853e-02 5.544628112645630935e-01
6.963963963963964998e-02 5.541511669863784517e-01
6.964964964964966143e-02 5.538399569590930493e-01
6.965965965965967288e-02 5.535291954117119717e-01
6.966966966966967045e-02 5.532188965190887320e-01
6.967967967967968190e-02 5.529090744016543768e-01
6.968968968968969335e-02 5.525997431251493675e-01
6.969969969969970480e-02 5.522909167003544617e-01
6.970970970970971625e-02 5.519826090828220400e-01
6.971971971971972770e-02 5.516748341726126492e-01
6.972972972972973915e-02 5.513676058140299929e-01
6.973973973973975060e-02 5.510609377953544774e-01
6.974974974974976205e-02 5.507548438485826425e-01
6.975975975975975962e-02 5.504493376491665924e-01
6.976976976976977107e-02 5.501444328157505392e-01
6.977977977977978252e-02 5.498401429099148974e-01
6.978978978978979397e-02 5.495364814359153804e-01
6.979979979979980542e-02 5.492334618404297597e-01
6.980980980980981687e-02 5.489310975122979608e-01
6.981981981981982832e-02 5.486294017822713753e-01
6.982982982982983977e-02 5.483283879227585089e-01
6.983983983983985122e-02 5.480280691475722943e-01
6.984984984984984879e-02 5.477284586116797360e-01
6.985985985985986024e-02 5.474295694109543309e-01
6.986986986986987169e-02 5.471314145819250463e-01
6.987987987987988314e-02 5.468340071015318493e-01
6.988988988988989459e-02 5.465373598868803473e-01
6.989989989989990604e-02 5.462414857949947633e-01
6.990990990990991749e-02 5.459463976225793491e-01
6.991991991991992894e-02 5.456521081057734701e-01
6.992992992992994039e-02 5.453586299199139065e-01
6.993993993993995184e-02 5.450659756792936017e-01
6.994994994994996329e-02 5.447741579369271836e-01
6.995995995995996086e-02 5.444831891843150418e-01
6.996996996996997231e-02 5.441930818512035195e-01
6.997997997997998376e-02 5.439038483053610928e-01
6.998998998998999521e-02 5.436155008523387844e-01
7.000000000000000666e-02 5.433280517352452321e-01
