5.999999999999999778e-02 4.428680856261471566e-01
6.001001001001000923e-02 4.414427617571333173e-01
6.002002002002002068e-02 4.400156495784419697e-01
6.003003003003002519e-02 4.385873480055454965e-01
6.004004004004003664e-02 4.371587802879077778e-01
6.005005005005004809e-02 4.357299656421044776e-01
6.006006006006005954e-02 4.343009234782588268e-01
6.007007007007007099e-02 4.328716734023695389e-01
6.008008008008007550e-02 4.314422352186725318e-01
6.009009009009008695e-02 4.300126289320480577e-01
6.010010010010009840e-02 4.285828747504633607e-01
6.011011011011010985e-02 4.271529930874469749e-01
6.012012012012012130e-02 4.257230045646192562e-01
6.013013013013012581e-02 4.242929300142483373e-01
6.014014014014013726e-02 4.228627904818544336e-01
6.015015015015014871e-02 4.214326072288610558e-01
6.016016016016016016e-02 4.200024017352788075e-01
6.017017017017016467e-02 4.185721957024419182e-01
6.018018018018017612e-02 4.171420110557797489e-01
6.019019019019018757e-02 4.157118699476456958e-01
6.020020020020019902e-02 4.142817947601836193e-01
6.021021021021021047e-02 4.128518081082382940e-01
6.022022022022021498e-02 4.114219328423235900e-01
6.023023023023022643e-02 4.099921920516261253e-01
6.024024024024023788e-02 4.085626090670702037e-01
6.025025025025024933e-02 4.071332074644223864e-01
6.026026026026026078e-02 4.056973863281716497e-01
6.027027027027026529e-02 4.042604593227592802e-01
6.028028028028027674e-02 4.028237786382620200e-01
6.029029029029028819e-02 4.013873688814419971e-01
6.030030030030029964e-02 3.999505797718553302e-01
6.031031031031031109e-02 3.985074088289557448e-01
6.032032032032031560e-02 3.970645770257353879e-01
6.033033033033032705e-02 3.956221100319851636e-01
6.034034034034033850e-02 3.941800337919382780e-01
6.035035035035034995e-02 3.927383745279489080e-01
6.036036036036036140e-02 3.912971587442331534e-01
6.037037037037036591e-02 3.898564132306721053e-01
6.038038038038037736e-02 3.884161650666705934e-01
6.039039039039038881e-02 3.869764416250919270e-01
6.040040040040040026e-02 3.855372705762483698e-01
6.041041041041041171e-02 3.840986798919520662e-01
6.042042042042041622e-02 3.826606978496466804e-01
6.043043043043042767e-02 3.812233530371809120e-01
6.044044044044043912e-02 3.797866743546995383e-01
6.045045045045045057e-02 3.783506910225278852e-01
6.046046046046046202e-02 3.769154325831949870e-01
6.047047047047046653e-02 3.754809289064919842e-01
6.048048048048047798e-02 3.740472101940079397e-01
6.049049049049048943e-02 3.726143069837453137e-01
6.050050050050050088e-02 3.711822501548011632e-01
6.051051051051050539e-02 3.697510709321228939e-01
6.052052052052051684e-02 3.683208008913422815e-01
6.053053053053052829e-02 3.668914719636875432e-01
6.054054054054053974e-02 3.654631164409609112e-01
6.055055055055055119e-02 3.640357669806092433e-01
6.056056056056055570e-02 3.626094566108622463e-01
6.057057057057056715e-02 3.611842187359499134e-01
6.058058058058057860e-02 3.597600871420046365e-01
6.059059059059059005e-02 3.583370960000509808e-01
6.060060060060060150e-02 3.569152798750520050e-01
6.061061061061060601e-02 3.554946737290685110e-01
6.062062062062061746e-02 3.540753129274756272e-01
6.063063063063062891e-02 3.526572332446799574e-01
6.064064064064064036e-02 3.512404708699162770e-01
6.065065065065065181e-02 3.498250624131201136e-01
6.066066066066065632e-02 3.484110449109001362e-01
6.067067067067066777e-02 3.469984558325816537e-01
6.068068068068067922e-02 3.455873330863503679e-01
6.069069069069069067e-02 3.441777150254692330e-01
6.070070070070070212e-02 3.427696404545936826e-01
6.071071071071070663e-02 3.413631486361647371e-01
6.072072072072071808e-02 3.399582792968917078e-01
6.073073073073072953e-02 3.385467285737704390e-01
6.074074074074074098e-02 3.371350452410049603e-01
6.075075075075075243e-02 3.357250876294956554e-01
6.076076076076075694e-02 3.343168971472574302e-01
6.077077077077076839e-02 3.329105156980228797e-01
6.078078078078077984e-02 3.315059856883220135e-01
6.079079079079079129e-02 3.301033500346539640e-01
6.080080080080080274e-02 3.287026521707492877e-01
6.081081081081080725e-02 3.273039360549229726e-01
6.082082082082081870e-02 3.259072461775103791e-01
6.083083083083083015e-02 3.245126275684120376e-01
6.084084084084084160e-02 3.231201258047046720e-01
6.085085085085084611e-02 3.217297870183544739e-01
6.086086086086085756e-02 3.203326968214332271e-01
6.087087087087086901e-02 3.189320545686841757e-01
6.088088088088088046e-02 3.175336826496202303e-01
6.089089089089089191e-02 3.161376289955892815e-01
6.090090090090089642e-02 3.147439421288638073e-01
6.091091091091090787e-02 3.133526711710192814e-01
6.092092092092091932e-02 3.119638658514026219e-01
6.093093093093093077e-02 3.105775765156807977e-01
6.094094094094094222e-02 3.091938541344765867e-01
6.095095095095094673e-02 3.078127503120854924e-01
6.096096096096095818e-02 3.064343172952706529e-01
6.097097097097096963e-02 3.050586079821395180e-01
6.098098098098098108e-02 3.036856759322194010e-01
6.099099099099099253e-02 3.023155753709503291e-01
6.100100100100099704e-02 3.009483612055443014e-01
6.101101101101100849e-02 2.995840890307111537e-01
6.102102102102101994e-02 2.982228151352199208e-01
6.103103103103103139e-02 2.968645965153325350e-01
6.104104104104104284e-02 2.955094908843632906e-01
6.105105105105104735e-02 2.941575566765152749e-01
6.106106106106105880e-02 2.928088530632182995e-01
6.107107107107107025e-02 2.914634399583269642e-01
6.108108108108108170e-02 2.901213780286266974e-01
6.109109109109109315e-02 2.887827287033069013e-01
6.110110110110109766e-02 2.874475541834511372e-01
6.111111111111110911e-02 2.861159174515213177e-01
6.112112112112112056e-02 2.847878822808545540e-01
6.113113113113113201e-02 2.834635132451391870e-01
6.114114114114113652e-02 2.821428757288088063e-01
6.115115115115114797e-02 2.808260359327309774e-01
6.116116116116115942e-02 2.795130608891977508e-01
6.117117117117117087e-02 2.782040184684411166e-01
6.118118118118118232e-02 2.768989773852268965e-01
6.119119119119118683e-02 2.755980072134683878e-01
6.120120120120119828e-02 2.743011783917368440e-01
6.121121121121120973e-02 2.730085622331842043e-01
6.122122122122122118e-02 2.717202309344412536e-01
6.123123123123123263e-02 2.704362575843923255e-01
6.124124124124123714e-02 2.691567161728073421e-01
6.125125125125124859e-02 2.678816815988083189e-01
6.126126126126126004e-02 2.666112296791628977e-01
6.127127127127127149e-02 2.653454371563903069e-01
6.128128128128128294e-02 2.640843817066347854e-01
6.129129129129128745e-02 2.628281419473239566e-01
6.130130130130129890e-02 2.615767974453284128e-01
6.131131131131131035e-02 2.603304287210327916e-01
6.132132132132132180e-02 2.590891172597333814e-01
6.133133133133133325e-02 2.578529455150998517e-01
6.134134134134133776e-02 2.566167744054494992e-01
6.135135135135134921e-02 2.553739252876443544e-01
6.136136136136136066e-02 2.541363857129509407e-01
6.137137137137137211e-02 2.529042410452763123e-01
6.138138138138138356e-02 2.516775776549077803e-01
6.139139139139138807e-02 2.504564829237361234e-01
6.140140140140139952e-02 2.492410452500106455e-01
6.141141141141141097e-02 2.480313540526010163e-01
6.142142142142142242e-02 2.468274997747289257e-01
6.143143143143142693e-02 2.456295738871360212e-01
6.144144144144143838e-02 2.444376688906586825e-01
6.145145145145144983e-02 2.432518783181737421e-01
6.146146146146146128e-02 2.420722967358735489e-01
6.147147147147147273e-02 2.408990197438351244e-01
6.148148148148147724e-02 2.397321439758491324e-01
6.149149149149148869e-02 2.385717670984564553e-01
6.150150150150150014e-02 2.374179878091735307e-01
6.151151151151151159e-02 2.362709058338341439e-01
6.152152152152152303e-02 2.351306219230310524e-01
6.153153153153152755e-02 2.339972378475955184e-01
6.154154154154153900e-02 2.328708563930773356e-01
6.155155155155155045e-02 2.317515813531823010e-01
6.156156156156156189e-02 2.306395175221019056e-01
6.157157157157157334e-02 2.295347706857132630e-01
6.158158158158157786e-02 2.284374476120798469e-01
6.159159159159158931e-02 2.273476560381872957e-01
6.160160160160160076e-02 2.262655046604344078e-01
6.161161161161161220e-02 2.251911031187358858e-01
6.162162162162162365e-02 2.241245619817341939e-01
6.163163163163162817e-02 2.230659927300822354e-01
6.164164164164163962e-02 2.220155077381935071e-01
6.165165165165165106e-02 2.209542864597034140e-01
6.166166166166166251e-02 2.198988135234647978e-01
6.167167167167167396e-02 2.188516289265808323e-01
6.168168168168167848e-02 2.178128475519786056e-01
6.169169169169168992e-02 2.167825851218543043e-01
6.170170170170170137e-02 2.157609581723280989e-01
6.171171171171171282e-02 2.147480840262786517e-01
6.172172172172172427e-02 2.137440807644048202e-01
6.173173173173172879e-02 2.127490671938150335e-01
6.174174174174174023e-02 2.117631628157249091e-01
6.175175175175175168e-02 2.107864877903953826e-01
6.176176176176176313e-02 2.098191628987432777e-01
6.177177177177177458e-02 2.088613095052835045e-01
6.178178178178177909e-02 2.079130495153325153e-01
6.179179179179179054e-02 2.069745053317761374e-01
6.180180180180180199e-02 2.060457998092248555e-01
6.181181181181181344e-02 2.051270562058737090e-01
6.182182182182181795e-02 2.042183981330305820e-01
6.183183183183182940e-02 2.033199495026628834e-01
6.184184184184184085e-02 2.024318344706678430e-01
6.185185185185185230e-02 2.015541773815227589e-01
6.186186186186186375e-02 2.006871027067030910e-01
6.187187187187186826e-02 1.998307349825708679e-01
6.188188188188187971e-02 1.989851987454220594e-01
6.189189189189189116e-02 1.981506184640950408e-01
6.190190190190190261e-02 1.973271184701154424e-01
6.191191191191191406e-02 1.965148228854170509e-01
6.192192192192191857e-02 1.957138555476282404e-01
6.193193193193193002e-02 1.949243399329675941e-01
6.194194194194194147e-02 1.941463990767704761e-01
6.195195195195195292e-02 1.933801554916873000e-01
6.196196196196196437e-02 1.926257310835968461e-01
6.197197197197196888e-02 1.918832470652941657e-01
6.198198198198198033e-02 1.911528238680167135e-01
6.199199199199199178e-02 1.904345810508761005e-01
6.200200200200200323e-02 1.897286372082839789e-01
6.201201201201201468e-02 1.890351098754513293e-01
6.202202202202201919e-02 1.883541154320796385e-01
6.203203203203203064e-02 1.876857690043298443e-01
6.204204204204204209e-02 1.870301843652107665e-01
6.205205205205205354e-02 1.863874738335015990e-01
6.206206206206206499e-02 1.857577481713510448e-01
6.207207207207206950e-02 1.851411164807017506e-01
6.208208208208208095e-02 1.845376860986963907e-01
6.209209209209209240e-02 1.839475624922341235e-01
6.210210210210210385e-02 1.833685453228925122e-01
6.211211211211210836e-02 1.827864610312852911e-01
6.212212212212211981e-02 1.822178699595469464e-01
6.213213213213213126e-02 1.816628709912728734e-01
6.214214214214214271e-02 1.811215607270206529e-01
6.215215215215215416e-02 1.805940333773984607e-01
6.216216216216215867e-02 1.800803806565757781e-01
6.217217217217217012e-02 1.795806916756571558e-01
6.218218218218218157e-02 1.790950528380902962e-01
6.219219219219219302e-02 1.786235477348008249e-01
6.220220220220220447e-02 1.781662570411460256e-01
6.221221221221220898e-02 1.777232584151973438e-01
6.222222222222222043e-02 1.772946263977479564e-01
6.223223223223223188e-02 1.768804323142632029e-01
6.224224224224224333e-02 1.764807441790330333e-01
6.225225225225225478e-02 1.760956266017664751e-01
6.226226226226225929e-02 1.757251406968844964e-01
6.227227227227227074e-02 1.753693439957504652e-01
6.228228228228228219e-02 1.750282903620848096e-01
6.229229229229229364e-02 1.747020299107998331e-01
6.230230230230230509e-02 1.743906089304815277e-01
6.231231231231230960e-02 1.740940698097587780e-01
6.232232232232232105e-02 1.738124509677614060e-01
6.233233233233233250e-02 1.735457867888932637e-01
6.234234234234234395e-02 1.732941075621050875e-01
6.235235235235235540e-02 1.730574394248719505e-01
6.236236236236235991e-02 1.728358043120408749e-01
6.237237237237237136e-02 1.726292199097198832e-01
6.238238238238238281e-02 1.724376996143581475e-01
6.239239239239239426e-02 1.722612524968319125e-01
6.240240240240239877e-02 1.720998832735969319e-01
6.241241241241241022e-02 1.719535922801646577e-01
6.242242242242242167e-02 1.718223754534529135e-01
6.243243243243243312e-02 1.717062243182433945e-01
6.244244244244244457e-02 1.716051259797294892e-01
6.245245245245244908e-02 1.715190631218781459e-01
6.246246246246246053e-02 1.714480140116144968e-01
6.247247247247247198e-02 1.713919525088388462e-01
6.248248248248248343e-02 1.713508480822542868e-01
6.249249249249249488e-02 1.713246658309682813e-01
6.250250250250249939e-02 1.713133665118132531e-01
6.251251251251251084e-02 1.713169065723239015e-01
6.252252252252252229e-02 1.713352381892657983e-01
6.253253253253253374e-02 1.713683093126260604e-01
6.254254254254254519e-02 1.714160637149361455e-01
6.255255255255255664e-02 1.714784410457812214e-01
6.256256256256256809e-02 1.715553768913655741e-01
6.257257257257256566e-02 1.716468028389358524e-01
6.258258258258257711e-02 1.717526465455902207e-01
6.259259259259258856e-02 1.718728318131953758e-01
6.260260260260260001e-02 1.720072786643836171e-01
6.261261261261261146e-02 1.721559034258424714e-01
6.262262262262262291e-02 1.723186188138624564e-01
6.263263263263263436e-02 1.724953340238366828e-01
6.264264264264264581e-02 1.726859548231416130e-01
6.265265265265265726e-02 1.728903836471721023e-01
6.266266266266266871e-02 1.731085196982586893e-01
6.267267267267266628e-02 1.733402590472380433e-01
6.268268268268267773e-02 1.735854947374019519e-01
6.269269269269268918e-02 1.738441168905783540e-01
6.270270270270270063e-02 1.741160128147769548e-01
6.271271271271271208e-02 1.743935021317900014e-01
6.272272272272272353e-02 1.746672526176537843e-01
6.273273273273273498e-02 1.749539326882756651e-01
6.274274274274274643e-02 1.752534239164736940e-01
6.275275275275275788e-02 1.755656055284600670e-01
6.276276276276276933e-02 1.758577744623481265e-01
6.277277277277276690e-02 1.760606348601525262e-01
6.278278278278277835e-02 1.762762942863519144e-01
6.279279279279278980e-02 1.765046562886502524e-01
6.280280280280280125e-02 1.767456217853625444e-01
6.281281281281281270e-02 1.769990891556801893e-01
6.282282282282282415e-02 1.772649543313903620e-01
6.283283283283283560e-02 1.775431108898370136e-01
6.284284284284284705e-02 1.778334501479360008e-01
6.285285285285285850e-02 1.781358612570418942e-01
6.286286286286285607e-02 1.784502312984704020e-01
6.287287287287286752e-02 1.786751496183527910e-01
6.288288288288287897e-02 1.788716689175844921e-01
6.289289289289289042e-02 1.790801399686604012e-01
6.290290290290290187e-02 1.793004751773366046e-01
6.291291291291291332e-02 1.795325846282165017e-01
6.292292292292292477e-02 1.797763761604387611e-01
6.293293293293293622e-02 1.800317554445639567e-01
6.294294294294294767e-02 1.802986260605072832e-01
6.295295295295295912e-02 1.805768895763642246e-01
6.296296296296295669e-02 1.808664456271421583e-01
6.297297297297296814e-02 1.811671919978314060e-01
6.298298298298297959e-02 1.814790247005856894e-01
6.299299299299299104e-02 1.818018380565886161e-01
6.300300300300300249e-02 1.821355247778006503e-01
6.301301301301301394e-02 1.824799760476241151e-01
6.302302302302302539e-02 1.828350816018274594e-01
6.303303303303303684e-02 1.832007298092220293e-01
6.304304304304304829e-02 1.835768077519589481e-01
6.305305305305305974e-02 1.839632013053331128e-01
6.306306306306305731e-02 1.843597952169723775e-01
6.307307307307306876e-02 1.847664731853073672e-01
6.308308308308308021e-02 1.851831179372095681e-01
6.309309309309309166e-02 1.856096113047104312e-01
6.310310310310310311e-02 1.860458343006955728e-01
6.311311311311311456e-02 1.864916671934959691e-01
6.312312312312312601e-02 1.869469895802864379e-01
6.313313313313313746e-02 1.874116804592236285e-01
6.314314314314314891e-02 1.878856183002434732e-01
6.315315315315314648e-02 1.883673226836674319e-01
6.316316316316315793e-02 1.888406709799094751e-01
6.317317317317316938e-02 1.893229444617776924e-01
6.318318318318318083e-02 1.898140221022620033e-01
6.319319319319319228e-02 1.903137826073079686e-01
6.320320320320320373e-02 1.908221044777599906e-01
6.321321321321321518e-02 1.913388660697359911e-01
6.322322322322322663e-02 1.918639456533929311e-01
6.323323323323323808e-02 1.923972214701570038e-01
6.324324324324324953e-02 1.929385717878356332e-01
6.325325325325324710e-02 1.934878749549737154e-01
6.326326326326325855e-02 1.940450094526094404e-01
6.327327327327327000e-02 1.946098539447801146e-01
6.328328328328328145e-02 1.951822873272428260e-01
6.329329329329329290e-02 1.957621887744795397e-01
6.330330330330330435e-02 1.963494377850032446e-01
6.331331331331331580e-02 1.969439142249576058e-01
6.332332332332332725e-02 1.975454983700263567e-01
6.333333333333333870e-02 1.981540709456586224e-01
6.334334334334335015e-02 1.987695131656244674e-01
6.335335335335334772e-02 1.993917067689180422e-01
6.336336336336335917e-02 2.000205340550302302e-01
6.337337337337337062e-02 2.006558779175968421e-01
6.338338338338338207e-02 2.012976218764704617e-01
6.339339339339339352e-02 2.019456501082139421e-01
6.340340340340340497e-02 2.025998474750624889e-01
6.341341341341341642e-02 2.032600995523726473e-01
6.342342342342342787e-02 2.039262926545877264e-01
6.343343343343343932e-02 2.045983138597560202e-01
6.344344344344345077e-02 2.052760510326267496e-01
6.345345345345344834e-02 2.059593928463612500e-01
6.346346346346345979e-02 2.066482288028967940e-01
6.347347347347347124e-02 2.073424492519810591e-01
6.348348348348348269e-02 2.080419454089350029e-01
6.349349349349349414e-02 2.087466093711626558e-01
6.350350350350350559e-02 2.094563341334489681e-01
6.351351351351351704e-02 2.101710136020853437e-01
6.352352352352352849e-02 2.108905426078488132e-01
6.353353353353353994e-02 2.116148169178844740e-01
6.354354354354355139e-02 2.123437332465162863e-01
6.355355355355354896e-02 2.130771892650248078e-01
6.356356356356356041e-02 2.138150836104379393e-01
6.357357357357357186e-02 2.145573158933446190e-01
6.358358358358358331e-02 2.153037867048025189e-01
6.359359359359359476e-02 2.160543976223388285e-01
6.360360360360360621e-02 2.168090512151076010e-01
6.361361361361361766e-02 2.175676510464349400e-01
6.362362362362362911e-02 2.183301016844801101e-01
6.363363363363364056e-02 2.190963086943455984e-01
6.364364364364363813e-02 2.198661786472490276e-01
6.365365365365364958e-02 2.206396191201181189e-01
6.366366366366366103e-02 2.214165386962894111e-01
6.367367367367367248e-02 2.221968469655885570e-01
6.368368368368368393e-02 2.229804545238002200e-01
6.369369369369369538e-02 2.237672729715681208e-01
6.370370370370370683e-02 2.245572149127476880e-01
6.371371371371371828e-02 2.253501939522436215e-01
6.372372372372372973e-02 2.261461246933526847e-01
6.373373373373374118e-02 2.269449227346433395e-01
6.374374374374373875e-02 2.277465046663914583e-01
6.375375375375375020e-02 2.285507880666080294e-01
6.376376376376376165e-02 2.293576914966583280e-01
6.377377377377377310e-02 2.301671344965286192e-01
6.378378378378378455e-02 2.309790375797311224e-01
6.379379379379379600e-02 2.317933222278908689e-01
6.380380380380380745e-02 2.326099108850189501e-01
6.381381381381381890e-02 2.334287269515079033e-01
6.382382382382383035e-02 2.342496947778468785e-01
6.383383383383384180e-02 2.350727396581041850e-01
6.384384384384383937e-02 2.358977878231609815e-01
6.385385385385385082e-02 2.367247664337477908e-01
6.386386386386386227e-02 2.375536035732662699e-01
6.387387387387387372e-02 2.383842282404380619e-01
6.388388388388388517e-02 2.392165703417889200e-01
6.389389389389389662e-02 2.400505606839701267e-01
6.390390390390390807e-02 2.408861309659497685e-01
6.391391391391391952e-02 2.417232137710723372e-01
6.392392392392393097e-02 2.425617425590075871e-01
6.393393393393392854e-02 2.434016516575970568e-01
6.394394394394393999e-02 2.442428762546150767e-01
6.395395395395395144e-02 2.450853523894406805e-01
6.396396396396396289e-02 2.459290169446737284e-01
6.397397397397397434e-02 2.467738076376840006e-01
6.398398398398398579e-02 2.476196630121153819e-01
6.399399399399399724e-02 2.484665224293506058e-01
6.400400400400400869e-02 2.493143260599398892e-01
6.401401401401402014e-02 2.501630148750160765e-01
6.402402402402403159e-02 2.510125306376834176e-01
6.403403403403402916e-02 2.518628158944048456e-01
6.404404404404404061e-02 2.527138139663903105e-01
6.405405405405405206e-02 2.535654689409810869e-01
6.406406406406406351e-02 2.544177256630556494e-01
6.407407407407407496e-02 2.552705297264483697e-01
6.408408408408408641e-02 2.561238274653895308e-01
6.409409409409409786e-02 2.569775659459805350e-01
6.410410410410410931e-02 2.578316929576887628e-01
6.411411411411412076e-02 2.586861570048948344e-01
6.412412412412413221e-02 2.595409072984724008e-01
6.413413413413412978e-02 2.603958937474132318e-01
6.414414414414414123e-02 2.612510669505114791e-01
6.415415415415415268e-02 2.621063781880836885e-01
6.416416416416416413e-02 2.629617794137620868e-01
6.417417417417417558e-02 2.638172232463352196e-01
6.418418418418418703e-02 2.646726629616579229e-01
6.419419419419419848e-02 2.655280524846189150e-01
6.420420420420420993e-02 2.663833463811832170e-01
6.421421421421422138e-02 2.672384998504908071e-01
6.422422422422421895e-02 2.680934687170435371e-01
6.423423423423423040e-02 2.689482094229506681e-01
6.424424424424424185e-02 2.698026790202487368e-01
6.425425425425425330e-02 2.706568351633115155e-01
6.426426426426426475e-02 2.715106361013190917e-01
6.427427427427427620e-02 2.723640406708175421e-01
6.428428428428428765e-02 2.732170082883513262e-01
6.429429429429429910e-02 2.740694989431818884e-01
6.430430430430431055e-02 2.749214731900800346e-01
6.431431431431432200e-02 2.757728921422084034e-01
6.432432432432431957e-02 2.766237174640759910e-01
6.433433433433433102e-02 2.774739113645912636e-01
6.434434434434434247e-02 2.783234365897939155e-01
6.435435435435435392e-02 2.791722564175987409e-01
6.436436436436436537e-02 2.800203346488029377e-01
6.437437437437437682e-02 2.808676356019829679e-01
6.438438438438438827e-02 2.817141241065791446e-01
6.439439439439439972e-02 2.825597654964354111e-01
6.440440440440441117e-02 2.834045256034335436e-01
6.441441441441442262e-02 2.842483707512011293e-01
6.442442442442442019e-02 2.850912677489074731e-01
6.443443443443443164e-02 2.859331838847745666e-01
6.444444444444444309e-02 2.867740869215187893e-01
6.445445445445445454e-02 2.876139450881696757e-01
6.446446446446446599e-02 2.884527270756773731e-01
6.447447447447447744e-02 2.892904020307474622e-01
6.448448448448448889e-02 2.901269395501324122e-01
6.449449449449450034e-02 2.909623096749944793e-01
6.450450450450451179e-02 2.917964828853534254e-01
6.451451451451450936e-02 2.926294300946136739e-01
6.452452452452452081e-02 2.934611226441717902e-01
6.453453453453453226e-02 2.942915322980908521e-01
6.454454454454454371e-02 2.951206312378650276e-01
6.455455455455455516e-02 2.959483920572542059e-01
6.456456456456456661e-02 2.967747877571945692e-01
6.457457457457457806e-02 2.975997917407823823e-01
6.458458458458458951e-02 2.984233778083346666e-01
6.459459459459460096e-02 2.992455201525233699e-01
6.460460460460461241e-02 3.000661933535744841e-01
6.461461461461460998e-02 3.008853723745517628e-01
6.462462462462462143e-02 3.017030325567006677e-01
6.463463463463463288e-02 3.025191496148617043e-01
6.464464464464464433e-02 3.033336996329599189e-01
6.465465465465465578e-02 3.041466590595572894e-01
6.466466466466466723e-02 3.049580047034741725e-01
6.467467467467467868e-02 3.057677137294754210e-01
6.468468468468469013e-02 3.065757636540250575e-01
6.469469469469470158e-02 3.073821323411017881e-01
6.470470470470471303e-02 3.081867979980785766e-01
6.471471471471471060e-02 3.089897391716703856e-01
6.472472472472472205e-02 3.097909347439384842e-01
6.473473473473473350e-02 3.105903639283561501e-01
6.474474474474474495e-02 3.113880062659334924e-01
6.475475475475475640e-02 3.121838416214082756e-01
6.476476476476476785e-02 3.129778501794876489e-01
6.477477477477477930e-02 3.137700124411516578e-01
6.478478478478479075e-02 3.145603092200116579e-01
6.479479479479480220e-02 3.153487216387253489e-01
6.480480480480479977e-02 3.161352311254649883e-01
6.481481481481481122e-02 3.169198194104432265e-01
6.482482482482482267e-02 3.177024685224922873e-01
6.483483483483483412e-02 3.184831607856863922e-01
6.484484484484484557e-02 3.192618788160311305e-01
6.485485485485485702e-02 3.200386055181893563e-01
6.486486486486486847e-02 3.208133240822674259e-01
6.487487487487487992e-02 3.215860179806450669e-01
6.488488488488489137e-02 3.223566709648530426e-01
6.489489489489490281e-02 3.231252670625035517e-01
6.490490490490490039e-02 3.238917905742610959e-01
6.491491491491491184e-02 3.246562260708676928e-01
6.492492492492492329e-02 3.254185583901985090e-01
6.493493493493493474e-02 3.261787726343826077e-01
6.494494494494494619e-02 3.269368541669490646e-01
6.495495495495495764e-02 3.276927886100264864e-01
6.496496496496496909e-02 3.284465618415807198e-01
6.497497497497498053e-02 3.291981599926948610e-01
6.498498498498499198e-02 3.299475694448931740e-01
6.499499499499500343e-02 3.306947768274977051e-01
6.500500500500500101e-02 3.314397690150318598e-01
6.501501501501501246e-02 3.321825331246639479e-01
6.502502502502502391e-02 3.329230565136733766e-01
6.503503503503503536e-02 3.336613267769781288e-01
6.504504504504504681e-02 3.343973317446783389e-01
6.505505505505505826e-02 3.351310594796464426e-01
6.506506506506506970e-02 3.358624982751532428e-01
6.507507507507508115e-02 3.365916366525192882e-01
6.508508508508509260e-02 3.373184633588156567e-01
6.509509509509509018e-02 3.380429673645814481e-01
6.510510510510510163e-02 3.387651378615920694e-01
6.511511511511511308e-02 3.394849642606394546e-01
6.512512512512512453e-02 3.402024361893650761e-01
6.513513513513513598e-02 3.409175434901069446e-01
6.514514514514514743e-02 3.416302762177914620e-01
6.515515515515515887e-02 3.423406246378411510e-01
6.516516516516517032e-02 3.430485792241277365e-01
6.517517517517518177e-02 3.437541306569376065e-01
6.518518518518519322e-02 3.444572698209785178e-01
6.519519519519519080e-02 3.451579878034110593e-01
6.520520520520520225e-02 3.458562758919039859e-01
6.521521521521521370e-02 3.465521255727203043e-01
6.522522522522522515e-02 3.472455285288243432e-01
6.523523523523523659e-02 3.479364766380266261e-01
6.524524524524524804e-02 3.486249619711381809e-01
6.525525525525525949e-02 3.493109767901654283e-01
6.526526526526527094e-02 3.499945135465177826e-01
6.527527527527528239e-02 3.506755648792448943e-01
6.528528528528529384e-02 3.513541236132977086e-01
6.529529529529529142e-02 3.520301827578103393e-01
6.530530530530530287e-02 3.527037355044096989e-01
6.531531531531531432e-02 3.533747752255371744e-01
6.532532532532532576e-02 3.540432954728055526e-01
6.533533533533533721e-02 3.547092899753672701e-01
6.534534534534534866e-02 3.553727526383071988e-01
6.535535535535536011e-02 3.560336775410597454e-01
6.536536536536537156e-02 3.566920589358392735e-01
6.537537537537538301e-02 3.573478912460956725e-01
6.538538538538538059e-02 3.580011690649871348e-01
6.539539539539539204e-02 3.586518871538759146e-01
6.540540540540540349e-02 3.593000404408362991e-01
6.541541541541541493e-02 3.599456240191859502e-01
6.542542542542542638e-02 3.605886331460356198e-01
6.543543543543543783e-02 3.612290632408545754e-01
6.544544544544544928e-02 3.618669098840536780e-01
6.545545545545546073e-02 3.625021688155858901e-01
6.546546546546547218e-02 3.631348359335674902e-01
6.547547547547548363e-02 3.637649072929062810e-01
6.548548548548549508e-02 3.643923791039576643e-01
6.549549549549549265e-02 3.650172477311846020e-01
6.550550550550550410e-02 3.656395096918490517e-01
6.551551551551551555e-02 3.662591616546997386e-01
6.552552552552552700e-02 3.668762004386866282e-01
6.553553553553553845e-02 3.674906230116926076e-01
6.554554554554554990e-02 3.681024264892672759e-01
6.555555555555556135e-02 3.687116081333894901e-01
6.556556556556557280e-02 3.693181653512322971e-01
6.557557557557558425e-02 3.699220956939472948e-01
6.558558558558558182e-02 3.705233968554605961e-01
6.559559559559559327e-02 3.711220666712856109e-01
6.560560560560560472e-02 3.717181031173388273e-01
6.561561561561561617e-02 3.723115043087815157e-01
6.562562562562562762e-02 3.729022684988625991e-01
6.563563563563563907e-02 3.734903940777812847e-01
6.564564564564565052e-02 3.740758795715579677e-01
6.565565565565566197e-02 3.746587236409153476e-01
6.566566566566567342e-02 3.752389250801764775e-01
6.567567567567567099e-02 3.758164828161680848e-01
6.568568568568568244e-02 3.763913959071406024e-01
6.569569569569569389e-02 3.769636635416928061e-01
6.570570570570570534e-02 3.775332850377128291e-01
6.571571571571571679e-02 3.781002598413246707e-01
6.572572572572572824e-02 3.786645875258535798e-01
6.573573573573573969e-02 3.792262677907853874e-01
6.574574574574575114e-02 3.797853004607574801e-01
6.575575575575576259e-02 3.803416854845356188e-01
6.576576576576577404e-02 3.808954229340252851e-01
6.577577577577578549e-02 3.814465130032670959e-01
6.578578578578578306e-02 3.819949560074614170e-01
6.579579579579579451e-02 3.825407523820353872e-01
6.580580580580580596e-02 3.830839026815093806e-01
6.581581581581581741e-02 3.836244075787904606e-01
6.582582582582582886e-02 3.841622678640546629e-01
6.583583583583584031e-02 3.846974844438559304e-01
6.584584584584585176e-02 3.852300583401884748e-01
6.585585585585586321e-02 3.857599906895669006e-01
6.586586586586587466e-02 3.862872827421052202e-01
6.587587587587587223e-02 3.868119358606181279e-01
6.588588588588588368e-02 3.873339515197114502e-01
6.589589589589589513e-02 3.878533313048944664e-01
6.590590590590590658e-02 3.883700769116909535e-01
6.591591591591591803e-02 3.888841901447643856e-01
6.592592592592592948e-02 3.893956729170829356e-01
6.593593593593594093e-02 3.899045272489001235e-01
6.594594594594595238e-02 3.904107552671326475e-01
6.595595595595596383e-02 3.909143592043476390e-01
6.596596596596596140e-02 3.914153413979641338e-01
6.597597597597597285e-02 3.919137042894131340e-01
6.598598598598598430e-02 3.924094504233025527e-01
6.599599599599599575e-02 3.929025824465963157e-01
6.600600600600600720e-02 3.933931031077922968e-01
6.601601601601601865e-02 3.938810152561090794e-01
6.602602602602603010e-02 3.943663218406796567e-01
6.603603603603604155e-02 3.948490259097489630e-01
6.604604604604605300e-02 3.953291306098765112e-01
6.605605605605606445e-02 3.958066391851499666e-01
6.606606606606607590e-02 3.962815549763940015e-01
6.607607607607607347e-02 3.967538814203960262e-01
6.608608608608608492e-02 3.972236220491308090e-01
6.609609609609609637e-02 3.976907804889863729e-01
6.610610610610610782e-02 3.981553604600075458e-01
6.611611611611611927e-02 3.986173657751322374e-01
6.612612612612613072e-02 3.990768003394345453e-01
6.613613613613614217e-02 3.995336681493844577e-01
6.614614614614615362e-02 3.999879732920927355e-01
6.615615615615616507e-02 4.004397199445796085e-01
6.616616616616616264e-02 4.008889123730330351e-01
6.617617617617617409e-02 4.013355549320824500e-01
6.618618618618618554e-02 4.017796520640694591e-01
6.619619619619619699e-02 4.022212082983276926e-01
6.620620620620620844e-02 4.026602282504624930e-01
6.621621621621621989e-02 4.030967166216410935e-01
6.622622622622623134e-02 4.035306781978805213e-01
6.623623623623624279e-02 4.039621178493421616e-01
6.624624624624625424e-02 4.043910405296329835e-01
6.625625625625626569e-02 4.048174512751032683e-01
6.626626626626626326e-02 4.052413552041603251e-01
6.627627627627627471e-02 4.056627575165726030e-01
6.628628628628628616e-02 4.060816634927857383e-01
6.629629629629629761e-02 4.064980784932414326e-01
6.630630630630630906e-02 4.069120079576973303e-01
6.631631631631632051e-02 4.073234574045529466e-01
6.632632632632633196e-02 4.077324324301774272e-01
6.633633633633634341e-02 4.081389387082418607e-01
6.634634634634635486e-02 4.085429819890558645e-01
6.635635635635636631e-02 4.089445680989032272e-01
6.636636636636636388e-02 4.093437029393861559e-01
6.637637637637637533e-02 4.097403924867725755e-01
6.638638638638638678e-02 4.101346427913398762e-01
6.639639639639639823e-02 4.105264599767296518e-01
6.640640640640640968e-02 4.109158502393008838e-01
6.641641641641642113e-02 4.113028198474885100e-01
6.642642642642643258e-02 4.116873751411667670e-01
6.643643643643644403e-02 4.120695225310059828e-01
6.644644644644645548e-02 4.124492684978477430e-01
6.645645645645645305e-02 4.128266195920684556e-01
6.646646646646646450e-02 4.132015824329537401e-01
6.647647647647647595e-02 4.135741637080753152e-01
6.648648648648648740e-02 4.139443701726642777e-01
6.649649649649649885e-02 4.143122086489977041e-01
6.650650650650651030e-02 4.146776860257773145e-01
6.651651651651652175e-02 4.150408092575181285e-01
6.652652652652653320e-02 4.154015853639371758e-01
6.653653653653654465e-02 4.157600214293408758e-01
6.654654654654655610e-02 4.161161246020247950e-01
6.655655655655655367e-02 4.164699020936646900e-01
6.656656656656656512e-02 4.168213611787193740e-01
6.657657657657657657e-02 4.171705091938287535e-01
6.658658658658658802e-02 4.175173535372179168e-01
6.659659659659659947e-02 4.178619016681047738e-01
6.660660660660661092e-02 4.182041611061054764e-01
6.661661661661662237e-02 4.185441394306489982e-01
6.662662662662663382e-02 4.188818442803861619e-01
6.663663663663664527e-02 4.192172833526074949e-01
6.664664664664665672e-02 4.195504644026567531e-01
6.665665665665665429e-02 4.198813952433559926e-01
6.666666666666666574e-02 4.202100837444249781e-01
6.667667667667667719e-02 4.205365378319005365e-01
6.668668668668668864e-02 4.208607654875710091e-01
6.669669669669670009e-02 4.211827747483966600e-01
6.670670670670671154e-02 4.215025737059450162e-01
6.671671671671672299e-02 4.218201705058214346e-01
6.672672672672673444e-02 4.221355733471010563e-01
6.673673673673674589e-02 4.224487904817691986e-01
6.674674674674674346e-02 4.227598302141552522e-01
6.675675675675675491e-02 4.230687009003790688e-01
6.676676676676676636e-02 4.233754109477852468e-01
6.677677677677677781e-02 4.236799688143927933e-01
6.678678678678678926e-02 4.239823830083399026e-01
6.679679679679680071e-02 4.242826620873312304e-01
6.680680680680681216e-02 4.245808146580842823e-01
6.681681681681682361e-02 4.248768493757913989e-01
6.682682682682683506e-02 4.251707749435598704e-01
6.683683683683684651e-02 4.254626001118759770e-01
6.684684684684684408e-02 4.257523336780589251e-01
6.685685685685685553e-02 4.260399844857206686e-01
6.686686686686686698e-02 4.263255614242255631e-01
6.687687687687687843e-02 4.266090734281511310e-01
6.688688688688688988e-02 4.268905294767558201e-01
6.689689689689690133e-02 4.271699385934422111e-01
6.690690690690691278e-02 4.274473098452234998e-01
6.691691691691692423e-02 4.277226523421941429e-01
6.692692692692693568e-02 4.279959752370025572e-01
6.693693693693694713e-02 4.282672877243174359e-01
6.694694694694694470e-02 4.285365990403081637e-01
6.695695695695695615e-02 4.288039184621158517e-01
6.696696696696696760e-02 4.290692553073340298e-01
6.697697697697697905e-02 4.293326189334841225e-01
6.698698698698699050e-02 4.295940187375000829e-01
6.699699699699700195e-02 4.298534641552053670e-01
6.700700700700701340e-02 4.301109646608003989e-01
6.701701701701702485e-02 4.303665297663461509e-01
6.702702702702703630e-02 4.306201690212504984e-01
6.703703703703703387e-02 4.308718920117571849e-01
6.704704704704704532e-02 4.311217083604367839e-01
6.705705705705705677e-02 4.313696277256737766e-01
6.706706706706706822e-02 4.316156598011630097e-01
6.707707707707707967e-02 4.318598143154035451e-01
6.708708708708709112e-02 4.321021010311918986e-01
6.709709709709710257e-02 4.323425297451230498e-01
6.710710710710711402e-02 4.325811102870843472e-01
6.711711711711712547e-02 4.328178525197602933e-01
6.712712712712713692e-02 4.330527663381317782e-01
6.713713713713713449e-02 4.332858616689769238e-01
6.714714714714714594e-02 4.335171484703807532e-01
6.715715715715715739e-02 4.337466367312369231e-01
6.716716716716716884e-02 4.339743364707551732e-01
6.717717717717718029e-02 4.342002577379717732e-01
6.718718718718719174e-02 4.344244106112597481e-01
6.719719719719720319e-02 4.346468051978366609e-01
6.720720720720721464e-02 4.348674516332838302e-01
6.721721721721722609e-02 4.350863600810526699e-01
6.722722722722723754e-02 4.353035407319874595e-01
6.723723723723723511e-02 4.355190038038393996e-01
6.724724724724724656e-02 4.357327595407828325e-01
6.725725725725725801e-02 4.359448182129391780e-01
6.726726726726726946e-02 4.361551901158959854e-01
6.727727727727728091e-02 4.363638855702267616e-01
6.728728728728729236e-02 4.365709149210192930e-01
6.729729729729730381e-02 4.367762885373988602e-01
6.730730730730731526e-02 4.369800168120541728e-01
6.731731731731732671e-02 4.371821101607655247e-01
6.732732732732732428e-02 4.373825790219330045e-01
6.733733733733733573e-02 4.375814338561092032e-01
6.734734734734734718e-02 4.377786851455292561e-01
6.735735735735735863e-02 4.379743433936441610e-01
6.736736736736737008e-02 4.381684191246549842e-01
6.737737737737738153e-02 4.383609228830502857e-01
6.738738738738739298e-02 4.385518652331396039e-01
6.739739739739740443e-02 4.387412567585960432e-01
6.740740740740741588e-02 4.389291080619909802e-01
6.741741741741742733e-02 4.391154297643425908e-01
6.742742742742742490e-02 4.393002325046470036e-01
6.743743743743743635e-02 4.394835269394331556e-01
6.744744744744744780e-02 4.396653237423007732e-01
6.745745745745745925e-02 4.398456336034673453e-01
6.746746746746747070e-02 4.400244672293179837e-01
6.747747747747748215e-02 4.402018353419741015e-01
6.748748748748749360e-02 4.403777486787529560e-01
6.749749749749750505e-02 4.405522179918575087e-01
6.750750750750751650e-02 4.407252540478353575e-01
6.751751751751752795e-02 4.408968676271568521e-01
6.752752752752752552e-02 4.410670695237697836e-01
6.753753753753753697e-02 4.412358705446546847e-01
6.754754754754754842e-02 4.414032815093841822e-01
6.755755755755755987e-02 4.415693132496809059e-01
6.756756756756757132e-02 4.417339766089782849e-01
6.757757757757758277e-02 4.418972824419821754e-01
6.758758758758759422e-02 4.420592416142307690e-01
6.759759759759760567e-02 4.422198650016636590e-01
6.760760760760761712e-02 4.423791634901828029e-01
6.761761761761761469e-02 4.425371479752216453e-01
6.762762762762762614e-02 4.426938293613121855e-01
6.763763763763763759e-02 4.428492185616531018e-01
6.764764764764764904e-02 4.430033264976818153e-01
6.765765765765766049e-02 4.431561640986460548e-01
6.766766766766767194e-02 4.433077423011740903e-01
6.767767767767768339e-02 4.434580720488535133e-01
6.768768768768769484e-02 4.436071642918030800e-01
6.769769769769770629e-02 4.437550299862511594e-01
6.770770770770771774e-02 4.439016800941344432e-01
6.771771771771772919e-02 4.440471255823374430e-01
6.772772772772772676e-02 4.441913774234235168e-01
6.773773773773773821e-02 4.443344465935950560e-01
6.774774774774774966e-02 4.444763440733240367e-01
6.775775775775776111e-02 4.446170808466783919e-01
6.776776776776777256e-02 4.447566679009117840e-01
6.777777777777778401e-02 4.448951162260429970e-01
6.778778778778779546e-02 4.450324368144552567e-01
6.779779779779780691e-02 4.451686406604741797e-01
6.780780780780781836e-02 4.453037387599690367e-01
6.781781781781781593e-02 4.454377421099373624e-01
6.782782782782782738e-02 4.455706617081032772e-01
6.783783783783783883e-02 4.457025085525109787e-01
6.784784784784785028e-02 4.458332936411191771e-01
6.785785785785786173e-02 4.459630279714021373e-01
6.786786786786787318e-02 4.460917225399452235e-01
6.787787787787788463e-02 4.462193883420473295e-01
6.788788788788789608e-02 4.463460363713205314e-01
6.789789789789790753e-02 4.464716776192951819e-01
6.790790790790790510e-02 4.465963230750198965e-01
6.791791791791791655e-02 4.467199837246739191e-01
6.792792792792792800e-02 4.468426705511666652e-01
6.793793793793793945e-02 4.469643945337499757e-01
6.794794794794795090e-02 4.470851666476259867e-01
6.795795795795796235e-02 4.472049978635588841e-01
6.796796796796797380e-02 4.473238991475054216e-01
6.797797797797798525e-02 4.474418814601542338e-01
6.798798798798799670e-02 4.475589557566512777e-01
6.799799799799800815e-02 4.476751329861421991e-01
6.800800800800801960e-02 4.477904240914082901e-01
6.801801801801801717e-02 4.479048400084871262e-01
6.802802802802802862e-02 4.480183916662902055e-01
6.803803803803804007e-02 4.481310899862272490e-01
6.804804804804805152e-02 4.482429458818262269e-01
6.805805805805806297e-02 4.483539702583611564e-01
6.806806806806807442e-02 4.484641740124759579e-01
6.807807807807808587e-02 4.485735680318110319e-01
6.808808808808809732e-02 4.486821631946351085e-01
6.809809809809810877e-02 4.487899703694714360e-01
6.810810810810810634e-02 4.488970004147303516e-01
6.811811811811811779e-02 4.490032641783450185e-01
6.812812812812812924e-02 4.491087724974028861e-01
6.813813813813814069e-02 4.492135361977808716e-01
6.814814814814815214e-02 4.493175660937850924e-01
6.815815815815816359e-02 4.494208729877858799e-01
6.816816816816817504e-02 4.495234676698622867e-01
6.817817817817818649e-02 4.496253609174395427e-01
6.818818818818819794e-02 4.497265634949343949e-01
6.819819819819819551e-02 4.498270861533987253e-01
6.820820820820820696e-02 4.499269396301663893e-01
6.821821821821821841e-02 4.500261346484967229e-01
6.822822822822822986e-02 4.501246819172281532e-01
6.823823823823824131e-02 4.502225921304275347e-01
6.824824824824825276e-02 4.503198759670380968e-01
6.825825825825826421e-02 4.504165440905378848e-01
6.826826826826827566e-02 4.505126071485908712e-01
6.827827827827828711e-02 4.506080757727050634e-01
6.828828828828829856e-02 4.507029605778890557e-01
6.829829829829831001e-02 4.507972721623126899e-01
6.830830830830830758e-02 4.508910211069664387e-01
6.831831831831831903e-02 4.509842179753262292e-01
6.832832832832833048e-02 4.510768733130128272e-01
6.833833833833834193e-02 4.511689976474632102e-01
6.834834834834835338e-02 4.512606014875910621e-01
6.835835835835836483e-02 4.513516953234624207e-01
6.836836836836837628e-02 4.514422896259600582e-01
6.837837837837838773e-02 4.515323948464569637e-01
6.838838838838839917e-02 4.516220214164921587e-01
6.839839839839839675e-02 4.517111797474403501e-01
6.840840840840840820e-02 4.517998802301951833e-01
6.841841841841841965e-02 4.518881332348396729e-01
6.842842842842843110e-02 4.519759491103332860e-01
6.843843843843844255e-02 4.520633381841877019e-01
6.844844844844845400e-02 4.521503107621543394e-01
6.845845845845846545e-02 4.522368771279030586e-01
6.846846846846847690e-02 4.523230475427158503e-01
6.847847847847848834e-02 4.524088322451674249e-01
6.848848848848848592e-02 4.524942414508202337e-01
6.849849849849849737e-02 4.525792853519133851e-01
6.850850850850850882e-02 4.526639741170549458e-01
6.851851851851852027e-02 4.527483178909190720e-01
6.852852852852853172e-02 4.528323267939369789e-01
6.853853853853854317e-02 4.529160109220025654e-01
6.854854854854855462e-02 4.529993803461659918e-01
6.855855855855856607e-02 4.530824451123363072e-01
6.856856856856857751e-02 4.531652152409873513e-01
6.857857857857858896e-02 4.532477007268588820e-01
6.858858858858860041e-02 4.533299115386658085e-01
6.859859859859859799e-02 4.534118576188045369e-01
6.860860860860860944e-02 4.534935488830650341e-01
6.861861861861862089e-02 4.535749952203421143e-01
6.862862862862863234e-02 4.536562064923473359e-01
6.863863863863864379e-02 4.537371925333265610e-01
6.864864864864865523e-02 4.538179631497761823e-01
6.865865865865866668e-02 4.538985281201620703e-01
6.866866866866867813e-02 4.539788971946423501e-01
6.867867867867868958e-02 4.540590800947850170e-01
6.868868868868868716e-02 4.541390865132982069e-01
6.869869869869869861e-02 4.542189261137533074e-01
6.870870870870871006e-02 4.542986085303141741e-01
6.871871871871872151e-02 4.543781433674647929e-01
6.872872872872873296e-02 4.544575401997458242e-01
6.873873873873874440e-02 4.545368085714822648e-01
6.874874874874875585e-02 4.546159579965252107e-01
6.875875875875876730e-02 4.546949979579840706e-01
6.876876876876877875e-02 4.547739379079697719e-01
6.877877877877877633e-02 4.548527872673332473e-01
6.878878878878878778e-02 4.549315554254111937e-01
6.879879879879879923e-02 4.550102517397677793e-01
6.880880880880881068e-02 4.550888855359456753e-01
6.881881881881882213e-02 4.551674661072115935e-01
6.882882882882883357e-02 4.552460027143099275e-01
6.883883883883884502e-02 4.553245045852140627e-01
6.884884884884885647e-02 4.554029809148797403e-01
6.885885885885886792e-02 4.554814408650060820e-01
6.886886886886887937e-02 4.555598935637905078e-01
6.887887887887889082e-02 4.556383481056914819e-01
6.888888888888888840e-02 4.557168135511903140e-01
6.889889889889889985e-02 4.557952989265569022e-01
6.890890890890891129e-02 4.558738132236152540e-01
6.891891891891892274e-02 4.559523653995138925e-01
6.892892892892893419e-02 4.560309643764949850e-01
6.893893893893894564e-02 4.561096190416705221e-01
6.894894894894895709e-02 4.561883382467911141e-01
6.895895895895896854e-02 4.562671308080297750e-01
6.896896896896897999e-02 4.563460055057572684e-01
6.897897897897897757e-02 4.564249710843241159e-01
6.898898898898898902e-02 4.565040362518441586e-01
6.899899899899900046e-02 4.565832096799780082e-01
6.900900900900901191e-02 4.566625000037244364e-01
6.901901901901902336e-02 4.567419158212056574e-01
6.902902902902903481e-02 4.568214656934618811e-01
6.903903903903904626e-02 4.569011581442442016e-01
6.904904904904905771e-02 4.569810016598094271e-01
6.905905905905906916e-02 4.570610046887189637e-01
6.906906906906906674e-02 4.571411756416426941e-01
6.907907907907909206e-02 4.572215228911536977e-01
6.908908908908908963e-02 4.573020547715397344e-01
6.909909909909910108e-02 4.573827795786057915e-01
6.910910910910911253e-02 4.574637055694850130e-01
6.911911911911912398e-02 4.575448409624502388e-01
6.912912912912913543e-02 4.576261939367248788e-01
6.913913913913914688e-02 4.577077726323000584e-01
6.914914914914915833e-02 4.577895851497554291e-01
6.915915915915916978e-02 4.578716395500717629e-01
6.916916916916918123e-02 4.579539438544588115e-01
6.917917917917917880e-02 4.580365060441781710e-01
6.918918918918919025e-02 4.581193340603695874e-01
6.919919919919920170e-02 4.582024358038813694e-01
6.920920920920921315e-02 4.582858191350981936e-01
6.921921921921922460e-02 4.583694918737790114e-01
6.922922922922923605e-02 4.584534617988847427e-01
6.923923923923924750e-02 4.585377366484341133e-01
6.924924924924925895e-02 4.586223241193202460e-01
6.925925925925927040e-02 4.587072318671682192e-01
6.926926926926926797e-02 4.587924675061771373e-01
6.927927927927927942e-02 4.588780386089639229e-01
6.928928928928929087e-02 4.589639527064185431e-01
6.929929929929930232e-02 4.590502172875498554e-01
6.930930930930931377e-02 4.591368397993441652e-01
6.931931931931932522e-02 4.592238276466169555e-01
6.932932932932933667e-02 4.593111881918782724e-01
6.933933933933934812e-02 4.593989287551860090e-01
6.934934934934935957e-02 4.594870566140165646e-01
6.935935935935935714e-02 4.595755790031236798e-01
6.936936936936938247e-02 4.596645031144137028e-01
6.937937937937938004e-02 4.597538360968094207e-01
6.938938938938939149e-02 4.598435850561275462e-01
6.939939939939940294e-02 4.599337570549518195e-01
6.940940940940941439e-02 4.600243591125111053e-01
6.941941941941942584e-02 4.601153982045585455e-01
6.942942942942943729e-02 4.602068812632551520e-01
6.943943943943944874e-02 4.602988151770545100e-01
6.944944944944946019e-02 4.603912067905872596e-01
6.945945945945947164e-02 4.604840629045551248e-01
6.946946946946946921e-02 4.605773902756175042e-01
6.947947947947948066e-02 4.606711956162901633e-01
6.948948948948949211e-02 4.607654855948403738e-01
6.949949949949950356e-02 4.608602668351745035e-01
6.950950950950951501e-02 4.609555459167830604e-01
6.951951951951952646e-02 4.610513293745799879e-01
6.952952952952953791e-02 4.611476236988524824e-01
6.953953953953954936e-02 4.612444353351583537e-01
6.954954954954956081e-02 4.613417706842377064e-01
6.955955955955955838e-02 4.614396361019263981e-01
6.956956956956956983e-02 4.615380378990715515e-01
6.957957957957958128e-02 4.616369823414501750e-01
6.958958958958959273e-02 4.617364756496911138e-01
6.959959959959960418e-02 4.618365239991959470e-01
6.960960960960961563e-02 4.619371335200672668e-01
6.961961961961962708e-02 4.620383102970357925e-01
6.962962962962963853e-02 4.621400603693896492e-01
6.963963963963964998e-02 4.622423897309101415e-01
6.964964964964966143e-02 4.623453043298051957e-01
6.965965965965967288e-02 4.624488100686465764e-01
6.966966966966967045e-02 4.625529128043124327e-01
6.967967967967968190e-02 4.626576183479289561e-01
6.968968968968969335e-02 4.627629324648157016e-01
6.969969969969970480e-02 4.628688608744319088e-01
6.970970970970971625e-02 4.629754092503285956e-01
6.971971971971972770e-02 4.630825832201007075e-01
6.972972972972973915e-02 4.631903883653394338e-01
6.973973973973975060e-02 4.632988302215941823e-01
6.974974974974976205e-02 4.634079142783273375e-01
6.975975975975975962e-02 4.635176459788806214e-01
6.976976976976977107e-02 4.636280307204371232e-01
6.977977977977978252e-02 4.637390738539900470e-01
6.978978978978979397e-02 4.638507806843101822e-01
6.979979979979980542e-02 4.639631564699199795e-01
6.980980980980981687e-02 4.640762064230656847e-01
6.981981981981982832e-02 4.641899357096968548e-01
6.982982982982983977e-02 4.643043494494428769e-01
6.983983983983985122e-02 4.644194527155941499e-01
6.984984984984984879e-02 4.645352505350904271e-01
6.985985985985986024e-02 4.646517478885024977e-01
6.986986986986987169e-02 4.647689497100218059e-01
6.987987987987988314e-02 4.648868608874532349e-01
6.988988988988989459e-02 4.650054862622082230e-01
6.989989989989990604e-02 4.651248306292992130e-01
6.990990990990991749e-02 4.652448987373397071e-01
6.991991991991992894e-02 4.653656952885432685e-01
6.992992992992994039e-02 4.654872249387287941e-01
6.993993993993995184e-02 4.656094922973233463e-01
6.994994994994996329e-02 4.657325019273717004e-01
6.995995995995996086e-02 4.658562583455457262e-01
6.996996996996997231e-02 4.659807660221580439e-01
6.997997997997998376e-02 4.661060293811742361e-01
6.998998998998999521e-02 4.662320528002329434e-01
7.000000000000000666e-02 4.663588406106627393e-01
