5.000000000000000278e-02 9.721136756503100385e-01
5.001401401401401464e-02 9.715174871491635278e-01
5.002802802802803345e-02 9.709184233529155605e-01
5.004204204204204531e-02 9.703164844924008214e-01
5.005605605605605718e-02 9.697116708283604058e-01
5.007007007007007598e-02 9.691039826514581401e-01
5.008408408408408785e-02 9.684934202823028970e-01
5.009809809809809972e-02 9.678799840714628067e-01
5.011211211211211158e-02 9.672636743994823538e-01
5.012612612612613039e-02 9.666444916768984763e-01
5.014014014014014226e-02 9.660224363442574402e-01
5.015415415415415412e-02 9.653975088721266085e-01
5.016816816816817293e-02 9.647697097611094286e-01
5.018218218218218479e-02 9.641390395418611980e-01
5.019619619619619666e-02 9.635054987747635469e-01
5.021021021021021546e-02 9.628690880512696948e-01
5.022422422422422733e-02 9.622298079919222591e-01
5.023823823823823920e-02 9.615876592476888529e-01
5.025225225225225800e-02 9.609426424996426741e-01
5.026626626626626987e-02 9.602947584589716090e-01
5.028028028028028174e-02 9.596440078666674811e-01
5.029429429429429360e-02 9.589903914947969232e-01
5.030830830830831241e-02 9.583339101446192165e-01
5.032232232232232427e-02 9.576745646478491691e-01
5.033633633633633614e-02 9.570123558663498065e-01
5.035035035035035494e-02 9.563472846918331660e-01
5.036436436436436681e-02 9.556793520470722170e-01
5.037837837837837868e-02 9.550085588840956374e-01
5.039239239239239748e-02 9.543349061853938498e-01
5.040640640640640935e-02 9.536583949636209256e-01
5.042042042042042121e-02 9.529790262615958074e-01
5.043443443443444002e-02 9.522968011523014198e-01
5.044844844844845189e-02 9.516117207388856691e-01
5.046246246246246375e-02 9.509237861546592230e-01
5.047647647647648256e-02 9.502329985630942888e-01
5.049049049049049442e-02 9.495393591578226156e-01
5.050450450450450629e-02 9.488428691626302758e-01
5.051851851851851816e-02 9.481435298314563331e-01
5.053253253253253696e-02 9.474413424483855151e-01
5.054654654654654883e-02 9.467363083276461033e-01
5.056056056056056069e-02 9.460284288135997199e-01
5.057457457457457950e-02 9.453177052807377745e-01
5.058858858858859137e-02 9.446041391336725823e-01
5.060260260260260323e-02 9.438877318071293709e-01
5.061661661661662204e-02 9.431684847659352888e-01
5.063063063063063390e-02 9.424463995050137433e-01
5.064464464464464577e-02 9.417214775493714107e-01
5.065865865865866458e-02 9.409937204540844702e-01
5.067267267267267644e-02 9.402631298040408092e-01
5.068668668668668831e-02 9.395272685124828049e-01
5.070070070070070017e-02 9.387884300607817201e-01
5.071471471471471898e-02 9.380467729143888711e-01
5.072872872872873085e-02 9.373022988006484146e-01
5.074274274274274271e-02 9.365550094767016720e-01
5.075675675675676152e-02 9.358049067292293355e-01
5.077077077077077338e-02 9.350519923753976004e-01
5.078478478478478525e-02 9.342962682613944470e-01
5.079879879879880406e-02 9.335377362633753284e-01
5.081281281281281592e-02 9.327763982872030457e-01
5.082682682682682779e-02 9.320122562684229894e-01
5.084084084084084659e-02 9.312453121722474858e-01
5.085485485485485846e-02 9.304755679935314827e-01
5.086886886886887033e-02 9.297030257567497902e-01
5.088288288288288219e-02 9.289276875159747648e-01
5.089689689689690100e-02 9.281495553548516630e-01
5.091091091091091286e-02 9.273686313865748820e-01
5.092492492492492473e-02 9.265849177538626469e-01
5.093893893893894353e-02 9.257984166289280337e-01
5.095295295295295540e-02 9.250091302134573201e-01
5.096696696696696727e-02 9.242170607385784553e-01
5.098098098098098607e-02 9.234222104648338592e-01
5.099499499499499794e-02 9.226245816821535550e-01
5.100900900900900981e-02 9.218241767098219741e-01
5.102302302302302861e-02 9.210209978964503108e-01
5.103703703703704048e-02 9.202150476199456586e-01
5.105105105105105234e-02 9.194063282874777032e-01
5.106506506506507115e-02 9.185948423354459713e-01
5.107907907907908301e-02 9.177802620552422130e-01
5.109309309309309488e-02 9.169574608856639886e-01
5.110710710710710675e-02 9.161319249297491529e-01
5.112112112112112555e-02 9.153036567849047733e-01
5.113513513513513742e-02 9.144726590771100616e-01
5.114914914914914928e-02 9.136389344606838936e-01
5.116316316316316809e-02 9.128024856190202208e-01
5.117717717717717996e-02 9.119633152633913609e-01
5.119119119119119182e-02 9.111214261336789688e-01
5.120520520520521063e-02 9.102768209981410008e-01
5.121921921921922249e-02 9.094295026533721904e-01
5.123323323323323436e-02 9.085794739242606388e-01
5.124724724724725317e-02 9.077267376639470697e-01
5.126126126126126503e-02 9.068712967537816416e-01
5.127527527527527690e-02 9.060131541032795388e-01
5.128928928928928876e-02 9.051523126500768957e-01
5.130330330330330757e-02 9.042887753598870537e-01
5.131731731731731944e-02 9.034225452264537104e-01
5.133133133133133130e-02 9.025536252715056218e-01
5.134534534534535011e-02 9.016820185447080860e-01
5.135935935935936197e-02 9.008077281236180900e-01
5.137337337337337384e-02 8.999307571136339057e-01
5.138738738738739265e-02 8.990511086479457958e-01
5.140140140140140451e-02 8.981687858874901620e-01
5.141541541541541638e-02 8.972785394496973765e-01
5.142942942942943518e-02 8.963854170514301556e-01
5.144344344344344705e-02 8.954896549793180949e-01
5.145745745745745892e-02 8.945912565412766915e-01
5.147147147147147078e-02 8.936902250722021934e-01
5.148548548548548959e-02 8.927865639339176429e-01
5.149949949949950145e-02 8.918802765151203626e-01
5.151351351351351332e-02 8.909713662313232252e-01
5.152752752752753213e-02 8.900598365248004740e-01
5.154154154154154399e-02 8.891456908645323232e-01
5.155555555555555586e-02 8.882289327461470041e-01
5.156956956956957466e-02 8.873095656918621454e-01
5.158358358358358653e-02 8.863875932504285959e-01
5.159759759759759840e-02 8.854630189970691401e-01
5.161161161161161720e-02 8.845358465334214326e-01
5.162562562562562907e-02 8.836060794874767144e-01
5.163963963963964093e-02 8.826737215135186387e-01
5.165365365365365280e-02 8.817387762920629868e-01
5.166766766766767160e-02 8.808012475297947175e-01
5.168168168168168347e-02 8.798611389595081267e-01
5.169569569569569534e-02 8.789184543400402339e-01
5.170970970970971414e-02 8.779731974562090535e-01
5.172372372372372601e-02 8.770253721187499796e-01
5.173773773773773788e-02 8.760749821642505042e-01
5.175175175175175668e-02 8.751220314550827162e-01
5.176576576576576855e-02 8.741665238793416837e-01
5.177977977977978041e-02 8.732084633507742888e-01
5.179379379379379922e-02 8.722478538087165001e-01
5.180780780780781108e-02 8.712846992180216521e-01
5.182182182182182295e-02 8.703190035689963855e-01
5.183583583583584176e-02 8.693507708773263731e-01
5.184984984984985362e-02 8.683800051840148138e-01
5.186386386386386549e-02 8.674067105553044943e-01
5.187787787787787736e-02 8.664308910826116206e-01
5.189189189189189616e-02 8.654525508824540969e-01
5.190590590590590803e-02 8.644716940963816931e-01
5.191991991991991989e-02 8.634883248909004383e-01
5.193393393393393870e-02 8.625024474574011224e-01
5.194794794794795056e-02 8.615140660119648963e-01
5.196196196196196243e-02 8.605203773429521696e-01
5.197597597597598124e-02 8.595233151112144920e-01
5.198998998998999310e-02 8.585237809223795757e-01
5.200400400400400497e-02 8.575217791089519981e-01
5.201801801801802377e-02 8.565173140279034314e-01
5.203203203203203564e-02 8.555103900589209331e-01
5.204604604604604751e-02 8.545010116068394446e-01
5.206006006006005937e-02 8.534891830998926343e-01
5.207407407407407818e-02 8.524749089900520715e-01
5.208808808808809004e-02 8.514581937529495104e-01
5.210210210210210191e-02 8.504390418877981750e-01
5.211611611611612072e-02 8.494174579173118245e-01
5.213013013013013258e-02 8.483934463876284804e-01
5.214414414414414445e-02 8.473670118682254948e-01
5.215815815815816325e-02 8.463381589518413906e-01
5.217217217217217512e-02 8.453068922543951480e-01
5.218618618618618699e-02 8.442732164149039376e-01
5.220020020020020579e-02 8.432371360953976325e-01
5.221421421421421766e-02 8.421986559808424255e-01
5.222822822822822952e-02 8.411577807790520112e-01
5.224224224224224833e-02 8.401145152206064282e-01
5.225625625625626020e-02 8.390688640587684599e-01
5.227027027027027206e-02 8.380203188073317433e-01
5.228428428428428393e-02 8.369663809931116027e-01
5.229829829829830273e-02 8.359100918894234455e-01
5.231231231231231460e-02 8.348514563519089382e-01
5.232632632632632647e-02 8.337904792580592694e-01
5.234034034034034527e-02 8.327271655071328826e-01
5.235435435435435714e-02 8.316615200200694336e-01
5.236836836836836900e-02 8.305935477393978639e-01
5.238238238238238781e-02 8.295232536291536896e-01
5.239639639639639968e-02 8.284506426747875185e-01
5.241041041041041154e-02 8.273757198830784532e-01
5.242442442442442341e-02 8.262984902820431632e-01
5.243843843843844221e-02 8.252189589207519216e-01
5.245245245245245408e-02 8.241371308696221476e-01
5.246646646646646595e-02 8.230530112197543824e-01
5.248048048048048475e-02 8.219666050832208359e-01
5.249449449449449662e-02 8.208779175928840877e-01
5.250850850850850848e-02 8.197869539023027174e-01
5.252252252252252729e-02 8.186937191856390461e-01
5.253653653653653915e-02 8.175964020769260765e-01
5.255055055055055102e-02 8.164967669349292301e-01
5.256456456456456983e-02 8.153948877835531794e-01
5.257857857857858169e-02 8.142907698826118423e-01
5.259259259259259356e-02 8.131844185118312085e-01
5.260660660660661236e-02 8.120758389707584124e-01
5.262062062062062423e-02 8.109650365786683635e-01
5.263463463463463610e-02 8.098520166744677118e-01
5.264864864864864796e-02 8.087367846166011454e-01
5.266266266266266677e-02 8.076193457829552447e-01
5.267667667667667863e-02 8.064997055707665563e-01
5.269069069069069050e-02 8.053778693965210067e-01
5.270470470470470931e-02 8.042538426958611986e-01
5.271871871871872117e-02 8.031276309234915978e-01
5.273273273273273304e-02 8.019992395530772811e-01
5.274674674674675184e-02 8.008686740771512325e-01
5.276076076076076371e-02 7.997359400070153113e-01
5.277477477477477558e-02 7.986010428726442179e-01
5.278878878878879438e-02 7.974639882225856846e-01
5.280280280280280625e-02 7.963245294706230437e-01
5.281681681681681811e-02 7.951818110731064815e-01
5.283083083083082998e-02 7.940369608155974923e-01
5.284484484484484879e-02 7.928899843210364118e-01
5.285885885885886065e-02 7.917408872302710288e-01
5.287287287287287252e-02 7.905896752019553331e-01
5.288688688688689132e-02 7.894363539124505946e-01
5.290090090090090319e-02 7.882809290557273307e-01
5.291491491491491506e-02 7.871234063432629435e-01
5.292892892892893386e-02 7.859637915039431322e-01
5.294294294294294573e-02 7.848020902839617507e-01
5.295695695695695759e-02 7.836383084467194449e-01
5.297097097097097640e-02 7.824724517727212891e-01
5.298498498498498827e-02 7.813045260594805308e-01
5.299899899899900013e-02 7.801345371214114532e-01
5.301301301301301894e-02 7.789624907897315653e-01
5.302702702702703080e-02 7.777883929123583506e-01
5.304104104104104267e-02 7.766122493538086813e-01
5.305505505505505454e-02 7.754340659950947900e-01
5.306906906906907334e-02 7.742538487336222408e-01
5.308308308308308521e-02 7.730716034830905636e-01
5.309709709709709707e-02 7.718873361733850080e-01
5.311111111111111588e-02 7.707010527504777331e-01
5.312512512512512775e-02 7.695127591763234465e-01
5.313913913913913961e-02 7.683224614287559318e-01
5.315315315315315842e-02 7.671283476894844577e-01
5.316716716716717028e-02 7.659309443506681081e-01
5.318118118118118215e-02 7.647315774114122888e-01
5.319519519519519402e-02 7.635302529073112465e-01
5.320920920920921282e-02 7.623269768888857323e-01
5.322322322322322469e-02 7.611217554214829706e-01
5.323723723723723655e-02 7.599145945851659700e-01
5.325125125125125536e-02 7.587055004746176001e-01
5.326526526526526722e-02 7.574944791990303461e-01
5.327927927927927909e-02 7.562815368820068329e-01
5.329329329329329790e-02 7.550666796614534659e-01
5.330730730730730976e-02 7.538499136894777353e-01
5.332132132132132163e-02 7.526312451322816344e-01
5.333533533533534043e-02 7.514106801700580762e-01
5.334934934934935230e-02 7.501882249968907512e-01
5.336336336336336417e-02 7.489638858206421057e-01
5.337737737737738297e-02 7.477376688628523116e-01
5.339139139139139484e-02 7.465095803586369039e-01
5.340540540540540670e-02 7.452796265565785339e-01
5.341941941941942551e-02 7.440478137186204988e-01
5.343343343343343738e-02 7.428128139565617349e-01
5.344744744744744924e-02 7.415741588936711759e-01
5.346146146146146111e-02 7.403336885494021802e-01
5.347547547547547991e-02 7.390914092262166335e-01
5.348948948948949178e-02 7.378473272389535209e-01
5.350350350350350365e-02 7.366014489147135746e-01
5.351751751751752245e-02 7.353537805927621296e-01
5.353153153153153432e-02 7.341043286244234300e-01
5.354554554554554618e-02 7.328530993729754917e-01
5.355955955955956499e-02 7.316000992135449632e-01
5.357357357357357686e-02 7.303453345330059854e-01
5.358758758758758872e-02 7.290888117298727211e-01
5.360160160160160059e-02 7.278305372141956608e-01
5.361561561561561939e-02 7.265705174074569284e-01
5.362962962962963126e-02 7.253087587424167371e-01
5.364364364364364313e-02 7.240452676632146423e-01
5.365765765765766193e-02 7.227800506249516532e-01
5.367167167167167380e-02 7.215131140937459664e-01
5.368568568568568566e-02 7.202444645467802609e-01
5.369969969969970447e-02 7.189741084718882513e-01
5.371371371371371634e-02 7.177020523676581609e-01
5.372772772772772820e-02 7.164283027432758466e-01
5.374174174174174701e-02 7.151528661184187730e-01
5.375575575575575887e-02 7.138757490231565361e-01
5.376976976976977074e-02 7.125961977951090764e-01
5.378378378378378954e-02 7.113146755237529373e-01
5.379779779779780141e-02 7.100315019452565490e-01
5.381181181181181328e-02 7.087466836225618794e-01
5.382582582582582514e-02 7.074602271283101373e-01
5.383983983983984395e-02 7.061721390447330826e-01
5.385385385385385582e-02 7.048824259635537715e-01
5.386786786786786768e-02 7.035910944858810856e-01
5.388188188188188649e-02 7.022981512221047051e-01
5.389589589589589835e-02 7.010036027918001844e-01
5.390990990990991022e-02 6.997074558236144881e-01
5.392392392392392902e-02 6.984097169551711781e-01
5.393793793793794089e-02 6.971103928329663857e-01
5.395195195195195276e-02 6.958094901122640064e-01
5.396596596596596462e-02 6.945070154569955578e-01
5.397997997997998343e-02 6.932029755396543758e-01
5.399399399399399530e-02 6.918973770411994684e-01
5.400800800800800716e-02 6.905902266509459375e-01
5.402202202202202597e-02 6.892815310664675010e-01
5.403603603603603783e-02 6.879712969934960176e-01
5.405005005005004970e-02 6.866595311458147943e-01
5.406406406406406850e-02 6.853462402451594437e-01
5.407807807807808037e-02 6.840314310211198512e-01
5.409209209209209224e-02 6.827151102110319281e-01
5.410610610610611104e-02 6.813972845598824657e-01
5.412012012012012291e-02 6.800779608202061066e-01
5.413413413413413477e-02 6.787571457519832041e-01
5.414814814814815358e-02 6.774348461225402351e-01
5.416216216216216545e-02 6.761110687064526559e-01
5.417617617617617731e-02 6.747858202854385423e-01
5.419019019019019612e-02 6.734591076482615568e-01
5.420420420420420798e-02 6.721309375906340255e-01
5.421821821821821985e-02 6.708013169151120225e-01
5.423223223223223172e-02 6.694702524309993352e-01
5.424624624624625052e-02 6.681377509542469895e-01
5.426026026026026239e-02 6.668038193073557718e-01
5.427427427427427425e-02 6.654684643192749771e-01
5.428828828828829306e-02 6.641316928253045981e-01
5.430230230230230493e-02 6.627935116670001792e-01
5.431631631631631679e-02 6.614539276920700095e-01
5.433033033033033560e-02 6.601129477542795332e-01
5.434434434434434746e-02 6.587705787133550928e-01
5.435835835835835933e-02 6.574268274348834540e-01
5.437237237237237120e-02 6.560817007902186582e-01
5.438638638638639000e-02 6.547352056563797706e-01
5.440040040040040187e-02 6.533873489159621739e-01
5.441441441441441373e-02 6.520381374570322075e-01
5.442842842842843254e-02 6.506875781730386832e-01
5.444244244244244441e-02 6.493356779627140751e-01
5.445645645645645627e-02 6.479824437299781525e-01
5.447047047047047508e-02 6.466278823838446099e-01
5.448448448448448694e-02 6.452720008383271422e-01
5.449849849849849881e-02 6.439148060123413009e-01
5.451251251251251762e-02 6.425563048296143442e-01
5.452652652652652948e-02 6.411965042185893138e-01
5.454054054054054135e-02 6.398354111123317756e-01
5.455455455455456015e-02 6.384730324484361175e-01
5.456856856856857202e-02 6.371093751689359541e-01
5.458258258258258389e-02 6.357444462202056501e-01
5.459659659659660269e-02 6.343782525528735006e-01
5.461061061061061456e-02 6.330108011217286945e-01
5.462462462462462642e-02 6.316420988856278340e-01
5.463863863863863829e-02 6.302721528074061164e-01
5.465265265265265709e-02 6.289009698537838533e-01
5.466666666666666896e-02 6.275285569952825382e-01
5.468068068068068083e-02 6.261549212061257030e-01
5.469469469469469963e-02 6.247800694641570951e-01
5.470870870870871150e-02 6.234040087507486394e-01
5.472272272272272337e-02 6.220267460507103996e-01
5.473673673673673523e-02 6.206482883522044247e-01
5.475075075075075404e-02 6.192686426466554872e-01
5.476476476476476590e-02 6.178878159286664840e-01
5.477877877877877777e-02 6.165058151959257327e-01
5.479279279279279657e-02 6.151226474491254814e-01
5.480680680680680844e-02 6.137383196918752004e-01
5.482082082082082031e-02 6.123528389306128750e-01
5.483483483483483911e-02 6.109662121745214058e-01
5.484884884884885098e-02 6.095784464354463417e-01
5.486286286286286284e-02 6.081895487278075052e-01
5.487687687687688165e-02 6.067995260685158376e-01
5.489089089089089352e-02 6.054083854768942397e-01
5.490490490490490538e-02 6.040161339745894198e-01
5.491891891891892419e-02 6.026227785854907371e-01
5.493293293293293605e-02 6.012283263356527074e-01
5.494694694694694792e-02 5.998327842532067411e-01
5.496096096096096673e-02 5.984361593682856473e-01
5.497497497497497859e-02 5.970384587129415888e-01
5.498898898898899046e-02 5.956396893210655907e-01
5.500300300300300232e-02 5.942398582283097141e-01
5.501701701701702113e-02 5.928389724720062315e-01
5.503103103103103300e-02 5.914370390910628217e-01
5.504504504504504486e-02 5.900340651260024272e-01
5.505905905905906367e-02 5.886300576187047939e-01
5.507307307307307553e-02 5.872250236124577638e-01
5.508708708708708740e-02 5.858189701518400350e-01
5.510110110110110621e-02 5.844119042826544375e-01
5.511511511511511807e-02 5.830038330518522161e-01
5.512912912912912994e-02 5.815947635074559807e-01
5.514314314314314180e-02 5.801847026984868760e-01
5.515715715715716061e-02 5.787736576748947481e-01
5.517117117117117248e-02 5.773616354874845369e-01
5.518518518518518434e-02 5.759486431878438895e-01
5.519919919919920315e-02 5.745346878282712177e-01
5.521321321321321501e-02 5.731197764617110835e-01
5.522722722722722688e-02 5.717039161416782589e-01
5.524124124124124569e-02 5.702871139221917796e-01
5.525525525525525755e-02 5.688693768577084420e-01
5.526926926926926942e-02 5.674507120030527485e-01
5.528328328328328822e-02 5.660311264133510711e-01
5.529729729729730009e-02 5.646106271439668145e-01
5.531131131131131196e-02 5.631892212504339135e-01
5.532532532532533076e-02 5.617669157883917741e-01
5.533933933933934263e-02 5.603437178135247665e-01
5.535335335335335449e-02 5.589196343814959445e-01
5.536736736736737330e-02 5.574946725478843179e-01
5.538138138138138516e-02 5.560688393681282315e-01
5.539539539539539703e-02 5.546421418974603057e-01
5.540940940940940890e-02 5.532145871908482615e-01
5.542342342342342770e-02 5.517861823029370782e-01
5.543743743743743957e-02 5.503569342879912618e-01
5.545145145145145144e-02 5.489268501998365579e-01
5.546546546546547024e-02 5.474959370918016655e-01
5.547947947947948211e-02 5.460642020166679433e-01
5.549349349349349397e-02 5.446316520266091254e-01
5.550750750750751278e-02 5.431982941731385850e-01
5.552152152152152464e-02 5.417641355070608178e-01
5.553553553553553651e-02 5.403291830784140437e-01
5.554954954954954838e-02 5.388934439364204687e-01
5.556356356356356718e-02 5.374569251294372130e-01
5.557757757757757905e-02 5.360196337049086823e-01
5.559159159159159092e-02 5.345815767093133886e-01
5.560560560560560972e-02 5.331427611881210948e-01
5.561961961961962159e-02 5.317031941857445210e-01
5.563363363363363345e-02 5.302628827454949345e-01
5.564764764764765226e-02 5.288218339095360765e-01
5.566166166166166412e-02 5.273800547188441934e-01
5.567567567567567599e-02 5.259375522131625180e-01
5.568968968968969480e-02 5.244943334309377647e-01
5.570370370370370666e-02 5.230504054093763067e-01
5.571771771771771853e-02 5.216057751842608781e-01
5.573173173173173733e-02 5.201604497900074175e-01
5.574574574574574920e-02 5.187144362596077807e-01
5.575975975975976107e-02 5.172677416245902160e-01
5.577377377377377987e-02 5.158203729149866135e-01
5.578778778778779174e-02 5.143723371593010851e-01
5.580180180180180360e-02 5.129236413844749931e-01
5.581581581581581547e-02 5.114742926158573066e-01
5.582982982982983428e-02 5.100242978771746261e-01
5.584384384384384614e-02 5.085736641905055366e-01
5.585785785785785801e-02 5.071223985762493003e-01
5.587187187187187681e-02 5.056705080531026519e-01
5.588588588588588868e-02 5.042179996380359297e-01
5.589989989989990055e-02 5.027648803462666516e-01
5.591391391391391241e-02 5.013111571912428621e-01
5.592792792792793122e-02 4.998568371846158764e-01
5.594194194194194308e-02 4.984019273362300662e-01
5.595595595595595495e-02 4.969464346540967692e-01
5.596996996996997376e-02 4.954903661443824103e-01
5.598398398398398562e-02 4.940337288119086567e-01
5.599799799799799749e-02 4.925765296580804087e-01
5.601201201201201629e-02 4.911187756839607288e-01
5.602602602602602816e-02 4.896604738882020524e-01
5.604004004004004003e-02 4.882016312675541148e-01
5.605405405405405883e-02 4.867422548168537921e-01
5.606806806806807070e-02 4.852823515290248801e-01
5.608208208208208256e-02 4.838219283950691563e-01
5.609609609609610137e-02 4.823609924040648256e-01
5.611011011011011324e-02 4.808995505431716277e-01
5.612412412412412510e-02 4.794376097976239537e-01
5.613813813813814391e-02 4.779751771507386726e-01
5.615215215215215577e-02 4.765122595839229591e-01
5.616616616616616764e-02 4.750488640766725168e-01
5.618018018018017951e-02 4.735849976065883427e-01
5.619419419419419831e-02 4.721206671493792806e-01
5.620820820820821018e-02 4.706558796788846699e-01
5.622222222222222204e-02 4.691906421670778427e-01
5.623623623623624085e-02 4.677249615840873842e-01
5.625025025025025271e-02 4.662588448982181166e-01
5.626426426426426458e-02 4.647922990759637552e-01
5.627827827827828339e-02 4.633253310820359960e-01
5.629229229229229525e-02 4.618579478793862769e-01
5.630630630630630712e-02 4.603901564292322002e-01
5.632032032032031899e-02 4.589219636910873423e-01
5.633433433433433779e-02 4.574533766227900644e-01
5.634834834834834966e-02 4.559844021805412595e-01
5.636236236236236152e-02 4.545150473189342732e-01
5.637637637637638033e-02 4.530453189909959266e-01
5.639039039039039219e-02 4.515752241482294260e-01
5.640440440440440406e-02 4.501047697406515002e-01
5.641841841841842287e-02 4.486339627168408062e-01
5.643243243243243473e-02 4.471628100239888881e-01
5.644644644644644660e-02 4.456913186079435318e-01
5.646046046046046540e-02 4.442194954132673290e-01
5.647447447447447727e-02 4.427473473832936324e-01
5.648848848848848914e-02 4.412748814601810676e-01
5.650250250250250794e-02 4.398021045849772603e-01
5.651651651651651981e-02 4.383290236976861154e-01
5.653053053053053167e-02 4.368556457373287683e-01
5.654454454454455048e-02 4.353819776420171372e-01
5.655855855855856235e-02 4.339080263490296963e-01
5.657257257257257421e-02 4.324337987948817519e-01
5.658658658658658608e-02 4.309593019154089877e-01
5.660060060060060488e-02 4.294845426458487325e-01
5.661461461461461675e-02 4.280095279209270021e-01
5.662862862862862862e-02 4.265342646749469835e-01
5.664264264264264742e-02 4.250587598418785196e-01
5.665665665665665929e-02 4.235830203554630802e-01
5.667067067067067115e-02 4.221070531493024691e-01
5.668468468468468302e-02 4.206308651569701240e-01
5.669869869869870183e-02 4.191544633121144781e-01
5.671271271271271369e-02 4.176778545485734240e-01
5.672672672672672556e-02 4.162010458004843372e-01
5.674074074074074436e-02 4.147240440024045904e-01
5.675475475475475623e-02 4.132468560894384524e-01
5.676876876876876810e-02 4.117694889973576577e-01
5.678278278278278690e-02 4.102919496627346896e-01
5.679679679679679877e-02 4.088142450230831670e-01
5.681081081081081063e-02 4.073363820169900729e-01
5.682482482482482944e-02 4.058583675842635796e-01
5.683883883883884131e-02 4.043802086660848727e-01
5.685285285285285317e-02 4.029019122051575308e-01
5.686686686686687198e-02 4.014234851458677866e-01
5.688088088088088384e-02 3.999449344344495061e-01
5.689489489489489571e-02 3.984662670191502221e-01
5.690890890890891451e-02 3.969874898504063832e-01
5.692292292292292638e-02 3.955086098810226547e-01
5.693693693693693825e-02 3.940296340663555497e-01
5.695095095095095011e-02 3.925505693645027216e-01
5.696496496496496892e-02 3.910714227365007511e-01
5.697897897897898079e-02 3.895922011465254298e-01
5.699299299299299265e-02 3.881129115620989833e-01
5.700700700700701146e-02 3.866335609543024021e-01
5.702102102102102332e-02 3.851541562979988176e-01
5.703503503503503519e-02 3.836747045720551585e-01
5.704904904904905399e-02 3.821952127595764082e-01
5.706306306306306586e-02 3.807156878481477436e-01
5.707707707707707773e-02 3.792361368300756208e-01
5.709109109109108959e-02 3.777565667026436258e-01
5.710510510510510840e-02 3.762769844683725995e-01
5.711911911911912026e-02 3.747973971352895894e-01
5.713313313313313213e-02 3.733178117172002985e-01
5.714714714714715094e-02 3.718382352339728025e-01
5.716116116116116280e-02 3.703586747118316480e-01
5.717517517517517467e-02 3.688791371836522837e-01
5.718918918918919347e-02 3.673996296892708679e-01
5.720320320320320534e-02 3.659201592758009047e-01
5.721721721721721721e-02 3.644407329979557630e-01
5.723123123123123601e-02 3.629613579183832983e-01
5.724524524524524788e-02 3.614820411080120199e-01
5.725925925925925974e-02 3.600027896463970922e-01
5.727327327327327855e-02 3.585236106220877073e-01
5.728728728728729042e-02 3.570445111329984544e-01
5.730130130130130228e-02 3.555654982867892389e-01
5.731531531531532109e-02 3.540865792012597990e-01
5.732932932932933295e-02 3.526077610047558819e-01
5.734334334334334482e-02 3.511290508371319175e-01
5.735735735735735669e-02 3.496504558479689995e-01
5.737137137137137549e-02 3.481719832003288273e-01
5.738538538538538736e-02 3.466936400689951681e-01
5.739939939939939922e-02 3.452154336414842151e-01
5.741341341341341803e-02 3.437373711185209846e-01
5.742742742742742990e-02 3.422594597145308670e-01
5.744144144144144176e-02 3.407817066581365628e-01
5.745545545545545363e-02 3.393041191926740030e-01
5.746946946946947243e-02 3.378267045767242016e-01
5.748348348348348430e-02 3.363494700846551555e-01
5.749749749749749617e-02 3.348724230071802310e-01
5.751151151151151497e-02 3.333955706519327045e-01
5.752552552552552684e-02 3.319189203440586766e-01
5.753953953953953870e-02 3.304424794268189802e-01
5.755355355355355751e-02 3.289656330908516391e-01
5.756756756756756938e-02 3.274888758454523874e-01
5.758158158158158124e-02 3.260123479787638279e-01
5.759559559559560005e-02 3.245360569684550001e-01
5.760960960960961191e-02 3.230600103141634261e-01
5.762362362362362378e-02 3.215842155382146461e-01
5.763763763763764258e-02 3.201086801863769482e-01
5.765165165165165445e-02 3.186334118286275885e-01
5.766566566566566632e-02 3.171584180599413272e-01
5.767967967967968512e-02 3.156837065011023347e-01
5.769369369369369699e-02 3.142092847995437421e-01
5.770770770770770886e-02 3.127345315415736016e-01
5.772172172172172766e-02 3.112585817649464737e-01
5.773573573573573953e-02 3.097829410329469013e-01
5.774974974974975139e-02 3.083076172601499354e-01
5.776376376376376326e-02 3.068326183939821261e-01
5.777777777777778206e-02 3.053579524157478131e-01
5.779179179179179393e-02 3.038836273416881117e-01
5.780580580580580580e-02 3.024096512240674883e-01
5.781981981981981766e-02 3.009360321522929205e-01
5.783383383383383647e-02 2.994623342695261758e-01
5.784784784784784833e-02 2.979874129395783666e-01
5.786186186186186020e-02 2.965128708391063794e-01
5.787587587587587901e-02 2.950387163601411733e-01
5.788988988988989087e-02 2.935649579396430453e-01
5.790390390390390274e-02 2.920916040608687037e-01
5.791791791791792154e-02 2.906186632547890225e-01
5.793193193193193341e-02 2.891461441015455436e-01
5.794594594594594528e-02 2.876740552319461131e-01
5.795995995995996408e-02 2.862024053290077030e-01
5.797397397397397595e-02 2.847312031295538004e-01
5.798798798798798781e-02 2.832596552659524258e-01
5.800200200200200662e-02 2.817885176963342841e-01
5.801601601601601849e-02 2.803178540539575381e-01
5.803003003003003035e-02 2.788476733666883645e-01
5.804404404404404916e-02 2.773779847256615527e-01
5.805805805805806102e-02 2.759087972872014682e-01
5.807207207207207289e-02 2.744401202748007473e-01
5.808608608608609170e-02 2.729716857824469045e-01
5.810010010010010356e-02 2.715029110011759061e-01
5.811411411411411543e-02 2.700346747881216536e-01
5.812812812812813423e-02 2.685669867334871674e-01
5.814214214214214610e-02 2.670998565065809127e-01
5.815615615615615797e-02 2.656332938582232628e-01
5.817017017017016983e-02 2.641673086232387280e-01
5.818418418418418864e-02 2.627007070878878969e-01
5.819819819819820050e-02 2.612338131966672194e-01
5.821221221221221237e-02 2.597675276433979441e-01
5.822622622622622424e-02 2.583018607641163755e-01
5.824024024024024304e-02 2.568368229946020320e-01
5.825425425425425491e-02 2.553724248734503544e-01
5.826826826826826677e-02 2.539086770452333441e-01
5.828228228228228558e-02 2.524455902637788296e-01
5.829629629629629745e-02 2.509815236749079470e-01
5.831031031031030931e-02 2.495176645234211676e-01
5.832432432432432812e-02 2.480545010734105382e-01
5.833833833833833998e-02 2.465920446880623118e-01
5.835235235235235185e-02 2.451303068600778345e-01
5.836636636636637065e-02 2.436692992157271365e-01
5.838038038038038252e-02 2.422090335190409116e-01
5.839439439439439439e-02 2.407495216761374734e-01
5.840840840840841319e-02 2.392907757397038926e-01
5.842242242242242506e-02 2.378328079136314555e-01
5.843643643643643693e-02 2.363756305578035011e-01
5.845045045045045573e-02 2.349192561930571466e-01
5.846446446446446760e-02 2.334624720147137344e-01
5.847847847847847946e-02 2.320047307230963252e-01
5.849249249249249827e-02 2.305478347186737109e-01
5.850650650650651013e-02 2.290917974008187530e-01
5.852052052052052200e-02 2.276366323606683617e-01
5.853453453453454081e-02 2.261823533873515701e-01
5.854854854854855267e-02 2.247289744744329354e-01
5.856256256256256454e-02 2.232742681246021599e-01
5.857657657657657641e-02 2.218196284345918534e-01
5.859059059059058827e-02 2.203659364392736852e-01
5.860460460460460708e-02 2.189132071960622206e-01
5.861861861861861894e-02 2.174614560061799151e-01
5.863263263263263081e-02 2.160106984227812554e-01
5.864664664664664961e-02 2.145609502593786300e-01
5.866066066066066148e-02 2.131122275985915526e-01
5.867467467467467335e-02 2.116633021202494191e-01
5.868868868868869215e-02 2.102153243183083053e-01
5.870270270270270402e-02 2.087684240189674190e-01
5.871671671671671588e-02 2.073226185456491510e-01
5.873073073073073469e-02 2.058779255413543119e-01
5.874474474474474656e-02 2.044343629796738782e-01
5.875875875875875842e-02 2.029919491762268158e-01
5.877277277277277723e-02 2.015507028005516788e-01
5.878678678678678909e-02 2.001106428884640021e-01
5.880080080080080096e-02 1.986717888548998057e-01
5.881481481481481977e-02 1.972341605072738813e-01
5.882882882882883163e-02 1.957977780593741501e-01
5.884284284284284350e-02 1.943626621458074133e-01
5.885685685685686230e-02 1.929288338370370726e-01
5.887087087087087417e-02 1.914936419648503863e-01
5.888488488488488604e-02 1.900581083519260472e-01
5.889889889889890484e-02 1.886239346368165926e-01
5.891291291291291671e-02 1.871882825173563913e-01
5.892692692692692857e-02 1.857520757113053922e-01
5.894094094094094044e-02 1.843173062490723324e-01
5.895495495495495925e-02 1.828839990596154708e-01
5.896896896896897111e-02 1.814521796622586558e-01
5.898298298298298298e-02 1.800218741889062501e-01
5.899699699699699484e-02 1.785931094072234493e-01
5.901101101101101365e-02 1.771659127448131366e-01
5.902502502502502552e-02 1.757403123144490875e-01
5.903903903903903738e-02 1.743163369404100160e-01
5.905305305305305619e-02 1.728940161859737479e-01
5.906706706706706805e-02 1.714733803821312241e-01
5.908108108108107992e-02 1.700535653414100845e-01
5.909509509509509873e-02 1.686348658575532178e-01
5.910910910910911059e-02 1.672179483689123225e-01
5.912312312312312246e-02 1.658028466024241421e-01
5.913713713713714126e-02 1.643895952176172015e-01
5.915115115115115313e-02 1.629782298441135313e-01
5.916516516516516500e-02 1.615687871208459636e-01
5.917917917917918380e-02 1.601613047371010234e-01
5.919319319319319567e-02 1.587558214754725971e-01
5.920720720720720753e-02 1.573523772568148904e-01
5.922122122122122634e-02 1.559510131873211303e-01
5.923523523523523820e-02 1.545514262376386228e-01
5.924924924924925007e-02 1.531493558446370418e-01
5.926326326326326888e-02 1.517494956130716888e-01
5.927727727727728074e-02 1.503483582138759045e-01
5.929129129129129261e-02 1.489484326335179798e-01
5.930530530530531141e-02 1.475508577742578598e-01
5.931931931931932328e-02 1.461556842522900856e-01
5.933333333333333515e-02 1.447629643352175977e-01
5.934734734734734701e-02 1.433727520146392542e-01
5.936136136136136582e-02 1.419851030823575111e-01
5.937537537537537768e-02 1.406000752104255846e-01
5.938938938938938955e-02 1.392177280352226154e-01
5.940340340340340142e-02 1.378381232458011085e-01
5.941741741741742022e-02 1.364613246767313326e-01
5.943143143143143209e-02 1.350873984056937260e-01
5.944544544544544395e-02 1.337164128560847098e-01
5.945945945945946276e-02 1.323484389049107979e-01
5.947347347347347463e-02 1.309835499962772876e-01
5.948748748748748649e-02 1.296218222607577741e-01
5.950150150150150530e-02 1.282633346410009534e-01
5.951551551551551716e-02 1.269081690239029503e-01
5.952952952952952903e-02 1.255564103797084663e-01
5.954354354354354784e-02 1.242081469084363871e-01
5.955755755755755970e-02 1.228615459371230900e-01
5.957157157157157157e-02 1.215141659662289098e-01
5.958558558558559037e-02 1.201705407855915009e-01
5.959959959959960224e-02 1.188307721639375175e-01
5.961361361361361411e-02 1.174949659392734852e-01
5.962762762762763291e-02 1.161632322192755612e-01
5.964164164164164478e-02 1.148356335524159944e-01
5.965565565565565664e-02 1.135030772055505566e-01
5.966966966966967545e-02 1.121748983291574880e-01
5.968368368368368732e-02 1.108512243886042720e-01
5.969769769769769918e-02 1.095321882587604462e-01
5.971171171171171105e-02 1.082179285001757113e-01
5.972572572572572985e-02 1.069085896503074867e-01
5.973973973973974172e-02 1.056043225305739186e-01
5.975375375375375359e-02 1.043052845700283282e-01
5.976776776776776545e-02 1.030116401464801351e-01
5.978178178178178426e-02 1.017235609458880113e-01
5.979579579579579612e-02 1.004412263408801659e-01
5.980980980980980799e-02 9.916482378924142138e-02
5.982382382382382680e-02 9.789454925322976786e-02
5.983783783783783866e-02 9.663060764055304841e-02
5.985185185185185053e-02 9.537321326781371400e-02
5.986586586586586933e-02 9.412259034721315309e-02
5.987987987987988120e-02 9.287897349723266138e-02
5.989389389389389307e-02 9.164260827793788144e-02
5.990790790790791187e-02 9.041375175147429999e-02
5.992192192192192374e-02 8.919267306817905971e-02
5.993593593593593560e-02 8.797965407858646114e-02
5.994994994994995441e-02 8.677498997141823434e-02
5.996396396396396627e-02 8.556952108194579298e-02
5.997797797797797814e-02 8.437091648919525788e-02
5.999199199199199695e-02 8.318147960411573227e-02
6.000600600600600881e-02 8.200156113074802411e-02
6.002002002002002068e-02 8.083152873685001127e-02
6.003403403403403948e-02 7.967176786394389310e-02
6.004804804804805135e-02 7.852268255840048894e-02
6.006206206206206322e-02 7.738469632033147250e-02
6.007607607607608202e-02 7.625825296621104032e-02
6.009009009009009389e-02 7.514381750014011152e-02
6.010410410410410575e-02 7.404187698750937241e-02
6.011811811811811762e-02 7.295294142355264466e-02
6.013213213213213643e-02 7.187754458775968969e-02
6.014614614614614829e-02 7.080409117241617811e-02
6.016016016016016016e-02 6.974220736633936213e-02
6.017417417417417203e-02 6.869532547736706407e-02
6.018818818818819083e-02 6.766407706843541314e-02
6.020220220220220270e-02 6.664912183606062912e-02
6.021621621621621456e-02 6.565114821692195901e-02
6.023023023023023337e-02 6.467087387300131385e-02
6.024424424424424523e-02 6.370904602812381412e-02
6.025825825825825710e-02 6.276644162566047402e-02
6.027227227227227591e-02 6.184386727408545947e-02
6.028628628628628777e-02 6.094215894408529233e-02
6.030030030030029964e-02 6.006218137818205433e-02
6.031431431431431844e-02 5.920482717150223062e-02
6.032832832832833031e-02 5.837101548056739669e-02
6.034234234234234218e-02 5.756169031607938358e-02
6.035635635635636098e-02 5.677781837585549329e-02
6.037037037037037285e-02 5.602038637562490458e-02
6.038438438438438471e-02 5.528963125340868867e-02
6.039839839839840352e-02 5.457343156195910289e-02
6.041241241241241539e-02 5.388642052536511684e-02
6.042642642642642725e-02 5.322963839323268526e-02
6.044044044044044606e-02 5.260412618139984758e-02
6.045445445445445792e-02 5.201091956864389160e-02
6.046846846846846979e-02 5.145104217713174222e-02
6.048248248248248859e-02 5.092549827804303264e-02
6.049649649649650046e-02 5.043526498596571234e-02
6.051051051051051233e-02 4.998128402932387748e-02
6.052452452452452419e-02 4.956445320833895857e-02
6.053853853853853606e-02 4.918561767568229576e-02
6.055255255255255487e-02 4.884556119673422875e-02
6.056656656656656673e-02 4.854499756474020544e-02
6.058058058058057860e-02 4.828456235964133370e-02
6.059459459459459740e-02 4.806480524661049802e-02
6.060860860860860927e-02 4.788618301010692802e-02
6.062262262262262114e-02 4.774905351085349109e-02
6.063663663663663994e-02 4.765367073617174376e-02
6.065065065065065181e-02 4.760018108888344063e-02
6.066466466466466367e-02 4.757856306052252182e-02
6.067867867867868248e-02 4.758033910235798941e-02
6.069269269269269435e-02 4.748477744290109659e-02
6.070670670670670621e-02 4.743178712146611103e-02
6.072072072072072502e-02 4.738648991098816377e-02
6.073473473473473688e-02 4.726061776119609703e-02
6.074874874874874875e-02 4.717777070901866404e-02
6.076276276276276755e-02 4.713810363813299847e-02
6.077677677677677942e-02 4.714165320211982646e-02
6.079079079079079129e-02 4.718833699369671952e-02
6.080480480480481009e-02 4.727795434532094249e-02
6.081881881881882196e-02 4.740455022134953955e-02
6.083283283283283382e-02 4.755944029885776636e-02
6.084684684684685263e-02 4.775611114782344485e-02
6.086086086086086450e-02 4.799397254707023219e-02
6.087487487487487636e-02 4.827233910827012642e-02
6.088888888888888823e-02 4.859043836277605888e-02
6.090290290290290703e-02 4.894741956475097411e-02
6.091691691691691890e-02 4.934236298726068365e-02
6.093093093093093077e-02 4.977428949156915972e-02
6.094494494494494263e-02 5.024217016165159755e-02
6.095895895895896144e-02 5.074493581440077394e-02
6.097297297297297330e-02 5.128148621939986745e-02
6.098698698698698517e-02 5.185069888877037042e-02
6.100100100100100398e-02 5.245143732543171289e-02
6.101501501501501584e-02 5.308255864626544585e-02
6.102902902902902771e-02 5.374292052321793384e-02
6.104304304304304651e-02 5.443138740979817231e-02
6.105705705705705838e-02 5.514683604198090255e-02
6.107107107107107025e-02 5.588816022080913409e-02
6.108508508508508905e-02 5.665427489891724372e-02
6.109909909909910092e-02 5.744411960483452456e-02
6.111311311311311278e-02 5.825666124747987812e-02
6.112712712712713159e-02 5.909089634904653165e-02
6.114114114114114346e-02 5.994585275785889456e-02
6.115515515515515532e-02 6.082059089416304298e-02
6.116916916916917413e-02 6.171420458154340538e-02
6.118318318318318599e-02 6.262582151485697468e-02
6.119719719719719786e-02 6.354265987624441170e-02
6.121121121121121667e-02 6.446994814695332365e-02
6.122522522522522853e-02 6.541315252787950618e-02
6.123923923923924040e-02 6.637153088125939682e-02
6.125325325325325920e-02 6.734437253005205737e-02
6.126726726726727107e-02 6.832555771615576867e-02
6.128128128128128294e-02 6.931145149727029053e-02
6.129529529529529480e-02 7.031008723773723990e-02
6.130930930930931361e-02 7.132086823674314846e-02
6.132332332332332547e-02 7.234322466581713518e-02
6.133733733733733734e-02 7.337661264161009222e-02
6.135135135135134921e-02 7.442051327233886737e-02
6.136536536536536801e-02 7.547443168982598261e-02
6.137937937937937988e-02 7.653789607717011167e-02
6.139339339339339174e-02 7.761045670043659195e-02
6.140740740740741055e-02 7.869168495124477525e-02
6.142142142142142242e-02 7.978117240586374281e-02
6.143543543543543428e-02 8.087852990529842412e-02
6.144944944944945309e-02 8.198338665985550888e-02
6.146346346346346495e-02 8.309538938087050741e-02
6.147747747747747682e-02 8.421420144154935505e-02
6.149149149149149562e-02 8.533950206827924101e-02
6.150550550550550749e-02 8.647098556335711117e-02
6.151951951951951936e-02 8.760836055895593333e-02
6.153353353353353816e-02 8.875134930393348276e-02
6.154754754754755003e-02 8.989968698122918767e-02
6.156156156156156189e-02 9.105312105696050651e-02
6.157557557557558070e-02 9.221141065996123209e-02
6.158958958958959257e-02 9.337432599111457343e-02
6.160360360360360443e-02 9.454164776160718653e-02
6.161761761761762324e-02 9.571316665913626176e-02
6.163163163163163510e-02 9.688868284106715023e-02
6.164564564564564697e-02 9.806800545349066145e-02
6.165965965965965884e-02 9.925095217510529477e-02
6.167367367367367764e-02 1.004373487848487928e-01
6.168768768768768951e-02 1.016213886550821205e-01
6.170170170170170137e-02 1.028032873642545086e-01
6.171571571571571324e-02 1.039882366095439409e-01
6.172972972972973205e-02 1.051760884948993446e-01
6.174374374374374391e-02 1.063667014181236686e-01
6.175775775775775578e-02 1.075491025532691602e-01
6.177177177177177458e-02 1.087322136872319184e-01
6.178578578578578645e-02 1.099177684437031427e-01
6.179979979979979832e-02 1.111056455730486392e-01
6.181381381381381712e-02 1.122957287558629114e-01
6.182782782782782899e-02 1.134879063690380774e-01
6.184184184184184085e-02 1.146820712638982609e-01
6.185585585585585966e-02 1.158781205557582183e-01
6.186986986986987153e-02 1.170759554243166883e-01
6.188388388388388339e-02 1.182754809243225930e-01
6.189789789789790220e-02 1.194766058059513331e-01
6.191191191191191406e-02 1.206792423443913548e-01
6.192592592592592593e-02 1.218833061781468136e-01
6.193993993993994474e-02 1.230887161555845738e-01
6.195395395395395660e-02 1.242953941892833009e-01
6.196796796796796847e-02 1.255032651177772074e-01
6.198198198198198727e-02 1.267122565742812290e-01
6.199599599599599914e-02 1.279222988620320467e-01
6.201001001001001101e-02 1.291333248358869923e-01
6.202402402402402981e-02 1.303452697898422608e-01
6.203803803803804168e-02 1.315580713501515175e-01
6.205205205205205354e-02 1.327716693737520659e-01
6.206606606606606541e-02 1.339860058517010066e-01
6.208008008008008421e-02 1.352010248173653451e-01
6.209409409409409608e-02 1.364166010679633834e-01
6.210810810810810795e-02 1.376252889213653019e-01
6.212212212212211981e-02 1.388345176239271783e-01
6.213613613613613862e-02 1.400442383500106747e-01
6.215015015015015049e-02 1.412544039223185555e-01
6.216416416416416235e-02 1.424625763804699685e-01
6.217817817817818116e-02 1.436682144869619038e-01
6.219219219219219302e-02 1.448741729589431149e-01
6.220620620620620489e-02 1.460804105044898049e-01
6.222022022022022369e-02 1.472868871665480583e-01
6.223423423423423556e-02 1.484935642732980454e-01
6.224824824824824743e-02 1.497004043825417019e-01
6.226226226226226623e-02 1.509073712367972886e-01
6.227627627627627810e-02 1.521144297163758430e-01
6.229029029029028997e-02 1.533215457953787941e-01
6.230430430430430877e-02 1.545286864996637810e-01
6.231831831831832064e-02 1.557358198666838334e-01
6.233233233233233250e-02 1.569429149071802920e-01
6.234634634634635131e-02 1.581499415682344756e-01
6.236036036036036317e-02 1.593568706985825090e-01
6.237437437437437504e-02 1.605636740148126962e-01
6.238838838838839385e-02 1.617703240693421363e-01
6.240240240240240571e-02 1.629767942197118125e-01
6.241641641641641758e-02 1.641830585992042346e-01
6.243043043043042944e-02 1.653889358068548199e-01
6.244444444444444825e-02 1.665898076306562559e-01
6.245845845845846012e-02 1.677904022817588159e-01
6.247247247247247198e-02 1.689906968687366617e-01
6.248648648648648385e-02 1.701906691424159013e-01
6.250050050050050265e-02 1.713900508690036073e-01
6.251451451451452146e-02 1.725824835932979751e-01
6.252852852852852639e-02 1.737745318898297475e-01
6.254254254254254519e-02 1.749661761165072216e-01
6.255655655655656400e-02 1.761573971610246592e-01
6.257057057057056892e-02 1.773481764230101232e-01
6.258458458458458773e-02 1.785384957968801645e-01
6.259859859859859266e-02 1.797283376553641954e-01
6.261261261261261146e-02 1.809176848336938315e-01
6.262662662662663027e-02 1.821065206143973325e-01
6.264064064064064907e-02 1.832948287126944242e-01
6.265465465465465400e-02 1.844825932624518383e-01
6.266866866866867281e-02 1.856697988026912993e-01
6.268268268268267773e-02 1.868564302645945030e-01
6.269669669669669654e-02 1.880424729590257082e-01
6.271071071071071534e-02 1.892279125645096594e-01
6.272472472472472027e-02 1.904127351156729708e-01
6.273873873873873908e-02 1.915969269921188878e-01
6.275275275275275788e-02 1.927804749077091651e-01
6.276676676676676281e-02 1.939633659002507893e-01
6.278078078078078161e-02 1.951432266579543606e-01
6.279479479479480042e-02 1.963191209032955908e-01
6.280880880880880535e-02 1.974943213949158782e-01
6.282282282282282415e-02 1.986688166537491362e-01
6.283683683683684296e-02 1.998425954713841934e-01
6.285085085085084788e-02 2.010156469020563941e-01
6.286486486486486669e-02 2.021879602549237487e-01
6.287887887887888549e-02 2.033595250866062354e-01
6.289289289289289042e-02 2.045303311929137779e-01
6.290690690690690923e-02 2.057003686062532088e-01
6.292092092092092803e-02 2.068696275824065123e-01
6.293493493493493296e-02 2.080329223793110360e-01
6.294894894894895176e-02 2.091952670554391991e-01
6.296296296296297057e-02 2.103568062820989348e-01
6.297697697697697550e-02 2.115175314424156960e-01
6.299099099099099430e-02 2.126774341094509746e-01
6.300500500500499923e-02 2.138365060409623541e-01
6.301901901901901804e-02 2.149947391743550762e-01
6.303303303303303684e-02 2.161521256217857345e-01
6.304704704704705565e-02 2.173086576654399693e-01
6.306106106106106057e-02 2.184643277529579319e-01
6.307507507507507938e-02 2.196191284930189003e-01
6.308908908908908431e-02 2.207720190927559556e-01
6.310310310310310311e-02 2.219228822022534797e-01
6.311711711711712192e-02 2.230728556217157765e-01
6.313113113113112684e-02 2.242219326808108093e-01
6.314514514514514565e-02 2.253701068476339497e-01
6.315915915915916445e-02 2.265173717251419139e-01
6.317317317317316938e-02 2.276637210477064355e-01
6.318718718718718819e-02 2.288091486777806272e-01
6.320120120120120699e-02 2.299536486026552695e-01
6.321521521521521192e-02 2.310972149313284818e-01
6.322922922922923072e-02 2.322398418914720652e-01
6.324324324324324953e-02 2.333803091627387472e-01
6.325725725725725446e-02 2.345191780291901729e-01
6.327127127127127326e-02 2.356570923093592451e-01
6.328528528528529207e-02 2.367923068130013964e-01
6.329929929929929699e-02 2.379264864438176974e-01
6.331331331331331580e-02 2.390596976751165614e-01
6.332732732732733461e-02 2.401919356770519376e-01
6.334134134134133953e-02 2.413231957172358166e-01
6.335535535535535834e-02 2.424534731508709295e-01
6.336936936936937714e-02 2.435827634237156536e-01
6.338338338338338207e-02 2.447104294867182006e-01
6.339739739739740088e-02 2.458369476824090460e-01
6.341141141141140580e-02 2.469624664520280455e-01
6.342542542542542461e-02 2.480869661164073481e-01
6.343943943943944341e-02 2.492094543231781756e-01
6.345345345345346222e-02 2.503309320671389671e-01
6.346746746746746715e-02 2.514513954571241383e-01
6.348148148148148595e-02 2.525708406744017753e-01
6.349549549549549088e-02 2.536892639710629505e-01
6.350950950950950968e-02 2.548066616671045836e-01
6.352352352352352849e-02 2.559230301543770625e-01
6.353753753753753342e-02 2.570374561277447012e-01
6.355155155155155222e-02 2.581499077759459304e-01
6.356556556556557103e-02 2.592613226964697315e-01
6.357957957957957595e-02 2.603716976330193167e-01
6.359359359359359476e-02 2.614810293840874600e-01
6.360760760760761356e-02 2.625893148072956373e-01
6.362162162162161849e-02 2.636965508167898875e-01
6.363563563563563730e-02 2.648027343820673063e-01
6.364964964964965610e-02 2.659078625268256890e-01
6.366366366366366103e-02 2.670119323278473122e-01
6.367767767767767983e-02 2.681149409139198525e-01
6.369169169169169864e-02 2.692168854633070763e-01
6.370570570570570357e-02 2.703177632085762561e-01
6.371971971971972237e-02 2.714175714268132200e-01
6.373373373373374118e-02 2.725163074444951761e-01
6.374774774774774611e-02 2.736139686350790856e-01
6.376176176176176491e-02 2.747105524180735170e-01
6.377577577577578372e-02 2.758060562581277630e-01
6.378978978978978864e-02 2.769004776641539323e-01
6.380380380380380745e-02 2.779938141884684133e-01
6.381781781781781238e-02 2.790860634259476059e-01
6.383183183183183118e-02 2.801772230132190122e-01
6.384584584584584999e-02 2.812672906278522178e-01
6.385985985985986879e-02 2.823562639875919489e-01
6.387387387387387372e-02 2.834441408495920189e-01
6.388788788788789252e-02 2.845309190096820262e-01
6.390190190190189745e-02 2.856165963016363829e-01
6.391591591591591626e-02 2.867011705964780388e-01
6.392992992992993506e-02 2.877846398017853136e-01
6.394394394394393999e-02 2.888670018610207113e-01
6.395795795795795879e-02 2.899482547528798859e-01
6.397197197197197760e-02 2.910283964906470455e-01
6.398598598598598253e-02 2.921074251199198279e-01
6.400000000000000133e-02 2.931853387246105558e-01
