5.000000000000000278e-02 1.069230077680855429e+00
5.001401401401401464e-02 1.068831039890866696e+00
5.002802802802803345e-02 1.068428828005638653e+00
5.004204204204204531e-02 1.068023439606019531e+00
5.005605605605605718e-02 1.067614872304264217e+00
5.007007007007007598e-02 1.067203123744123960e+00
5.008408408408408785e-02 1.066788191600928304e+00
5.009809809809809972e-02 1.066370073581677014e+00
5.011211211211211158e-02 1.065948767425118016e+00
5.012612612612613039e-02 1.065524270901837989e+00
5.014014014014014226e-02 1.065096581814344301e+00
5.015415415415415412e-02 1.064665697997146943e+00
5.016816816816817293e-02 1.064231617316841572e+00
5.018218218218218479e-02 1.063794337672193224e+00
5.019619619619619666e-02 1.063353856994214919e+00
5.021021021021021546e-02 1.062910173246249812e+00
5.022422422422422733e-02 1.062463284424050913e+00
5.023823823823823920e-02 1.062013188555859244e+00
5.025225225225225800e-02 1.061559883702483775e+00
5.026626626626626987e-02 1.061103367957378252e+00
5.028028028028028174e-02 1.060643639446718911e+00
5.029429429429429360e-02 1.060180696329479311e+00
5.030830830830831241e-02 1.059714536797508933e+00
5.032232232232232427e-02 1.059245159075604681e+00
5.033633633633633614e-02 1.058769148502664903e+00
5.035035035035035494e-02 1.058289537256818402e+00
5.036436436436436681e-02 1.057806711462629279e+00
5.037837837837837868e-02 1.057320669522702650e+00
5.039239239239239748e-02 1.056831409872817318e+00
5.040640640640640935e-02 1.056338930981993940e+00
5.042042042042042121e-02 1.055843231352565637e+00
5.043443443443444002e-02 1.055344309520242829e+00
5.044844844844845189e-02 1.054842164054182962e+00
5.046246246246246375e-02 1.054336793557055119e+00
5.047647647647648256e-02 1.053828196665106187e+00
5.049049049049049442e-02 1.053316372048227256e+00
5.050450450450450629e-02 1.052801318410014231e+00
5.051851851851851816e-02 1.052283034487834223e+00
5.053253253253253696e-02 1.051761519052887284e+00
5.054654654654654883e-02 1.051236770910268570e+00
5.056056056056056069e-02 1.050708788899026969e+00
5.057457457457457950e-02 1.050177571892229489e+00
5.058858858858859137e-02 1.049643118797016550e+00
5.060260260260260323e-02 1.049105428554664377e+00
5.061661661661662204e-02 1.048564500140639622e+00
5.063063063063063390e-02 1.048020332564659762e+00
5.064464464464464577e-02 1.047472924870746169e+00
5.065865865865866458e-02 1.046918211531345344e+00
5.067267267267267644e-02 1.046355497425696335e+00
5.068668668668668831e-02 1.045789562676189499e+00
5.070070070070070017e-02 1.045220406568923677e+00
5.071471471471471898e-02 1.044648028424178365e+00
5.072872872872873085e-02 1.044072427596465458e+00
5.074274274274274271e-02 1.043493603474575204e+00
5.075675675675676152e-02 1.042911555481622399e+00
5.077077077077077338e-02 1.042326283075094118e+00
5.078478478478478525e-02 1.041737785746894573e+00
5.079879879879880406e-02 1.041146063023386414e+00
5.081281281281281592e-02 1.040551114465440685e+00
5.082682682682682779e-02 1.039952939668473242e+00
5.084084084084084659e-02 1.039351538262490271e+00
5.085485485485485846e-02 1.038746909912128258e+00
5.086886886886887033e-02 1.038139054316694398e+00
5.088288288288288219e-02 1.037527971210206346e+00
5.089689689689690100e-02 1.036913660361430622e+00
5.091091091091091286e-02 1.036295156521016114e+00
5.092492492492492473e-02 1.035665709833533343e+00
5.093893893893894353e-02 1.035033058110093718e+00
5.095295295295295540e-02 1.034397201359720464e+00
5.096696696696696727e-02 1.033758139625925887e+00
5.098098098098098607e-02 1.033115872986745121e+00
5.099499499499499794e-02 1.032470401554763662e+00
5.100900900900900981e-02 1.031821725477146456e+00
5.102302302302302861e-02 1.031169844935666768e+00
5.103703703703704048e-02 1.030514760146734154e+00
5.105105105105105234e-02 1.029856471361418890e+00
5.106506506506507115e-02 1.029194978865478172e+00
5.107907907907908301e-02 1.028530282979384092e+00
5.109309309309309488e-02 1.027862384058342737e+00
5.110710710710710675e-02 1.027191282492319502e+00
5.112112112112112555e-02 1.026516978706061956e+00
5.113513513513513742e-02 1.025839473159119386e+00
5.114914914914914928e-02 1.025158766345865669e+00
5.116316316316316809e-02 1.024474858795515919e+00
5.117717717717717996e-02 1.023787751072148478e+00
5.119119119119119182e-02 1.023097443774720006e+00
5.120520520520521063e-02 1.022403937537083474e+00
5.121921921921922249e-02 1.021707233028213979e+00
5.123323323323323436e-02 1.021007330951388736e+00
5.124724724724725317e-02 1.020304232045452064e+00
5.126126126126126503e-02 1.019597937083996930e+00
5.127527527527527690e-02 1.018888446875583220e+00
5.128928928928928876e-02 1.018175762263752837e+00
5.130330330330330757e-02 1.017459884127037251e+00
5.131731731731731944e-02 1.016740813378970598e+00
5.133133133133133130e-02 1.016018550968097456e+00
5.134534534534535011e-02 1.015287340546345618e+00
5.135935935935936197e-02 1.014552406992196731e+00
5.137337337337337384e-02 1.013814303506518133e+00
5.138738738738739265e-02 1.013073031248610478e+00
5.140140140140140451e-02 1.012328591412437806e+00
5.141541541541541638e-02 1.011580985226622209e+00
5.142942942942943518e-02 1.010830213954448498e+00
5.144344344344344705e-02 1.010076278893865975e+00
5.145745745745745892e-02 1.009319181377482444e+00
5.147147147147147078e-02 1.008558922772568645e+00
5.148548548548548959e-02 1.007795504481050264e+00
5.149949949949950145e-02 1.007028927939509932e+00
5.151351351351351332e-02 1.006259194619179453e+00
5.152752752752753213e-02 1.005486306025934029e+00
5.154154154154154399e-02 1.004710263700290929e+00
5.155555555555555586e-02 1.003931069217397942e+00
5.156956956956957466e-02 1.003147989067928236e+00
5.158358358358358653e-02 1.002356161858760863e+00
5.159759759759759840e-02 1.001561207161383527e+00
5.161161161161161720e-02 1.000763126758803079e+00
5.162562562562562907e-02 9.999619224681939311e-01
5.163963963963964093e-02 9.991575961408800666e-01
5.165365365365365280e-02 9.983501496623226057e-01
5.166766766766767160e-02 9.975395849521042635e-01
5.168168168168168347e-02 9.967259039639144724e-01
5.169569569569569534e-02 9.959091086855271779e-01
5.170970970970971414e-02 9.950892011387862945e-01
5.172372372372372601e-02 9.942661833795872761e-01
5.173773773773773788e-02 9.934400574978526910e-01
5.175175175175175668e-02 9.926108256175159017e-01
5.176576576576576855e-02 9.917749715229203789e-01
5.177977977977978041e-02 9.909360060454437402e-01
5.179379379379379922e-02 9.900939526670556878e-01
5.180780780780781108e-02 9.892488136851391722e-01
5.182182182182182295e-02 9.884005914307184559e-01
5.183583583583584176e-02 9.875492882684316909e-01
5.184984984984985362e-02 9.866949065965048282e-01
5.186386386386386549e-02 9.858374488467214203e-01
5.187787787787787736e-02 9.849769174843936437e-01
5.189189189189189616e-02 9.841133150083313241e-01
5.190590590590590803e-02 9.832466439508115164e-01
5.191991991991991989e-02 9.823769068775461966e-01
5.193393393393393870e-02 9.815041063876476235e-01
5.194794794794795056e-02 9.806278275267836797e-01
5.196196196196196243e-02 9.797461935381708287e-01
5.197597597597598124e-02 9.788615133220512909e-01
5.198998998998999310e-02 9.779737896391151875e-01
5.200400400400400497e-02 9.770830252830736695e-01
5.201801801801802377e-02 9.761892230806175075e-01
5.203203203203203564e-02 9.752923858913830069e-01
5.204604604604604751e-02 9.743925166079060451e-01
5.206006006006005937e-02 9.734896181555833250e-01
5.207407407407407818e-02 9.725836934926314070e-01
5.208808808808809004e-02 9.716747456100414126e-01
5.210210210210210191e-02 9.707627775315367247e-01
5.211611611611612072e-02 9.698477923135278012e-01
5.213013013013013258e-02 9.689297930450679885e-01
5.214414414414414445e-02 9.680087828478050049e-01
5.215815815815816325e-02 9.670847648759354209e-01
5.217217217217217512e-02 9.661577423161572531e-01
5.218618618618618699e-02 9.652233111665927678e-01
5.220020020020020579e-02 9.642835622250476302e-01
5.221421421421421766e-02 9.633408424415050852e-01
5.222822822822822952e-02 9.623951551997755871e-01
5.224224224224224833e-02 9.614465039153756720e-01
5.225625625625626020e-02 9.604948920354789976e-01
5.227027027027027206e-02 9.595403230388567239e-01
5.228428428428428393e-02 9.585828004358225574e-01
5.229829829829830273e-02 9.576223277681771284e-01
5.231231231231231460e-02 9.566589086091525918e-01
5.232632632632632647e-02 9.556925465633484551e-01
5.234034034034034527e-02 9.547232452666791769e-01
5.235435435435435714e-02 9.537510083863109944e-01
5.236836836836836900e-02 9.527698927322825195e-01
5.238238238238238781e-02 9.517844674761837265e-01
5.239639639639639968e-02 9.507961450053679098e-01
5.241041041041041154e-02 9.498049291823333906e-01
5.242442442442442341e-02 9.488108238999052313e-01
5.243843843843844221e-02 9.478138330811661794e-01
5.245245245245245408e-02 9.468139606793927188e-01
5.246646646646646595e-02 9.458112106779853478e-01
5.248048048048048475e-02 9.448055870904009668e-01
5.249449449449449662e-02 9.437970939600881515e-01
5.250850850850850848e-02 9.427857353604119917e-01
5.252252252252252729e-02 9.417715153945876994e-01
5.253653653653653915e-02 9.407544381956092217e-01
5.255055055055055102e-02 9.397345079261757439e-01
5.256456456456456983e-02 9.387100658456176694e-01
5.257857857857858169e-02 9.376816650110265661e-01
5.259259259259259356e-02 9.366504344890489442e-01
5.260660660660661236e-02 9.356163785863104154e-01
5.262062062062062423e-02 9.345795016385319842e-01
5.263463463463463610e-02 9.335398080104490015e-01
5.264864864864864796e-02 9.324973020957370018e-01
5.266266266266266677e-02 9.314519883169318781e-01
5.267667667667667863e-02 9.304038711253554972e-01
5.269069069069069050e-02 9.293529550010311002e-01
5.270470470470470931e-02 9.282992444526075859e-01
5.271871871871872117e-02 9.272427440172783530e-01
5.273273273273273304e-02 9.261834582606981447e-01
5.274674674674675184e-02 9.251213917769020023e-01
5.276076076076076371e-02 9.240565491882265503e-01
5.277477477477477558e-02 9.229889351452207347e-01
5.278878878878879438e-02 9.219185543265646654e-01
5.280280280280280625e-02 9.208454114389865719e-01
5.281681681681681811e-02 9.197695112171764276e-01
5.283083083083082998e-02 9.186908584236983533e-01
5.284484484484484879e-02 9.176094578489060183e-01
5.285885885885886065e-02 9.165253143108567091e-01
5.287287287287287252e-02 9.154384326552196249e-01
5.288688688688689132e-02 9.143488177551902796e-01
5.290090090090090319e-02 9.132564745114025717e-01
5.291491491491491506e-02 9.121614078518339719e-01
5.292892892892893386e-02 9.110636227317202573e-01
5.294294294294294573e-02 9.099631241334623644e-01
5.295695695695695759e-02 9.088599170665350169e-01
5.297097097097097640e-02 9.077540065673925795e-01
5.298498498498498827e-02 9.066453976993800179e-01
5.299899899899900013e-02 9.055340955526359759e-01
5.301301301301301894e-02 9.044201052439992949e-01
5.302702702702703080e-02 9.033034319169159776e-01
5.304104104104104267e-02 9.021840807413412655e-01
5.305505505505505454e-02 9.010620569136452707e-01
5.306906906906907334e-02 8.999373656565161639e-01
5.308308308308308521e-02 8.988100122188628083e-01
5.309709709709709707e-02 8.976800018757162825e-01
5.311111111111111588e-02 8.965473399281319589e-01
5.312512512512512775e-02 8.954120317030922482e-01
5.313913913913913961e-02 8.942740825534045701e-01
5.315315315315315842e-02 8.931334978576009886e-01
5.316716716716717028e-02 8.919902830198397359e-01
5.318118118118118215e-02 8.908444434698029601e-01
5.319519519519519402e-02 8.896959846625938084e-01
5.320920920920921282e-02 8.885449120786350630e-01
5.322322322322322469e-02 8.873912312235671118e-01
5.323723723723723655e-02 8.862349476281421445e-01
5.325125125125125536e-02 8.850760668481191251e-01
5.326526526526526722e-02 8.839145944641667585e-01
5.327927927927927909e-02 8.827505360817471391e-01
5.329329329329329790e-02 8.815838973310173854e-01
5.330730730730730976e-02 8.804146838667231689e-01
5.332132132132132163e-02 8.792429013680883587e-01
5.333533533533534043e-02 8.780685555387093277e-01
5.334934934934935230e-02 8.768916521064500369e-01
5.336336336336336417e-02 8.757121968233281262e-01
5.337737737737738297e-02 8.745301954654101095e-01
5.339139139139139484e-02 8.733456538327012408e-01
5.340540540540540670e-02 8.721585777490347136e-01
5.341941941941942551e-02 8.709689730619611936e-01
5.343343343343343738e-02 8.697768456426392403e-01
5.344744744744744924e-02 8.685822013857231738e-01
5.346146146146146111e-02 8.673850462092496105e-01
5.347547547547547991e-02 8.661853860545278838e-01
5.348948948948949178e-02 8.649832268860259132e-01
5.350350350350350365e-02 8.637785746912567397e-01
5.351751751751752245e-02 8.625714354806635065e-01
5.353153153153153432e-02 8.613618152875087697e-01
5.354554554554554618e-02 8.601497201677559268e-01
5.355955955955956499e-02 8.589351561999546414e-01
5.357357357357357686e-02 8.577181294851293769e-01
5.358758758758758872e-02 8.564986461469316081e-01
5.360160160160160059e-02 8.552767123304289010e-01
5.361561561561561939e-02 8.540523342036347998e-01
5.362962962962963126e-02 8.528255179562934662e-01
5.364364364364364313e-02 8.515962698000337783e-01
5.365765765765766193e-02 8.503645959682538669e-01
5.367167167167167380e-02 8.491305027160033214e-01
5.368568568568568566e-02 8.478939963198601770e-01
5.369969969969970447e-02 8.466550830780910086e-01
5.371371371371371634e-02 8.454137693094229133e-01
5.372772772772772820e-02 8.441700613545842780e-01
5.374174174174174701e-02 8.429239655750756510e-01
5.375575575575575887e-02 8.416754883533306142e-01
5.376976976976977074e-02 8.404246360925854420e-01
5.378378378378378954e-02 8.391714152167637497e-01
5.379779779779780141e-02 8.379158321703534806e-01
5.381181181181181328e-02 8.366578934182810068e-01
5.382582582582582514e-02 8.353976054457918909e-01
5.383983983983984395e-02 8.341349747583244323e-01
5.385385385385385582e-02 8.328700078813896512e-01
5.386786786786786768e-02 8.316027113604427257e-01
5.388188188188188649e-02 8.303330917607614214e-01
5.389589589589589835e-02 8.290611556673204152e-01
5.390990990990991022e-02 8.277869096846668384e-01
5.392392392392392902e-02 8.265103604367933787e-01
5.393793793793794089e-02 8.252315145670147123e-01
5.395195195195195276e-02 8.239503787378387178e-01
5.396596596596596462e-02 8.226669596308413546e-01
5.397997997997998343e-02 8.213812639465404297e-01
5.399399399399399530e-02 8.200932984042679230e-01
5.400800800800800716e-02 8.188030697420428661e-01
5.402202202202202597e-02 8.175105847164413353e-01
5.403603603603603783e-02 8.162158501024741053e-01
5.405005005005004970e-02 8.149188726934515348e-01
5.406406406406406850e-02 8.136196593008596656e-01
5.407807807807808037e-02 8.123182167542311038e-01
5.409209209209209224e-02 8.110145519010114601e-01
5.410610610610611104e-02 8.097086716064361145e-01
5.412012012012012291e-02 8.084005827533971011e-01
5.413413413413413477e-02 8.070902922423137671e-01
5.414814814814815358e-02 8.057778069910016550e-01
5.416216216216216545e-02 8.044631339345434951e-01
5.417617617617617731e-02 8.031462800251591982e-01
5.419019019019019612e-02 8.018272522320711859e-01
5.420420420420420798e-02 8.005060575413796009e-01
5.421821821821821985e-02 7.991827029559235296e-01
5.423223223223223172e-02 7.978571954951545475e-01
5.424624624624625052e-02 7.965295421950030486e-01
5.426026026026026239e-02 7.951997501077477937e-01
5.427427427427427425e-02 7.938678263018804637e-01
5.428828828828829306e-02 7.925337778619749862e-01
5.430230230230230493e-02 7.911976118885580833e-01
5.431631631631631679e-02 7.898593354979694947e-01
5.433033033033033560e-02 7.885189558222333028e-01
5.434434434434434746e-02 7.871764800089274816e-01
5.435835835835835933e-02 7.858319152210431202e-01
5.437237237237237120e-02 7.844852686368563033e-01
5.438638638638639000e-02 7.831365474497924417e-01
5.440040040040040187e-02 7.817857588682946002e-01
5.441441441441441373e-02 7.804329101156848303e-01
5.442842842842843254e-02 7.790780084300334973e-01
5.444244244244244441e-02 7.777210610640259425e-01
5.445645645645645627e-02 7.763620752848238160e-01
5.447047047047047508e-02 7.750010583739316283e-01
5.448448448448448694e-02 7.736380176270667430e-01
5.449849849849849881e-02 7.722729603540176013e-01
5.451251251251251762e-02 7.709058938785114945e-01
5.452652652652652948e-02 7.695368255380822253e-01
5.454054054054054135e-02 7.681657626839289987e-01
5.455455455455456015e-02 7.667927126807844163e-01
5.456856856856857202e-02 7.654176829067820265e-01
5.458258258258258389e-02 7.640406807533136613e-01
5.459659659659660269e-02 7.626617136248984297e-01
5.461061061061061456e-02 7.612807889390470484e-01
5.462462462462462642e-02 7.598979141261235082e-01
5.463863863863863829e-02 7.585130966292101817e-01
5.465265265265265709e-02 7.571263439039732646e-01
5.466666666666666896e-02 7.557376634185249964e-01
5.468068068068068083e-02 7.543470626532881029e-01
5.469469469469469963e-02 7.529545491008580171e-01
5.470870870870871150e-02 7.515601302658707628e-01
5.472272272272272337e-02 7.501638136648607347e-01
5.473673673673673523e-02 7.487656068261295816e-01
5.475075075075075404e-02 7.473655172896068732e-01
5.476476476476476590e-02 7.459635526067154299e-01
5.477877877877877777e-02 7.445597203402330999e-01
5.479279279279279657e-02 7.431540280641556473e-01
5.480680680680680844e-02 7.417464833635650789e-01
5.482082082082082031e-02 7.403370938344882024e-01
5.483483483483483911e-02 7.389258670837592913e-01
5.484884884884885098e-02 7.375128107288912993e-01
5.486286286286286284e-02 7.360979323979287559e-01
5.487687687687688165e-02 7.346812397293183139e-01
5.489089089089089352e-02 7.332627403717721926e-01
5.490490490490490538e-02 7.318424419841276229e-01
5.491891891891892419e-02 7.304203522352128441e-01
5.493293293293293605e-02 7.289964788037134324e-01
5.494694694694694792e-02 7.275708293780296376e-01
5.496096096096096673e-02 7.261434116561440444e-01
5.497497497497497859e-02 7.247142333454869023e-01
5.498898898898899046e-02 7.232833021627953496e-01
5.500300300300300232e-02 7.218506258339798531e-01
5.501701701701702113e-02 7.204162120939874292e-01
5.503103103103103300e-02 7.189800686866686386e-01
5.504504504504504486e-02 7.175422033646353670e-01
5.505905905905906367e-02 7.161026238891281537e-01
5.507307307307307553e-02 7.146613380298839635e-01
5.508708708708708740e-02 7.132183535649938566e-01
5.510110110110110621e-02 7.117736782810945018e-01
5.511511511511511807e-02 7.103273199719382092e-01
5.512912912912912994e-02 7.088792864401985971e-01
5.514314314314314180e-02 7.074295854960392926e-01
5.515715715715716061e-02 7.059782249573044455e-01
5.517117117117117248e-02 7.045252126493848355e-01
5.518518518518518434e-02 7.030705564050770962e-01
5.519919919919920315e-02 7.016142640644533746e-01
5.521321321321321501e-02 7.001563434747284376e-01
5.522722722722722688e-02 6.986968024901182295e-01
5.524124124124124569e-02 6.972356489717107531e-01
5.525525525525525755e-02 6.957728907873327318e-01
5.526926926926926942e-02 6.943085358114082783e-01
5.528328328328328822e-02 6.928425919248315523e-01
5.529729729729730009e-02 6.913750670148320898e-01
5.531131131131131196e-02 6.899059689748374691e-01
5.532532532532533076e-02 6.884353057046741498e-01
5.533933933933934263e-02 6.869630851091071966e-01
5.535335335335335449e-02 6.854893150996953510e-01
5.536736736736737330e-02 6.840140035933337526e-01
5.538138138138138516e-02 6.825371585124524465e-01
5.539539539539539703e-02 6.810587877848801597e-01
5.540940940940940890e-02 6.795788993437161807e-01
5.542342342342342770e-02 6.780975011271956898e-01
5.543743743743743957e-02 6.766146010785586418e-01
5.545145145145145144e-02 6.751302071459187593e-01
5.546546546546547024e-02 6.736443272821271977e-01
5.547947947947948211e-02 6.721569694446490884e-01
5.549349349349349397e-02 6.706681415954242054e-01
5.550750750750751278e-02 6.691778517007412885e-01
5.552152152152152464e-02 6.676861077311065928e-01
5.553553553553553651e-02 6.661929176611111059e-01
5.554954954954954838e-02 6.646982894693016508e-01
5.556356356356356718e-02 6.632022311383918289e-01
5.557757757757757905e-02 6.617047506537695467e-01
5.559159159159159092e-02 6.602058560054122616e-01
5.560560560560560972e-02 6.587055551863904013e-01
5.561961961961962159e-02 6.572038561930894085e-01
5.563363363363363345e-02 6.557007670250687426e-01
5.564764764764765226e-02 6.541962956849407540e-01
5.566166166166166412e-02 6.526904501782427870e-01
5.567567567567567599e-02 6.511832385133062839e-01
5.568968968968969480e-02 6.496746687011287769e-01
5.570370370370370666e-02 6.481647487552535392e-01
5.571771771771771853e-02 6.466534866916321400e-01
5.573173173173173733e-02 6.451408905285058726e-01
5.574574574574574920e-02 6.436269682862765240e-01
5.575975975975976107e-02 6.421117279873812533e-01
5.577377377377377987e-02 6.405951776561639166e-01
5.578778778778779174e-02 6.390773253187561620e-01
5.580180180180180360e-02 6.375581790029437590e-01
5.581581581581581547e-02 6.360377467380506911e-01
5.582982982982983428e-02 6.345160365548063730e-01
5.584384384384384614e-02 6.329930564852302988e-01
5.585785785785785801e-02 6.314688145625015903e-01
5.587187187187187681e-02 6.299433188208362067e-01
5.588588588588588868e-02 6.284165772953709261e-01
5.589989989989990055e-02 6.268885980220310072e-01
5.591391391391391241e-02 6.253593890374157249e-01
5.592792792792793122e-02 6.238289583786704728e-01
5.594194194194194308e-02 6.222973140833722994e-01
5.595595595595595495e-02 6.207644641894017878e-01
5.596996996996997376e-02 6.192304167348261501e-01
5.598398398398398562e-02 6.176951797577791003e-01
5.599799799799799749e-02 6.161587612963397298e-01
5.601201201201201629e-02 6.146211693884121585e-01
5.602602602602602816e-02 6.130824120716101833e-01
5.604004004004004003e-02 6.115424973831338207e-01
5.605405405405405883e-02 6.100014333596532889e-01
5.606806806806807070e-02 6.084592280371925455e-01
5.608208208208208256e-02 6.069158894510110480e-01
5.609609609609610137e-02 6.053714256354830736e-01
5.611011011011011324e-02 6.038258446239888055e-01
5.612412412412412510e-02 6.022791544487897664e-01
5.613813813813814391e-02 6.007313631409181287e-01
5.615215215215215577e-02 5.991824787300624733e-01
5.616616616616616764e-02 5.976325092444491061e-01
5.618018018018017951e-02 5.960814627107305919e-01
5.619419419419419831e-02 5.945293471538694030e-01
5.620820820820821018e-02 5.929761705970293395e-01
5.622222222222222204e-02 5.914219410614564021e-01
5.623623623623624085e-02 5.898666665663705455e-01
5.625025025025025271e-02 5.883103551288541011e-01
5.626426426426426458e-02 5.867530147637363136e-01
5.627827827827828339e-02 5.851946534834866487e-01
5.629229229229229525e-02 5.836352792981031046e-01
5.630630630630630712e-02 5.820749002150006346e-01
5.632032032032031899e-02 5.805135242389026784e-01
5.633433433433433779e-02 5.789511593717335813e-01
5.634834834834834966e-02 5.773878136125097926e-01
5.636236236236236152e-02 5.758234949572297312e-01
5.637637637637638033e-02 5.742582113987672043e-01
5.639039039039039219e-02 5.726919709267691561e-01
5.640440440440440406e-02 5.711247815275416473e-01
5.641841841841842287e-02 5.695566511839498247e-01
5.643243243243243473e-02 5.679875878753128937e-01
5.644644644644644660e-02 5.664175995772948724e-01
5.646046046046046540e-02 5.648466942618033393e-01
5.647447447447447727e-02 5.632748798968888471e-01
5.648848848848848914e-02 5.617021644466368979e-01
5.650250250250250794e-02 5.601285558710678014e-01
5.651651651651651981e-02 5.585540621260371985e-01
5.653053053053053167e-02 5.569786911631299242e-01
5.654454454454455048e-02 5.554024509295629741e-01
5.655855855855856235e-02 5.538253493680864725e-01
5.657257257257257421e-02 5.522473944168808657e-01
5.658658658658658608e-02 5.506685940094609988e-01
5.660060060060060488e-02 5.490889560745751963e-01
5.661461461461461675e-02 5.475084885361126696e-01
5.662862862862862862e-02 5.459271993130009326e-01
5.664264264264264742e-02 5.443450963191125425e-01
5.665665665665665929e-02 5.427621874631701759e-01
5.667067067067067115e-02 5.411784806490383959e-01
5.668468468468468302e-02 5.395939837740760803e-01
5.669869869869870183e-02 5.380087047313734105e-01
5.671271271271271369e-02 5.364226514081075203e-01
5.672672672672672556e-02 5.348358316858335959e-01
5.674074074074074436e-02 5.332482534403976127e-01
5.675475475475475623e-02 5.316599245422378717e-01
5.676876876876876810e-02 5.300708528547214415e-01
5.678278278278278690e-02 5.284810462364105677e-01
5.679679679679679877e-02 5.268905125394101052e-01
5.681081081081081063e-02 5.252992596096612843e-01
5.682482482482482944e-02 5.237072952868628839e-01
5.683883883883884131e-02 5.221146274043804159e-01
5.685285285285285317e-02 5.205212637891624139e-01
5.686686686686687198e-02 5.189272122616520599e-01
5.688088088088088384e-02 5.173324806357085803e-01
5.689489489489489571e-02 5.157370767185165406e-01
5.690890890890891451e-02 5.141410083105076856e-01
5.692292292292292638e-02 5.125442832052783393e-01
5.693693693693693825e-02 5.109469091895072479e-01
5.695095095095095011e-02 5.093488940428730904e-01
5.696496496496496892e-02 5.077502455379789836e-01
5.697897897897898079e-02 5.061509714402717686e-01
5.699299299299299265e-02 5.045510795079615196e-01
5.700700700700701146e-02 5.029505774923526129e-01
5.702102102102102332e-02 5.013494731361464174e-01
5.703503503503503519e-02 4.997477741757938019e-01
5.704904904904905399e-02 4.981454883398019340e-01
5.706306306306306586e-02 4.965426233490684016e-01
5.707707707707707773e-02 4.949391869168019986e-01
5.709109109109108959e-02 4.933351867484544462e-01
5.710510510510510840e-02 4.917306305416480061e-01
5.711911911911912026e-02 4.901255259861086455e-01
5.713313313313313213e-02 4.885198807635903751e-01
5.714714714714715094e-02 4.869137025478101344e-01
5.716116116116116280e-02 4.853069990043831772e-01
5.717517517517517467e-02 4.836997777907509066e-01
5.718918918918919347e-02 4.820920465561172596e-01
5.720320320320320534e-02 4.804838129413875336e-01
5.721721721721721721e-02 4.788750845790989419e-01
5.723123123123123601e-02 4.772658690933611614e-01
5.724524524524524788e-02 4.756561740997954368e-01
5.725925925925925974e-02 4.740460072054722973e-01
5.727327327327327855e-02 4.724353760088504939e-01
5.728728728728729042e-02 4.708242880997237645e-01
5.730130130130130228e-02 4.692127510591562189e-01
5.731531531531532109e-02 4.676007724594299919e-01
5.732932932932933295e-02 4.659883598639911195e-01
5.734334334334334482e-02 4.643755208273929180e-01
5.735735735735735669e-02 4.627622628952411943e-01
5.737137137137137549e-02 4.611485936041454514e-01
5.738538538538538736e-02 4.595345204816690399e-01
5.739939939939939922e-02 4.579200510462739238e-01
5.741341341341341803e-02 4.563051928072762720e-01
5.742742742742742990e-02 4.546899532648008835e-01
5.744144144144144176e-02 4.530743399097291735e-01
5.745545545545545363e-02 4.514583602236592608e-01
5.746946946946947243e-02 4.498420216788595605e-01
5.748348348348348430e-02 4.482253317382294822e-01
5.749749749749749617e-02 4.466082978552543548e-01
5.751151151151151497e-02 4.449909274739674014e-01
5.752552552552552684e-02 4.433732280293478656e-01
5.753953953953953870e-02 4.417552069455435992e-01
5.755355355355355751e-02 4.401368716384397306e-01
5.756756756756756938e-02 4.385182295138945197e-01
5.758158158158158124e-02 4.368992879681307673e-01
5.759559559559560005e-02 4.352800543877111128e-01
5.760960960960961191e-02 4.336605361495078914e-01
5.762362362362362378e-02 4.320407406206697720e-01
5.763763763763764258e-02 4.304206751585977764e-01
5.765165165165165445e-02 4.288003471109236298e-01
5.766566566566566632e-02 4.271797638154772869e-01
5.767967967967968512e-02 4.255589326002703343e-01
5.769369369369369699e-02 4.239378607834761725e-01
5.770770770770770886e-02 4.223165556734065351e-01
5.772172172172172766e-02 4.206950245684959455e-01
5.773573573573573953e-02 4.190732747577351480e-01
5.774974974974975139e-02 4.174513135188656077e-01
5.776376376376376326e-02 4.158291481210524276e-01
5.777777777777778206e-02 4.142067858230821242e-01
5.779179179179179393e-02 4.125842338738067161e-01
5.780580580580580580e-02 4.109614995121311232e-01
5.781981981981981766e-02 4.093385899670112238e-01
5.783383383383383647e-02 4.077155124574501910e-01
5.784784784784784833e-02 4.060922741925009349e-01
5.786186186186186020e-02 4.044688823712606074e-01
5.787587587587587901e-02 4.028453441828791504e-01
5.788988988988989087e-02 4.012216668065645142e-01
5.790390390390390274e-02 3.995978574115860993e-01
5.791791791791792154e-02 3.979739231572878566e-01
5.793193193193193341e-02 3.963498711931013885e-01
5.794594594594594528e-02 3.947257086585544972e-01
5.795995995995996408e-02 3.931014426832930564e-01
5.797397397397397595e-02 3.914770803870995519e-01
5.798798798798798781e-02 3.898526288799106232e-01
5.800200200200200662e-02 3.882280952618443193e-01
5.801601601601601849e-02 3.866034866232256340e-01
5.803003003003003035e-02 3.849788100450805550e-01
5.804404404404404916e-02 3.833540725973070273e-01
5.805805805805806102e-02 3.817292813415013586e-01
5.807207207207207289e-02 3.801044433291325131e-01
5.808608608608609170e-02 3.784795656020489840e-01
5.810010010010010356e-02 3.768546551925227583e-01
5.811411411411411543e-02 3.752297191232928930e-01
5.812812812812813423e-02 3.736047644076150309e-01
5.814214214214214610e-02 3.719797980493174672e-01
5.815615615615615797e-02 3.703548270428502209e-01
5.817017017017016983e-02 3.687298583733489288e-01
5.818418418418418864e-02 3.671048990166937975e-01
5.819819819819820050e-02 3.654799559395787711e-01
5.821221221221221237e-02 3.638550360995762012e-01
5.822622622622622424e-02 3.622301464452121200e-01
5.824024024024024304e-02 3.606052939165218518e-01
5.825425425425425491e-02 3.589804854432168124e-01
5.826826826826826677e-02 3.573557279476369808e-01
5.828228228228228558e-02 3.557310283429260811e-01
5.829629629629629745e-02 3.541063935340894031e-01
5.831031031031030931e-02 3.524818304161554949e-01
5.832432432432432812e-02 3.508573458771720444e-01
5.833833833833833998e-02 3.492329467963886658e-01
5.835235235235235185e-02 3.476086400448417102e-01
5.836636636636637065e-02 3.459844324854725595e-01
5.838038038038038252e-02 3.443603309732495288e-01
5.839439439439439439e-02 3.427363423552899357e-01
5.840840840840841319e-02 3.411124734709905515e-01
5.842242242242242506e-02 3.394887311521673223e-01
5.843643643643643693e-02 3.378651222236831453e-01
5.845045045045045573e-02 3.362416535016282126e-01
5.846446446446446760e-02 3.346183317964281922e-01
5.847847847847847946e-02 3.329951639110297901e-01
5.849249249249249827e-02 3.313721566415587794e-01
5.850650650650651013e-02 3.297493167774948608e-01
5.852052052052052200e-02 3.281266511018439691e-01
5.853453453453454081e-02 3.265041663913247350e-01
5.854854854854855267e-02 3.248818694165631626e-01
5.856256256256256454e-02 3.232597669422848097e-01
5.857657657657657641e-02 3.216378657275258957e-01
5.859059059059058827e-02 3.200161725258445777e-01
5.860460460460460708e-02 3.183946940855423291e-01
5.861861861861861894e-02 3.167734371498984736e-01
5.863263263263263081e-02 3.151524084573988915e-01
5.864664664664664961e-02 3.135316147419889843e-01
5.866066066066066148e-02 3.119110627333310237e-01
5.867467467467467335e-02 3.102907591570650547e-01
5.868868868868869215e-02 3.086707107350826207e-01
5.870270270270270402e-02 3.070509241858166427e-01
5.871671671671671588e-02 3.054314062245307437e-01
5.873073073073073469e-02 3.038121635636267248e-01
5.874474474474474656e-02 3.021932029129611452e-01
5.875875875875875842e-02 3.005745309801712839e-01
5.877277277277277723e-02 2.989561544710144791e-01
5.878678678678678909e-02 2.973380800902384324e-01
5.880080080080080096e-02 2.957203145398763500e-01
5.881481481481481977e-02 2.941028645227211635e-01
5.882882882882883163e-02 2.924857367406570874e-01
5.884284284284284350e-02 2.908689378955697236e-01
5.885685685685686230e-02 2.892524746897732757e-01
5.887087087087087417e-02 2.876363538264419262e-01
5.888488488488488604e-02 2.860205820100558127e-01
5.889889889889890484e-02 2.844051659468684323e-01
5.891291291291291671e-02 2.827901123453909760e-01
5.892692692692692857e-02 2.811754279168854898e-01
5.894094094094094044e-02 2.795611193758886781e-01
5.895495495495495925e-02 2.779471934407407030e-01
5.896896896896897111e-02 2.763336568341480670e-01
5.898298298298298298e-02 2.747205162837514925e-01
5.899699699699699484e-02 2.731077785227252752e-01
5.901101101101101365e-02 2.714954502903951239e-01
5.902502502502502552e-02 2.698835383328792026e-01
5.903903903903903738e-02 2.682720494037481029e-01
5.905305305305305619e-02 2.666609902647152919e-01
5.906706706706706805e-02 2.650503676863525393e-01
5.908108108108107992e-02 2.634401884488242751e-01
5.909509509509509873e-02 2.618304593426581395e-01
5.910910910910911059e-02 2.602211871695412904e-01
5.912312312312312246e-02 2.586123787431416909e-01
5.913713713713714126e-02 2.570040408899660900e-01
5.915115115115115313e-02 2.553961804502521971e-01
5.916516516516516500e-02 2.537888042788827847e-01
5.917917917917918380e-02 2.521819192463472525e-01
5.919319319319319567e-02 2.505755322397363871e-01
5.920720720720720753e-02 2.489696501637680692e-01
5.922122122122122634e-02 2.473642799418616367e-01
5.923523523523523820e-02 2.457594285172516602e-01
5.924924924924925007e-02 2.441551028541371349e-01
5.926326326326326888e-02 2.425513099388873217e-01
5.927727727727728074e-02 2.409480567812868346e-01
5.929129129129129261e-02 2.393453504158314649e-01
5.930530530530531141e-02 2.377431979030760478e-01
5.931931931931932328e-02 2.361416063310375069e-01
5.933333333333333515e-02 2.345405828166476914e-01
5.934734734734734701e-02 2.329401345072744656e-01
5.936136136136136582e-02 2.313402685822935345e-01
5.937537537537537768e-02 2.297409922547353212e-01
5.938938938938938955e-02 2.281423127729869382e-01
5.940340340340340142e-02 2.265442374225755118e-01
5.941741741741742022e-02 2.249467735280182845e-01
5.943143143143143209e-02 2.233499284547520725e-01
5.944544544544544395e-02 2.217537096111432127e-01
5.945945945945946276e-02 2.201581244505805834e-01
5.947347347347347463e-02 2.185631804736632433e-01
5.948748748748748649e-02 2.169688852304707816e-01
5.950150150150150530e-02 2.153752463229419434e-01
5.951551551551551716e-02 2.137822714073507602e-01
5.952952952952952903e-02 2.121899681968894835e-01
5.954354354354354784e-02 2.105983444643652058e-01
5.955755755755755970e-02 2.090074080450207705e-01
5.957157157157157157e-02 2.074171668394704793e-01
5.958558558558559037e-02 2.058276288167750490e-01
5.959959959959960224e-02 2.042388020176560126e-01
5.961361361361361411e-02 2.026506945578445962e-01
5.962762762762763291e-02 2.010633146315965181e-01
5.964164164164164478e-02 1.994766705153618036e-01
5.965565565565565664e-02 1.978907705716225762e-01
5.966966966966967545e-02 1.963056232529125644e-01
5.968368368368368732e-02 1.947212371060297320e-01
5.969769769769769918e-02 1.931376207764364528e-01
5.971171171171171105e-02 1.915547830128800366e-01
5.972572572572572985e-02 1.899727326722281118e-01
5.973973973973974172e-02 1.883914787245483113e-01
5.975375375375375359e-02 1.868110302584162774e-01
5.976776776776776545e-02 1.852313964865076878e-01
5.978178178178178426e-02 1.836525867514462451e-01
5.979579579579579612e-02 1.820746105319630548e-01
5.980980980980980799e-02 1.804974774493443845e-01
5.982382382382382680e-02 1.789211972742246193e-01
5.983783783783783866e-02 1.773457799337189722e-01
5.985185185185185053e-02 1.757712355189232356e-01
5.986586586586586933e-02 1.741975742928003335e-01
5.987987987987988120e-02 1.726248066984921170e-01
5.989389389389389307e-02 1.710529433680539335e-01
5.990790790790791187e-02 1.694819951316674234e-01
5.992192192192192374e-02 1.679119730273431754e-01
5.993593593593593560e-02 1.663428883111497392e-01
5.994994994994995441e-02 1.647747524680005793e-01
5.996396396396396627e-02 1.632075772230427158e-01
5.997797797797797814e-02 1.616413745536676716e-01
5.999199199199199695e-02 1.600761567022087328e-01
6.000600600600600881e-02 1.585119361893518319e-01
6.002002002002002068e-02 1.569487258283116804e-01
6.003403403403403948e-02 1.553865387398290498e-01
6.004804804804805135e-02 1.538253883680454348e-01
6.006206206206206322e-02 1.522652884972991727e-01
6.007607607607608202e-02 1.507062532699296187e-01
6.009009009009009389e-02 1.491482972051470235e-01
6.010410410410410575e-02 1.475914352190344503e-01
6.011811811811811762e-02 1.460356826457842039e-01
6.013213213213213643e-02 1.444810552602339149e-01
6.014614614614614829e-02 1.429275693018153826e-01
6.016016016016016016e-02 1.413752414999987495e-01
6.017417417417417203e-02 1.398240891013669551e-01
6.018818818818819083e-02 1.382741298984165312e-01
6.020220220220220270e-02 1.367253822602356728e-01
6.021621621621621456e-02 1.351778651651843188e-01
6.023023023023023337e-02 1.336315982357432486e-01
6.024424424424424523e-02 1.320866017756969768e-01
6.025825825825825710e-02 1.305428968098228670e-01
6.027227227227227591e-02 1.290005051263001246e-01
6.028628628628628777e-02 1.274594493220500280e-01
6.030030030030029964e-02 1.259197528512342179e-01
6.031431431431431844e-02 1.243814400771884460e-01
6.032832832832833031e-02 1.228445363280616653e-01
6.034234234234234218e-02 1.213090679564672453e-01
6.035635635635636098e-02 1.197750624034997907e-01
6.037037037037037285e-02 1.182425482674798606e-01
6.038438438438438471e-02 1.167115553778279718e-01
6.039839839839840352e-02 1.151821148745337253e-01
6.041241241241241539e-02 1.136542592937050400e-01
6.042642642642642725e-02 1.121268402647520590e-01
6.044044044044044606e-02 1.106009632310678420e-01
6.045445445445445792e-02 1.090737369055826411e-01
6.046846846846846979e-02 1.075474598236514229e-01
6.048248248248248859e-02 1.060204069809713850e-01
6.049649649649650046e-02 1.044952377861407961e-01
6.051051051051051233e-02 1.029707979211240826e-01
6.052452452452452419e-02 1.014479187479385702e-01
6.053853853853853606e-02 9.992597296496007198e-02
6.055255255255255487e-02 9.840419191326681136e-02
6.056656656656656673e-02 9.688379857922208016e-02
6.058058058058057860e-02 9.536358870394463783e-02
6.059459459459459740e-02 9.384510620653943591e-02
6.060860860860860927e-02 9.232908052781101105e-02
6.062262262262262114e-02 9.081379237478814925e-02
6.063663663663663994e-02 8.929921625264022889e-02
6.065065065065065181e-02 8.778509656094737879e-02
6.066466466466466367e-02 8.627236181638793522e-02
6.067867867867868248e-02 8.476206969566719984e-02
6.069269269269269435e-02 8.325379686267334045e-02
6.070670670670670621e-02 8.174874684575443584e-02
6.072072072072072502e-02 8.024705037450588496e-02
6.073473473473473688e-02 7.874884743618408567e-02
6.074874874874874875e-02 7.724966092512081106e-02
6.076276276276276755e-02 7.574865580941764209e-02
6.077677677677677942e-02 7.425145498304293323e-02
6.079079079079079129e-02 7.275846330824607688e-02
6.080480480480481009e-02 7.126988449533032399e-02
6.081881881881882196e-02 6.978423459625307523e-02
6.083283283283283382e-02 6.830345306078292045e-02
6.084684684684685263e-02 6.682780077163175125e-02
6.086086086086086450e-02 6.535740259624120418e-02
6.087487487487487636e-02 6.388628423676412371e-02
6.088888888888888823e-02 6.241719921269179433e-02
6.090290290290290703e-02 6.095447596954539637e-02
6.091691691691691890e-02 5.949850447486583482e-02
6.093093093093093077e-02 5.804971117800310915e-02
6.094494494494494263e-02 5.660856317910375329e-02
6.095895895895896144e-02 5.517557294051898820e-02
6.097297297297297330e-02 5.375130361609830459e-02
6.098698698698698517e-02 5.233120247944298559e-02
6.100100100100100398e-02 5.091931172053974081e-02
6.101501501501501584e-02 4.951436543470320167e-02
6.102902902902902771e-02 4.811449573674977942e-02
6.104304304304304651e-02 4.672684008296047742e-02
6.105705705705705838e-02 4.535240420631363178e-02
6.107107107107107025e-02 4.399230774486060508e-02
6.108508508508508905e-02 4.264779896841734003e-02
6.109909909909910092e-02 4.132027141381094948e-02
6.111311311311311278e-02 4.001128260021475508e-02
6.112712712712713159e-02 3.872257496694604673e-02
6.114114114114114346e-02 3.744685121692513385e-02
6.115515515515515532e-02 3.619198529302360828e-02
6.116916916916917413e-02 3.496346900796291207e-02
6.118318318318318599e-02 3.376401235652953803e-02
6.119719719719719786e-02 3.259665056829878088e-02
6.121121121121121667e-02 3.145605574275966987e-02
6.122522522522522853e-02 3.034659269601945250e-02
6.123923923923924040e-02 2.927974114333110195e-02
6.125325325325325920e-02 2.826011679397433252e-02
6.126726726726727107e-02 2.729279456748895383e-02
6.128128128128128294e-02 2.638330117027512869e-02
6.129529529529529480e-02 2.553758100978436099e-02
6.130930930930931361e-02 2.475705529181913139e-02
6.132332332332332547e-02 2.404166596875581541e-02
6.133733733733733734e-02 2.340871755545187796e-02
6.135135135135134921e-02 2.286478422726832133e-02
6.136536536536536801e-02 2.241606750286838715e-02
6.137937937937937988e-02 2.206809199139394759e-02
6.139339339339339174e-02 2.182538866478169262e-02
6.140740740740741055e-02 2.169120104014776382e-02
6.142142142142142242e-02 2.166171076451641961e-02
6.143543543543543428e-02 2.161853360461693865e-02
6.144944944944945309e-02 2.154482981915758696e-02
6.146346346346346495e-02 2.149232170140773571e-02
6.147747747747747682e-02 2.155384023934597132e-02
6.149149149149149562e-02 2.171521531808521394e-02
6.150550550550550749e-02 2.197866716795070924e-02
6.151951951951951936e-02 2.234836798223260174e-02
6.153353353353353816e-02 2.281896166693250447e-02
6.154754754754755003e-02 2.338416899609734728e-02
6.156156156156156189e-02 2.403713214071076520e-02
6.157557557557558070e-02 2.477073233464965191e-02
6.158958958958959257e-02 2.557785715930582446e-02
6.160360360360360443e-02 2.645160693700025073e-02
6.161761761761762324e-02 2.738544020620608047e-02
6.163163163163163510e-02 2.837326504754530965e-02
6.164564564564564697e-02 2.939667661918663952e-02
6.165965965965965884e-02 3.045732875985814395e-02
6.167367367367367764e-02 3.154988949231399969e-02
6.168768768768768951e-02 3.267084592012948346e-02
6.170170170170170137e-02 3.382415713839313082e-02
6.171571571571571324e-02 3.500648219088670771e-02
6.172972972972973205e-02 3.621484054378378697e-02
6.174374374374374391e-02 3.744657724134455024e-02
6.175775775775775578e-02 3.869932914143567326e-02
6.177177177177177458e-02 3.997099316656864409e-02
6.178578578578578645e-02 4.125969706869475617e-02
6.179979979979979832e-02 4.256377290874004821e-02
6.181381381381381712e-02 4.388173325853382545e-02
6.182782782782782899e-02 4.521225001377467828e-02
6.184184184184184085e-02 4.654714329344708523e-02
6.185585585585585966e-02 4.788740897080961956e-02
6.186986986986987153e-02 4.922649241382962698e-02
6.188388388388388339e-02 5.057115746460769112e-02
6.189789789789790220e-02 5.192394391572879159e-02
6.191191191191191406e-02 5.328413140684119809e-02
6.192592592592592593e-02 5.465106784724722833e-02
6.193993993993994474e-02 5.602416195862920667e-02
6.195395395395395660e-02 5.740287670491171779e-02
6.196796796796796847e-02 5.878672350057011914e-02
6.198198198198198727e-02 6.017525710121883475e-02
6.199599599599599914e-02 6.156473592295647057e-02
6.201001001001001101e-02 6.295286784510935318e-02
6.202402402402402981e-02 6.434019052446963982e-02
6.203803803803804168e-02 6.572915667305061216e-02
6.205205205205205354e-02 6.712114703811172811e-02
6.206606606606606541e-02 6.851589589208381681e-02
6.208008008008008421e-02 6.991315822359847609e-02
6.209409409409409608e-02 7.131270780454439240e-02
6.210810810810810795e-02 7.271433546231872991e-02
6.212212212212211981e-02 7.411266744715087895e-02
6.213613613613613862e-02 7.551044460819483772e-02
6.215015015015015049e-02 7.690309027498323791e-02
6.216416416416416235e-02 7.829709637671686262e-02
6.217817817817818116e-02 7.969232127191844262e-02
6.219219219219219302e-02 8.108863291531388795e-02
6.220620620620620489e-02 8.248590806638469997e-02
6.222022022022022369e-02 8.388403157325445558e-02
6.223423423423423556e-02 8.527693161090595109e-02
6.224824824824824743e-02 8.666925154903362682e-02
6.226226226226226623e-02 8.806208788925613817e-02
6.227627627627627810e-02 8.945083947725190887e-02
6.229029029029028997e-02 9.083745793638547950e-02
6.230430430430430877e-02 9.222431449954840432e-02
6.231831831831832064e-02 9.361041247598538007e-02
6.233233233233233250e-02 9.499457338931716066e-02
6.234634634634635131e-02 9.637875891580847953e-02
6.236036036036036317e-02 9.776200342879605432e-02
6.237437437437437504e-02 9.914178638537111954e-02
6.238838838838839385e-02 1.005204527715177626e-01
6.240240240240240571e-02 1.018979871077907162e-01
6.241641641641641758e-02 1.032737201870209259e-01
6.243043043043042944e-02 1.046487986251669333e-01
6.244444444444444825e-02 1.060207540923058661e-01
6.245845845845846012e-02 1.073922982884059074e-01
6.247247247247247198e-02 1.087633972617639139e-01
6.248648648648648385e-02 1.101340187141765931e-01
6.250050050050050265e-02 1.115041318989143104e-01
6.251451451451452146e-02 1.128737075261279921e-01
6.252852852852852639e-02 1.142427176750845513e-01
6.254254254254254519e-02 1.156111357126605177e-01
6.255655655655656400e-02 1.169789362175758934e-01
6.257057057057056892e-02 1.183460949099245652e-01
6.258458458458458773e-02 1.197125885855715721e-01
6.259859859859859266e-02 1.210783950550111815e-01
6.261261261261261146e-02 1.224434930863842613e-01
6.262662662662663027e-02 1.238078623522775729e-01
6.264064064064064907e-02 1.251714833800645355e-01
6.265465465465465400e-02 1.265343375054831243e-01
6.266866866866867281e-02 1.278964068292371137e-01
6.268268268268267773e-02 1.292576741763620807e-01
6.269669669669669654e-02 1.306181230581932584e-01
6.271071071071071534e-02 1.319777376367060606e-01
6.272472472472472027e-02 1.333365026910894036e-01
6.273873873873873908e-02 1.346944035863769373e-01
6.275275275275275788e-02 1.360514262439866118e-01
6.276676676676676281e-02 1.374075571140462859e-01
6.278078078078078161e-02 1.387627831493816466e-01
6.279479479479480042e-02 1.401170917810326821e-01
6.280880880880880535e-02 1.414704708952196632e-01
6.282282282282282415e-02 1.428229088116517442e-01
6.283683683683684296e-02 1.441743942630706599e-01
6.285085085085084788e-02 1.455249163759786690e-01
6.286486486486486669e-02 1.468744646524542952e-01
6.287887887887888549e-02 1.482230289529767597e-01
6.289289289289289042e-02 1.495705994802172256e-01
6.290690690690690923e-02 1.509171667637234648e-01
6.292092092092092803e-02 1.522627216454254806e-01
6.293493493493493296e-02 1.536072552659413504e-01
6.294894894894895176e-02 1.549507590516135958e-01
6.296296296296297057e-02 1.562932247022263132e-01
6.297697697697697550e-02 1.576346441793780306e-01
6.299099099099099430e-02 1.589750096954650749e-01
6.300500500500499923e-02 1.603143137032207732e-01
6.301901901901901804e-02 1.616525488858100712e-01
6.303303303303303684e-02 1.629897081474138421e-01
6.304704704704705565e-02 1.643257846042971149e-01
6.306106106106106057e-02 1.656607715763213917e-01
6.307507507507507938e-02 1.669946625788833738e-01
6.308908908908908431e-02 1.683274513152372143e-01
6.310310310310310311e-02 1.696591316692128426e-01
6.311711711711712192e-02 1.709896976982658023e-01
6.313113113113112684e-02 1.723191436268735888e-01
6.314514514514514565e-02 1.736474638402499548e-01
6.315915915915916445e-02 1.749746528783402977e-01
6.317317317317316938e-02 1.763007054301148901e-01
6.318718718718718819e-02 1.776256163281247358e-01
6.320120120120120699e-02 1.789493805432968987e-01
6.321521521521521192e-02 1.802719931799846298e-01
6.322922922922923072e-02 1.815934494712352076e-01
6.324324324324324953e-02 1.829137447742651412e-01
6.325725725725725446e-02 1.842328745661482026e-01
6.327127127127127326e-02 1.855508344396931131e-01
6.328528528528529207e-02 1.868676200994939529e-01
6.329929929929929699e-02 1.881832273581635073e-01
6.331331331331331580e-02 1.894976521327296215e-01
6.332732732732733461e-02 1.908108904411766060e-01
6.334134134134133953e-02 1.921229383991450712e-01
6.335535535535535834e-02 1.934337922167713164e-01
6.336936936936937714e-02 1.947434481956517305e-01
6.338338338338338207e-02 1.960519027259386704e-01
6.339739739739740088e-02 1.973591522835649870e-01
6.341141141141140580e-02 1.986651934275641684e-01
6.342542542542542461e-02 1.999700227975220457e-01
6.343943943943944341e-02 2.012736371111114864e-01
6.345345345345346222e-02 2.025760331617421361e-01
6.346746746746746715e-02 2.038772078162929824e-01
6.348148148148148595e-02 2.051771580129463923e-01
6.349549549549549088e-02 2.064758807590933720e-01
6.350950950950950968e-02 2.077733731293359698e-01
6.352352352352352849e-02 2.090696322635515192e-01
6.353753753753753342e-02 2.103646553650451723e-01
6.355155155155155222e-02 2.116584396987690742e-01
6.356556556556557103e-02 2.129509825896023778e-01
6.357957957957957595e-02 2.142422814207035064e-01
6.359359359359359476e-02 2.155323336319269201e-01
6.360760760760761356e-02 2.168211367182879823e-01
6.362162162162161849e-02 2.181086882284923034e-01
6.363563563563563730e-02 2.193949857635222045e-01
6.364964964964965610e-02 2.206800269752632049e-01
6.366366366366366103e-02 2.219638095651879084e-01
6.367767767767767983e-02 2.232463312830934854e-01
6.369169169169169864e-02 2.245275899258671326e-01
6.370570570570570357e-02 2.258075833363083484e-01
6.371971971971972237e-02 2.270863094019944517e-01
6.373373373373374118e-02 2.283637660541710246e-01
6.374774774774774611e-02 2.296399512666951748e-01
6.376176176176176491e-02 2.309148630550143244e-01
6.377577577577578372e-02 2.321884994751658715e-01
6.378978978978978864e-02 2.334608586228267002e-01
6.380380380380380745e-02 2.347319386323910850e-01
6.381781781781781238e-02 2.360017376760693841e-01
6.383183183183183118e-02 2.372702539630323348e-01
6.384584584584584999e-02 2.385374857385685610e-01
6.385985985985986879e-02 2.398034312832803827e-01
6.387387387387387372e-02 2.410680889122992498e-01
6.388788788788789252e-02 2.423314569745356195e-01
6.390190190190189745e-02 2.435935338519361060e-01
6.391591591591591626e-02 2.448543179587850671e-01
6.392992992992993506e-02 2.461138077410097436e-01
6.394394394394393999e-02 2.473720016755172335e-01
6.395795795795795879e-02 2.486288982695558092e-01
6.397197197197197760e-02 2.498844960600811460e-01
6.398598598598598253e-02 2.511387936131551646e-01
6.400000000000000133e-02 2.523917895233644959e-01
