5.999999999999999778e-02 4.589372173312700753e-01
6.001001001001000923e-02 4.579402680810468196e-01
6.002002002002002068e-02 4.569445203369562614e-01
6.003003003003002519e-02 4.559499894083315352e-01
6.004004004004003664e-02 4.549566906632319663e-01
6.005005005005004809e-02 4.539646395283890024e-01
6.006006006006005954e-02 4.529738514891399337e-01
6.007007007007007099e-02 4.519843420893553398e-01
6.008008008008007550e-02 4.509961269313687571e-01
6.009009009009008695e-02 4.500092216758826980e-01
6.010010010010009840e-02 4.490236420418899366e-01
6.011011011011010985e-02 4.480394038065683704e-01
6.012012012012012130e-02 4.470565228051780471e-01
6.013013013013012581e-02 4.460750149309559709e-01
6.014014014014013726e-02 4.450948961349869282e-01
6.015015015015014871e-02 4.441161824260873581e-01
6.016016016016016016e-02 4.431388898706643542e-01
6.017017017017016467e-02 4.421630345925807171e-01
6.018018018018017612e-02 4.411886327729964141e-01
6.019019019019018757e-02 4.402157006502202541e-01
6.020020020020019902e-02 4.392442545195391346e-01
6.021021021021021047e-02 4.382743107330445143e-01
6.022022022022021498e-02 4.373058856994464505e-01
6.023023023023022643e-02 4.363389958838868599e-01
6.024024024024023788e-02 4.353736578077345709e-01
6.025025025025024933e-02 4.344098880483756031e-01
6.026026026026026078e-02 4.334477032389963957e-01
6.027027027027026529e-02 4.324871200683528261e-01
6.028028028028027674e-02 4.315281552805262377e-01
6.029029029029028819e-02 4.305708256746880180e-01
6.030030030030029964e-02 4.296151481048246512e-01
6.031031031031031109e-02 4.286611394794808683e-01
6.032032032032031560e-02 4.277088167614758740e-01
6.033033033033032705e-02 4.267581969676073617e-01
6.034034034034033850e-02 4.258092971683611339e-01
6.035035035035034995e-02 4.248621344875903039e-01
6.036036036036036140e-02 4.239167261021916655e-01
6.037037037037036591e-02 4.229730892420374699e-01
6.038038038038037736e-02 4.220312411885941972e-01
6.039039039039038881e-02 4.210911992760882905e-01
6.040040040040040026e-02 4.201529808903749497e-01
6.041041041041041171e-02 4.192166034678438402e-01
6.042042042042041622e-02 4.182820844964422746e-01
6.043043043043042767e-02 4.173494415145738157e-01
6.044044044044043912e-02 4.164186921099581329e-01
6.045045045045045057e-02 4.154898539205973962e-01
6.046046046046046202e-02 4.145629446334080370e-01
6.047047047047046653e-02 4.136379819839839933e-01
6.048048048048047798e-02 4.127149837561195356e-01
6.049049049049048943e-02 4.117939677813233224e-01
6.050050050050050088e-02 4.108749519383064208e-01
6.051051051051050539e-02 4.099579541524737136e-01
6.052052052052051684e-02 4.090429923953782243e-01
6.053053053053052829e-02 4.081300846841791063e-01
6.054054054054053974e-02 4.072192490812820975e-01
6.055055055055055119e-02 4.063105036929447467e-01
6.056056056056055570e-02 4.054038666698894233e-01
6.057057057057056715e-02 4.044993562060850700e-01
6.058058058058057860e-02 4.035969905375516031e-01
6.059059059059059005e-02 4.026967879428551278e-01
6.060060060060060150e-02 4.017987667416949571e-01
6.061061061061060601e-02 4.009029452944137262e-01
6.062062062062061746e-02 4.000093420012943435e-01
6.063063063063062891e-02 3.991179753018553322e-01
6.064064064064064036e-02 3.982288636741169174e-01
6.065065065065065181e-02 3.973420256338505707e-01
6.066066066066065632e-02 3.964574797338185075e-01
6.067067067067066777e-02 3.955752445629806546e-01
6.068068068068067922e-02 3.946953387456971774e-01
6.069069069069069067e-02 3.938177809409026398e-01
6.070070070070070212e-02 3.929425898414221074e-01
6.071071071071070663e-02 3.920697841724958277e-01
6.072072072072071808e-02 3.911993826918037653e-01
6.073073073073072953e-02 3.903314041879700214e-01
6.074074074074074098e-02 3.894658674797911169e-01
6.075075075075075243e-02 3.886027914152932472e-01
6.076076076076075694e-02 3.877421948707727162e-01
6.077077077077076839e-02 3.868840967498075045e-01
6.078078078078077984e-02 3.860285159822618994e-01
6.079079079079079129e-02 3.851754715232573179e-01
6.080080080080080274e-02 3.843249823521298070e-01
6.081081081081080725e-02 3.834770674713586791e-01
6.082082082082081870e-02 3.826317459054764392e-01
6.083083083083083015e-02 3.817890366999620033e-01
6.084084084084084160e-02 3.809489589201054405e-01
6.085085085085084611e-02 3.800976682679338414e-01
6.086086086086085756e-02 3.792487527242527912e-01
6.087087087087086901e-02 3.784024991832617979e-01
6.088088088088088046e-02 3.775589266471877092e-01
6.089089089089089191e-02 3.767180541340536815e-01
6.090090090090089642e-02 3.758799006764622086e-01
6.091091091091090787e-02 3.750444853203672713e-01
6.092092092092091932e-02 3.742118271238234484e-01
6.093093093093093077e-02 3.733819451556999458e-01
6.094094094094094222e-02 3.725548584943862984e-01
6.095095095095094673e-02 3.717305862264593252e-01
6.096096096096095818e-02 3.709091474453364290e-01
6.097097097097096963e-02 3.700905612499018060e-01
6.098098098098098108e-02 3.692748467431948289e-01
6.099099099099099253e-02 3.684620230306334676e-01
6.100100100100099704e-02 3.676521092190890849e-01
6.101101101101100849e-02 3.668451244150697232e-01
6.102102102102101994e-02 3.660410877233071791e-01
6.103103103103103139e-02 3.652400182452333333e-01
6.104104104104104284e-02 3.644419350774295019e-01
6.105105105105104735e-02 3.636468573100536394e-01
6.106106106106105880e-02 3.628548040252409512e-01
6.107107107107107025e-02 3.620657942954793040e-01
6.108108108108108170e-02 3.612798471819553825e-01
6.109109109109109315e-02 3.604969817328805282e-01
6.110110110110109766e-02 3.597172169817876020e-01
6.111111111111110911e-02 3.589405719457995358e-01
6.112112112112112056e-02 3.581670656238794548e-01
6.113113113113113201e-02 3.573967169950463263e-01
6.114114114114113652e-02 3.566295450165684056e-01
6.115115115115114797e-02 3.558655686221942060e-01
6.116116116116115942e-02 3.551048067200513469e-01
6.117117117117117087e-02 3.543472781911141123e-01
6.118118118118118232e-02 3.535930018870640512e-01
6.119119119119118683e-02 3.528419966284068177e-01
6.120120120120119828e-02 3.520942812025089075e-01
6.121121121121120973e-02 3.513498743616095821e-01
6.122122122122122118e-02 3.506087948208075900e-01
6.123123123123123263e-02 3.498710612560143596e-01
6.124124124124123714e-02 3.491366923018952018e-01
6.125125125125124859e-02 3.484057065497670469e-01
6.126126126126126004e-02 3.476781225454912971e-01
6.127127127127127149e-02 3.469539587873223252e-01
6.128128128128128294e-02 3.462332337237416513e-01
6.129129129129128745e-02 3.455159657512658078e-01
6.130130130130129890e-02 3.448021732122253935e-01
6.131131131131131035e-02 3.440918743925208689e-01
6.132132132132132180e-02 3.433850875193596996e-01
6.133133133133133325e-02 3.426818307589588053e-01
6.134134134134133776e-02 3.419821222142300776e-01
6.135135135135134921e-02 3.412859799224429169e-01
6.136136136136136066e-02 3.405934218528548496e-01
6.137137137137137211e-02 3.399044659043342631e-01
6.138138138138138356e-02 3.392191299029408968e-01
6.139139139139138807e-02 3.385374315994999495e-01
6.140140140140139952e-02 3.378593886671450996e-01
6.141141141141141097e-02 3.371850186988447073e-01
6.142142142142142242e-02 3.365143392049029791e-01
6.143143143143142693e-02 3.358473676104408168e-01
6.144144144144143838e-02 3.351841212528540170e-01
6.145145145145144983e-02 3.345246173792623678e-01
6.146146146146146128e-02 3.338557566021065903e-01
6.147147147147147273e-02 3.331869910535253387e-01
6.148148148148147724e-02 3.325219821463110126e-01
6.149149149149148869e-02 3.318607467389655952e-01
6.150150150150150014e-02 3.312033015925793800e-01
6.151151151151151159e-02 3.305496633701630604e-01
6.152152152152152303e-02 3.298998486311546241e-01
6.153153153153152755e-02 3.292538738307120849e-01
6.154154154154153900e-02 3.286117553165894267e-01
6.155155155155155045e-02 3.279735093264785628e-01
6.156156156156156189e-02 3.273391519853314779e-01
6.157157157157157334e-02 3.267086993026703801e-01
6.158158158158157786e-02 3.260821671698956314e-01
6.159159159159158931e-02 3.254595713575190175e-01
6.160160160160160076e-02 3.248409275120109907e-01
6.161161161161161220e-02 3.242262511549890980e-01
6.162162162162162365e-02 3.236155576775049947e-01
6.163163163163162817e-02 3.230088623392619041e-01
6.164164164164163962e-02 3.224061802653394038e-01
6.165165165165165106e-02 3.218075264434181459e-01
6.166166166166166251e-02 3.212129157209807628e-01
6.167167167167167396e-02 3.206223628025151595e-01
6.168168168168167848e-02 3.200358822467078146e-01
6.169169169169168992e-02 3.194534884636315297e-01
6.170170170170170137e-02 3.188751957119329017e-01
6.171171171171171282e-02 3.183010180960059721e-01
6.172172172172172427e-02 3.177309695631713171e-01
6.173173173173172879e-02 3.171650639008540273e-01
6.174174174174174023e-02 3.166033147337516396e-01
6.175175175175175168e-02 3.160457355210131158e-01
6.176176176176176313e-02 3.154923395534076080e-01
6.177177177177177458e-02 3.149431399505071005e-01
6.178178178178177909e-02 3.143981496578608925e-01
6.179179179179179054e-02 3.138573814441826260e-01
6.180180180180180199e-02 3.133208478985370360e-01
6.181181181181181344e-02 3.127885614275335291e-01
6.182182182182181795e-02 3.122605342525339167e-01
6.183183183183182940e-02 3.117367784068559855e-01
6.184184184184184085e-02 3.112173057329986614e-01
6.185185185185185230e-02 3.107021278798705044e-01
6.186186186186186375e-02 3.101912563000334133e-01
6.187187187187186826e-02 3.096847022469588762e-01
6.188188188188187971e-02 3.091824767722966549e-01
6.189189189189189116e-02 3.086845907231609010e-01
6.190190190190190261e-02 3.081910547394333677e-01
6.191191191191191406e-02 3.077018792510786693e-01
6.192192192192191857e-02 3.072170744754912364e-01
6.193193193193193002e-02 3.067366504159335094e-01
6.194194194194194147e-02 3.062606168545683460e-01
6.195195195195195292e-02 3.057889833563930959e-01
6.196196196196196437e-02 3.053217592623134746e-01
6.197197197197196888e-02 3.048589536876783468e-01
6.198198198198198033e-02 3.044005755197682350e-01
6.199199199199199178e-02 3.039466334152925997e-01
6.200200200200200323e-02 3.034971357979348028e-01
6.201201201201201468e-02 3.030520908559098392e-01
6.202202202202201919e-02 3.026115065395678094e-01
6.203203203203203064e-02 3.021753905590197631e-01
6.204204204204204209e-02 3.017437503818069522e-01
6.205205205205205354e-02 3.013165932305962302e-01
6.206206206206206499e-02 3.008939260809189165e-01
6.207207207207206950e-02 3.004757556589442435e-01
6.208208208208208095e-02 3.000620884392892762e-01
6.209209209209209240e-02 2.996529306427155315e-01
6.210210210210210385e-02 2.992482882346722550e-01
6.211211211211210836e-02 2.988481669222550763e-01
6.212212212212211981e-02 2.984525721528381581e-01
6.213213213213213126e-02 2.980615091119377946e-01
6.214214214214214271e-02 2.976749827213047705e-01
6.215215215215215416e-02 2.972929976370105032e-01
6.216216216216215867e-02 2.969155582476386002e-01
6.217217217217217012e-02 2.965426686724992877e-01
6.218218218218218157e-02 2.961743327598972964e-01
6.219219219219219302e-02 2.958105540854559234e-01
6.220220220220220447e-02 2.954513359504890579e-01
6.221221221221220898e-02 2.950966813804318245e-01
6.222222222222222043e-02 2.947465931233253511e-01
6.223223223223223188e-02 2.944010736483563817e-01
6.224224224224224333e-02 2.940601251444523445e-01
6.225225225225225478e-02 2.937237495189425895e-01
6.226226226226225929e-02 2.933919483962673658e-01
6.227227227227227074e-02 2.930647231167562983e-01
6.228228228228228219e-02 2.927420747354649855e-01
6.229229229229229364e-02 2.924240040210694946e-01
6.230230230230230509e-02 2.921105114548299131e-01
6.231231231231230960e-02 2.918015972306876593e-01
6.232232232232232105e-02 2.914972612500522642e-01
6.233233233233233250e-02 2.911975031274107173e-01
6.234234234234234395e-02 2.909023221852387597e-01
6.235235235235235540e-02 2.906117174543673132e-01
6.236236236236235991e-02 2.903256876733303904e-01
6.237237237237237136e-02 2.900442312877883899e-01
6.238238238238238281e-02 2.897673464500154505e-01
6.239239239239239426e-02 2.894950310184556952e-01
6.240240240240239877e-02 2.892272825573515282e-01
6.241241241241241022e-02 2.889640983364362703e-01
6.242242242242242167e-02 2.887054753307126131e-01
6.243243243243243312e-02 2.884514102202719310e-01
6.244244244244244457e-02 2.882018993902151771e-01
6.245245245245244908e-02 2.879569389306278482e-01
6.246246246246246053e-02 2.877165246366318319e-01
6.247247247247247198e-02 2.874803973499078236e-01
6.248248248248248343e-02 2.872362395599956653e-01
6.249249249249249488e-02 2.869965996343189496e-01
6.250250250250249939e-02 2.867614725972642553e-01
6.251251251251251084e-02 2.865308531832021499e-01
6.252252252252252229e-02 2.863047358368562834e-01
6.253253253253253374e-02 2.860831147137486985e-01
6.254254254254254519e-02 2.858659836807086463e-01
6.255255255255255664e-02 2.856533363164567851e-01
6.256256256256256809e-02 2.854451659122603790e-01
6.257257257257256566e-02 2.852414654726557752e-01
6.258258258258257711e-02 2.850422277162451556e-01
6.259259259259258856e-02 2.848474450765605126e-01
6.260260260260260001e-02 2.846571097029997888e-01
6.261261261261261146e-02 2.844712134618331834e-01
6.262262262262262291e-02 2.842897479372749614e-01
6.263263263263263436e-02 2.841127044326320905e-01
6.264264264264264581e-02 2.839400739715105537e-01
6.265265265265265726e-02 2.837718472991020979e-01
6.266266266266266871e-02 2.836080148835300463e-01
6.267267267267266628e-02 2.834485669172641664e-01
6.268268268268267773e-02 2.832934933186067039e-01
6.269269269269268918e-02 2.831427837332380903e-01
6.270270270270270063e-02 2.829964275358334280e-01
6.271271271271271208e-02 2.828544138317407586e-01
6.272272272272272353e-02 2.827167314597509029e-01
6.273273273273273498e-02 2.825833689897974677e-01
6.274274274274274643e-02 2.824543147309894198e-01
6.275275275275275788e-02 2.823295567294314967e-01
6.276276276276276933e-02 2.822090827712446792e-01
6.277277277277276690e-02 2.820928803846179944e-01
6.278278278278277835e-02 2.819809368419214368e-01
6.279279279279278980e-02 2.818732391618740118e-01
6.280280280280280125e-02 2.817697741117714538e-01
6.281281281281281270e-02 2.816705282097695107e-01
6.282282282282282415e-02 2.815754877272240719e-01
6.283283283283283560e-02 2.814846386910802023e-01
6.284284284284284705e-02 2.813979668863202388e-01
6.285285285285285850e-02 2.813154578584644017e-01
6.286286286286285607e-02 2.812370969161127054e-01
6.287287287287286752e-02 2.811628691335489871e-01
6.288288288288287897e-02 2.810927593533861790e-01
6.289289289289289042e-02 2.810267521892599873e-01
6.290290290290290187e-02 2.809648320285697554e-01
6.291291291291291332e-02 2.809069830352620145e-01
6.292292292292292477e-02 2.808531891526623303e-01
6.293293293293293622e-02 2.808034341063429529e-01
6.294294294294294767e-02 2.807577014070369303e-01
6.295295295295295912e-02 2.807159743535884711e-01
6.296296296296295669e-02 2.806782360359443840e-01
6.297297297297296814e-02 2.806444693381791589e-01
6.298298298298297959e-02 2.806146569415607361e-01
6.299299299299299104e-02 2.805887813276435883e-01
6.300300300300300249e-02 2.805668247814014915e-01
6.301301301301301394e-02 2.805487693943889416e-01
6.302302302302302539e-02 2.805345970679319900e-01
6.303303303303303684e-02 2.805242895163482797e-01
6.304304304304304829e-02 2.805178282701973336e-01
6.305305305305305974e-02 2.805151946795511608e-01
6.306306306306305731e-02 2.805163699172952274e-01
6.307307307307306876e-02 2.805213349824497993e-01
6.308308308308308021e-02 2.805300707035109919e-01
6.309309309309309166e-02 2.805425577418192429e-01
6.310310310310310311e-02 2.805587765949359991e-01
6.311311311311311456e-02 2.805787076000502700e-01
6.312312312312312601e-02 2.806023309373909536e-01
6.313313313313313746e-02 2.806296266336592016e-01
6.314314314314314891e-02 2.806605745654736639e-01
6.315315315315314648e-02 2.806951544628280004e-01
6.316316316316315793e-02 2.807333459125552766e-01
6.317317317317316938e-02 2.807751283618090676e-01
6.318318318318318083e-02 2.808204811215433416e-01
6.319319319319319228e-02 2.808693833700065534e-01
6.320320320320320373e-02 2.809218141562381255e-01
6.321321321321321518e-02 2.809777524035689256e-01
6.322322322322322663e-02 2.810371769131210784e-01
6.323323323323323808e-02 2.811000663673178246e-01
6.324324324324324953e-02 2.811663993333849976e-01
6.325325325325324710e-02 2.812361542668526670e-01
6.326326326326325855e-02 2.813093095150590583e-01
6.327327327327327000e-02 2.813858433206479770e-01
6.328328328328328145e-02 2.814657338250574070e-01
6.329329329329329290e-02 2.815489590720104962e-01
6.330330330330330435e-02 2.816354970109913869e-01
6.331331331331331580e-02 2.817253255007171053e-01
6.332332332332332725e-02 2.818184223125982935e-01
6.333333333333333870e-02 2.819147651341918914e-01
6.334334334334335015e-02 2.820143315726349464e-01
6.335335335335334772e-02 2.821170991580762011e-01
6.336336336336335917e-02 2.822230453470851441e-01
6.337337337337337062e-02 2.823321475260495150e-01
6.338338338338338207e-02 2.824443830145568768e-01
6.339339339339339352e-02 2.825597290687597574e-01
6.340340340340340497e-02 2.826781628847213623e-01
6.341341341341341642e-02 2.827996616017444675e-01
6.342342342342342787e-02 2.829242023056783850e-01
6.343343343343343932e-02 2.830517620322071104e-01
6.344344344344345077e-02 2.831823177701152661e-01
6.345345345345344834e-02 2.833158464645333385e-01
6.346346346346345979e-02 2.834523250201568811e-01
6.347347347347347124e-02 2.835917303044429016e-01
6.348348348348348269e-02 2.837340391507839898e-01
6.349349349349349414e-02 2.838792283616546341e-01
6.350350350350350559e-02 2.840272747117312258e-01
6.351351351351351704e-02 2.841781549509851956e-01
6.352352352352352849e-02 2.843318458077520594e-01
6.353353353353353994e-02 2.844883239917668227e-01
6.354354354354355139e-02 2.846475661971755722e-01
6.355355355355354896e-02 2.848095491055152584e-01
6.356356356356356041e-02 2.849742493886621708e-01
6.357357357357357186e-02 2.851416437117550995e-01
6.358358358358358331e-02 2.853117087360820259e-01
6.359359359359359476e-02 2.854844211219362826e-01
6.360360360360360621e-02 2.856597575314450133e-01
6.361361361361361766e-02 2.858376946313603839e-01
6.362362362362362911e-02 2.860182090958208190e-01
6.363363363363364056e-02 2.862012776090758770e-01
6.364364364364363813e-02 2.863868768681828159e-01
6.365365365365364958e-02 2.865749835856645777e-01
6.366366366366366103e-02 2.867655744921333572e-01
6.367367367367367248e-02 2.869586263388841374e-01
6.368368368368368393e-02 2.871541159004484256e-01
6.369369369369369538e-02 2.873520199771151806e-01
6.370370370370370683e-02 2.875523153974165469e-01
6.371371371371371828e-02 2.877549790205771729e-01
6.372372372372372973e-02 2.879599877389277252e-01
6.373373373373374118e-02 2.881673184802818199e-01
6.374374374374373875e-02 2.883769482102798154e-01
6.375375375375375020e-02 2.885888539346928017e-01
6.376376376376376165e-02 2.888030127016910642e-01
6.377377377377377310e-02 2.890194016040763536e-01
6.378378378378378455e-02 2.892379977814783509e-01
6.379379379379379600e-02 2.894587784225138294e-01
6.380380380380380745e-02 2.896817207669086236e-01
6.381381381381381890e-02 2.899068021075824619e-01
6.382382382382383035e-02 2.901339997926990488e-01
6.383383383383384180e-02 2.903632912276775113e-01
6.384384384384383937e-02 2.905946538771673193e-01
6.385385385385385082e-02 2.908280652670746091e-01
6.386386386386386227e-02 2.910635029861124434e-01
6.387387387387387372e-02 2.913009446881990594e-01
6.388388388388388517e-02 2.915403680939270270e-01
6.389389389389389662e-02 2.917817509924462982e-01
6.390390390390390807e-02 2.920250712432221896e-01
6.391391391391391952e-02 2.922703067777538410e-01
6.392392392392393097e-02 2.925174356012574250e-01
6.393393393393392854e-02 2.927664357943169926e-01
6.394394394394393999e-02 2.930172855144943522e-01
6.395395395395395144e-02 2.932699629979971800e-01
6.396396396396396289e-02 2.935244465608524145e-01
6.397397397397397434e-02 2.937807146009718262e-01
6.398398398398398579e-02 2.940387455992461985e-01
6.399399399399399724e-02 2.942985181210768797e-01
6.400400400400400869e-02 2.945600108177782728e-01
6.401401401401402014e-02 2.948232024279451302e-01
6.402402402402403159e-02 2.950880717787863206e-01
6.403403403403402916e-02 2.953545977874242334e-01
6.404404404404404061e-02 2.956227594621634314e-01
6.405405405405405206e-02 2.958925359037200553e-01
6.406406406406406351e-02 2.961639063064259725e-01
6.407407407407407496e-02 2.964368499593935669e-01
6.408408408408408641e-02 2.967113462476504426e-01
6.409409409409409786e-02 2.969873746532457059e-01
6.410410410410410931e-02 2.972649147563178329e-01
6.411411411411412076e-02 2.975439462361357812e-01
6.412412412412413221e-02 2.978244488721072392e-01
6.413413413413412978e-02 2.981064025447571209e-01
6.414414414414414123e-02 2.983897872366736981e-01
6.415415415415415268e-02 2.986745830334266438e-01
6.416416416416416413e-02 2.989607701244527682e-01
6.417417417417417558e-02 2.992483288039149425e-01
6.418418418418418703e-02 2.995372394715306030e-01
6.419419419419419848e-02 2.998274826324764941e-01
6.420420420420420993e-02 3.001190389017387439e-01
6.421421421421422138e-02 3.004118889994847330e-01
6.422422422422421895e-02 3.007060137553626000e-01
6.423423423423423040e-02 3.010013941082914091e-01
6.424424424424424185e-02 3.012980111071216771e-01
6.425425425425425330e-02 3.015958459112709766e-01
6.426426426426426475e-02 3.018948797913301174e-01
6.427427427427427620e-02 3.021950941296468462e-01
6.428428428428428765e-02 3.024964704208815691e-01
6.429429429429429910e-02 3.027989902725363169e-01
6.430430430430431055e-02 3.031026354054641159e-01
6.431431431431432200e-02 3.034073876543482151e-01
6.432432432432431957e-02 3.037132289681598318e-01
6.433433433433433102e-02 3.040201414105954125e-01
6.434434434434434247e-02 3.043281071604810317e-01
6.435435435435435392e-02 3.046371085121634126e-01
6.436436436436436537e-02 3.049471278758740800e-01
6.437437437437437682e-02 3.052581477780719754e-01
6.438438438438438827e-02 3.055701508617619244e-01
6.439439439439439972e-02 3.058831198867957291e-01
6.440440440440441117e-02 3.061970377301487800e-01
6.441441441441442262e-02 3.065118873861755189e-01
6.442442442442442019e-02 3.068276519668465263e-01
6.443443443443443164e-02 3.071443147019675135e-01
6.444444444444444309e-02 3.074618589393690593e-01
6.445445445445445454e-02 3.077802681455496514e-01
6.446446446446446599e-02 3.080995259039869261e-01
6.447447447447447744e-02 3.084196159180447316e-01
6.448448448448448889e-02 3.087405220092481195e-01
6.449449449449450034e-02 3.090622281178468933e-01
6.450450450450451179e-02 3.093847183028997638e-01
6.451451451451450936e-02 3.097079767423423502e-01
6.452452452452452081e-02 3.100319877330395824e-01
6.453453453453453226e-02 3.103513877839179091e-01
6.454454454454454371e-02 3.106689462267356316e-01
6.455455455455455516e-02 3.109872545372389663e-01
6.456456456456456661e-02 3.113062975710654823e-01
6.457457457457457806e-02 3.116260603010349572e-01
6.458458458458458951e-02 3.119465278155225674e-01
6.459459459459460096e-02 3.122676853208514736e-01
6.460460460460461241e-02 3.125895181396336486e-01
6.461461461461460998e-02 3.129120117111172661e-01
6.462462462462462143e-02 3.132351515911138140e-01
6.463463463463463288e-02 3.135589234519138846e-01
6.464464464464464433e-02 3.138833130821870321e-01
6.465465465465465578e-02 3.142083063868694737e-01
6.466466466466466723e-02 3.145338893870395780e-01
6.467467467467467868e-02 3.148600482197790873e-01
6.468468468468469013e-02 3.151867691380244030e-01
6.469469469469470158e-02 3.155140385104022172e-01
6.470470470470471303e-02 3.158418428210564843e-01
6.471471471471471060e-02 3.161701686694626257e-01
6.472472472472472205e-02 3.164990027702312969e-01
6.473473473473473350e-02 3.168283319528985564e-01
6.474474474474474495e-02 3.171581431617096491e-01
6.475475475475475640e-02 3.174884234553868589e-01
6.476476476476476785e-02 3.178191600068940303e-01
6.477477477477477930e-02 3.181503401031830491e-01
6.478478478478479075e-02 3.184819511449373253e-01
6.479479479479480220e-02 3.188139806463029524e-01
6.480480480480479977e-02 3.191464162346098199e-01
6.481481481481481122e-02 3.194792456500869515e-01
6.482482482482482267e-02 3.198124567455640221e-01
6.483483483483483412e-02 3.201460374861695990e-01
6.484484484484484557e-02 3.204799759490175592e-01
6.485485485485485702e-02 3.208142603228871237e-01
6.486486486486486847e-02 3.211462931823862998e-01
6.487487487487487992e-02 3.214529723789192328e-01
6.488488488488489137e-02 3.217602032840229387e-01
6.489489489489490281e-02 3.220679742837649906e-01
6.490490490490490039e-02 3.223762738654228910e-01
6.491491491491491184e-02 3.226850906173341360e-01
6.492492492492492329e-02 3.229944132287287939e-01
6.493493493493493474e-02 3.233042304895621943e-01
6.494494494494494619e-02 3.236145312905430171e-01
6.495495495495495764e-02 3.239253046221006183e-01
6.496496496496496909e-02 3.242365395754531199e-01
6.497497497497498053e-02 3.245482253415562512e-01
6.498498498498499198e-02 3.248603512110988523e-01
6.499499499499500343e-02 3.251729065742801073e-01
6.500500500500500101e-02 3.254858809205788406e-01
6.501501501501501246e-02 3.257992638385153739e-01
6.502502502502502391e-02 3.261130450154025029e-01
6.503503503503503536e-02 3.264272142368372931e-01
6.504504504504504681e-02 3.267417613874705196e-01
6.505505505505505826e-02 3.270566764491876222e-01
6.506506506506506970e-02 3.273719495018708736e-01
6.507507507507508115e-02 3.276875707228585344e-01
6.508508508508509260e-02 3.280035303866538632e-01
6.509509509509509018e-02 3.283198188646339610e-01
6.510510510510510163e-02 3.286364266247496779e-01
6.511511511511511308e-02 3.289533442312151945e-01
6.512512512512512453e-02 3.292705623441982143e-01
6.513513513513513598e-02 3.295880717195014964e-01
6.514514514514514743e-02 3.299058632082381703e-01
6.515515515515515887e-02 3.302239277565029441e-01
6.516516516516517032e-02 3.305422564050384815e-01
6.517517517517518177e-02 3.308608402886329958e-01
6.518518518518519322e-02 3.311796706368213550e-01
6.519519519519519080e-02 3.314987387719670053e-01
6.520520520520520225e-02 3.318180361099550835e-01
6.521521521521521370e-02 3.321375541595691372e-01
6.522522522522522515e-02 3.324572845221318018e-01
6.523523523523523659e-02 3.327772188911337636e-01
6.524524524524524804e-02 3.330973490518649438e-01
6.525525525525525949e-02 3.334176668810360789e-01
6.526526526526527094e-02 3.337381643464017444e-01
6.527527527527528239e-02 3.340588335063751635e-01
6.528528528528529384e-02 3.343796665096416265e-01
6.529529529529529142e-02 3.347006555947675266e-01
6.530530530530530287e-02 3.350217930898070628e-01
6.531531531531531432e-02 3.353430714119041145e-01
6.532532532532532576e-02 3.356644830668928381e-01
6.533533533533533721e-02 3.359860206488909928e-01
6.534534534534534866e-02 3.363076768398969296e-01
6.535535535535536011e-02 3.366294444093785310e-01
6.536536536536537156e-02 3.369513162138603191e-01
6.537537537537538301e-02 3.372732851965087875e-01
6.538538538538538059e-02 3.375953443867152348e-01
6.539539539539539204e-02 3.379174868996764891e-01
6.540540540540540349e-02 3.382397059359700253e-01
6.541541541541541493e-02 3.385619947811325803e-01
6.542542542542542638e-02 3.388843468052302188e-01
6.543543543543543783e-02 3.392067554624316750e-01
6.544544544544544928e-02 3.395292142905768640e-01
6.545545545545546073e-02 3.398517169107437841e-01
6.546546546546547218e-02 3.401742570268140309e-01
6.547547547547548363e-02 3.404968284250363686e-01
6.548548548548549508e-02 3.408194249735893577e-01
6.549549549549549265e-02 3.411420406221407076e-01
6.550550550550550410e-02 3.414646694014079609e-01
6.551551551551551555e-02 3.417873054227144047e-01
6.552552552552552700e-02 3.421099428775462026e-01
6.553553553553553845e-02 3.424325760371073057e-01
6.554554554554554990e-02 3.427551992518726443e-01
6.555555555555556135e-02 3.430778069511424833e-01
6.556556556556557280e-02 3.434003936425922276e-01
6.557557557557558425e-02 3.437229539118242805e-01
6.558558558558558182e-02 3.440454824219174590e-01
6.559559559559559327e-02 3.443679739129781869e-01
6.560560560560560472e-02 3.446904232016831937e-01
6.561561561561561617e-02 3.450128251808347035e-01
6.562562562562562762e-02 3.453351748189004145e-01
6.563563563563563907e-02 3.456574671595649129e-01
6.564564564564565052e-02 3.459796973210216287e-01
6.565565565565566197e-02 3.463018604965243386e-01
6.566566566566567342e-02 3.466239519524235702e-01
6.567567567567567099e-02 3.469459670287172726e-01
6.568568568568568244e-02 3.472679011383458247e-01
6.569569569569569389e-02 3.475897497667315150e-01
6.570570570570570534e-02 3.479115084713272354e-01
6.571571571571571679e-02 3.482331728811577931e-01
6.572572572572572824e-02 3.485547386963639416e-01
6.573573573573573969e-02 3.488762016877480776e-01
6.574574574574575114e-02 3.491975576963149974e-01
6.575575575575576259e-02 3.495188026328193698e-01
6.576576576576577404e-02 3.498399324773062147e-01
6.577577577577578549e-02 3.501609432786580989e-01
6.578578578578578306e-02 3.504818311541370024e-01
6.579579579579579451e-02 3.508025922889317361e-01
6.580580580580580596e-02 3.511232229357003631e-01
6.581581581581581741e-02 3.514437194141166176e-01
6.582582582582582886e-02 3.517640781104148240e-01
6.583583583583584031e-02 3.520842954769373701e-01
6.584584584584585176e-02 3.524043680316800708e-01
6.585585585585586321e-02 3.527242923578394751e-01
6.586586586586587466e-02 3.530440651033596167e-01
6.587587587587587223e-02 3.533636829804814306e-01
6.588588588588588368e-02 3.536831427652913362e-01
6.589589589589589513e-02 3.540024412972687107e-01
6.590590590590590658e-02 3.543215754788381910e-01
6.591591591591591803e-02 3.546405422749171477e-01
6.592592592592592948e-02 3.549593387124715949e-01
6.593593593593594093e-02 3.552779618795728900e-01
6.594594594594595238e-02 3.555964089269172401e-01
6.595595595595596383e-02 3.559146770644313063e-01
6.596596596596596140e-02 3.562327635627923206e-01
6.597597597597597285e-02 3.565506657524930567e-01
6.598598598598598430e-02 3.568683810233959086e-01
6.599599599599599575e-02 3.571859068242910218e-01
6.600600600600600720e-02 3.575032406624548686e-01
6.601601601601601865e-02 3.578203801032088793e-01
6.602602602602603010e-02 3.581373227694800709e-01
6.603603603603604155e-02 3.584540663413601780e-01
6.604604604604605300e-02 3.587706085556698898e-01
6.605605605605606445e-02 3.590869472055217559e-01
6.606606606606607590e-02 3.594030801398824249e-01
6.607607607607607347e-02 3.597190052631398238e-01
6.608608608608608492e-02 3.600347205346700608e-01
6.609609609609609637e-02 3.603502239684023833e-01
6.610610610610610782e-02 3.606655136323900224e-01
6.611611611611611927e-02 3.609805876483792586e-01
6.612612612612613072e-02 3.612954441913808212e-01
6.613613613613614217e-02 3.616100814892415638e-01
6.614614614614615362e-02 3.619244978222188047e-01
6.615615615615616507e-02 3.622386915225533355e-01
6.616616616616616264e-02 3.625526609740473138e-01
6.617617617617617409e-02 3.628664046116411579e-01
6.618618618618618554e-02 3.631799209209907175e-01
6.619619619619619699e-02 3.634932084380472217e-01
6.620620620620620844e-02 3.638062657486405560e-01
6.621621621621621989e-02 3.641190914880594875e-01
6.622622622622623134e-02 3.644316843406349427e-01
6.623623623623624279e-02 3.647440430393276700e-01
6.624624624624625424e-02 3.650561663653126288e-01
6.625625625625626569e-02 3.653680531475673177e-01
6.626626626626626326e-02 3.656797022624608817e-01
6.627627627627627471e-02 3.659911126333457165e-01
6.628628628628628616e-02 3.663022832293038045e-01
6.629629629629629761e-02 3.666132130681188372e-01
6.630630630630630906e-02 3.669239012108019282e-01
6.631631631631632051e-02 3.672343467645682313e-01
6.632632632632633196e-02 3.675445488815899941e-01
6.633633633633634341e-02 3.678545067585953787e-01
6.634634634634635486e-02 3.681642196364678377e-01
6.635635635635636631e-02 3.684736867998508747e-01
6.636636636636636388e-02 3.687829075770132081e-01
6.637637637637637533e-02 3.690918813383940456e-01
6.638638638638638678e-02 3.694006074978062326e-01
6.639639639639639823e-02 3.697090855109759766e-01
6.640640640640640968e-02 3.700173148754214436e-01
6.641641641641642113e-02 3.703252951300622375e-01
6.642642642642643258e-02 3.706330258548322099e-01
6.643643643643644403e-02 3.709405066702940457e-01
6.644644644644645548e-02 3.712477372372542939e-01
6.645645645645645305e-02 3.715547172563812839e-01
6.646646646646646450e-02 3.718614464678236531e-01
6.647647647647647595e-02 3.721679246508292072e-01
6.648648648648648740e-02 3.724741516233666117e-01
6.649649649649649885e-02 3.727801272417515799e-01
6.650650650650651030e-02 3.730858514002686199e-01
6.651651651651652175e-02 3.733913240307980552e-01
6.652652652652653320e-02 3.736965451024448215e-01
6.653653653653654465e-02 3.740015146211670416e-01
6.654654654654655610e-02 3.743062326282637353e-01
6.655655655655655367e-02 3.746106992045863393e-01
6.656656656656656512e-02 3.749149144632997199e-01
6.657657657657657657e-02 3.752188785541029636e-01
6.658658658658658802e-02 3.755225916617189186e-01
6.659659659659659947e-02 3.758260540055344268e-01
6.660660660660661092e-02 3.761292658392404453e-01
6.661661661661662237e-02 3.764322274492360454e-01
6.662662662662663382e-02 3.767349391592261787e-01
6.663663663663664527e-02 3.770374013224312426e-01
6.664664664664665672e-02 3.773396143261945612e-01
6.665665665665665429e-02 3.776415785903889377e-01
6.666666666666666574e-02 3.779432945670692101e-01
6.667667667667667719e-02 3.782447627401200885e-01
6.668668668668668864e-02 3.785459836249117083e-01
6.669669669669670009e-02 3.788469577679544065e-01
6.670670670670671154e-02 3.791476857465548300e-01
6.671671671671672299e-02 3.794481681684733210e-01
6.672672672672673444e-02 3.797484056715845213e-01
6.673673673673674589e-02 3.800483989235373117e-01
6.674674674674674346e-02 3.803481486214183027e-01
6.675675675675675491e-02 3.806476554914176025e-01
6.676676676676676636e-02 3.809469202884914196e-01
6.677677677677677781e-02 3.812459437960323827e-01
6.678678678678678926e-02 3.815447268240635958e-01
6.679679679679680071e-02 3.818432702148095159e-01
6.680680680680681216e-02 3.821415748335129647e-01
6.681681681681682361e-02 3.824396415740162758e-01
6.682682682682683506e-02 3.827374713569580700e-01
6.683683683683684651e-02 3.830350651294524567e-01
6.684684684684684408e-02 3.833324238647656812e-01
6.685685685685685553e-02 3.836295485617305934e-01
6.686686686686686698e-02 3.839264402454994896e-01
6.687687687687687843e-02 3.842230999656168766e-01
6.688688688688688988e-02 3.845195287967803077e-01
6.689689689689690133e-02 3.848157278382577373e-01
6.690690690690691278e-02 3.851116982135761591e-01
6.691691691691692423e-02 3.854074410702106324e-01
6.692692692692693568e-02 3.857029575792758069e-01
6.693693693693694713e-02 3.859982489352200563e-01
6.694694694694694470e-02 3.862933163555178906e-01
6.695695695695695615e-02 3.865881610803695301e-01
6.696696696696696760e-02 3.868827843723937621e-01
6.697697697697697905e-02 3.871771875163315668e-01
6.698698698698699050e-02 3.874713718187452471e-01
6.699699699699700195e-02 3.877653386077208886e-01
6.700700700700701340e-02 3.880590892325718744e-01
6.701701701701702485e-02 3.883526250635457311e-01
6.702702702702703630e-02 3.886459474915303081e-01
6.703703703703703387e-02 3.889390579277630655e-01
6.704704704704704532e-02 3.892319578035409178e-01
6.705705705705705677e-02 3.895246485699317418e-01
6.706706706706706822e-02 3.898171316974888279e-01
6.707707707707707967e-02 3.901094086759654966e-01
6.708708708708709112e-02 3.904014810140302716e-01
6.709709709709710257e-02 3.906933502389870472e-01
6.710710710710711402e-02 3.909850178962271938e-01
6.711711711711712547e-02 3.912764855500169281e-01
6.712712712712713692e-02 3.915677547816189819e-01
6.713713713713713449e-02 3.918588271900845799e-01
6.714714714714714594e-02 3.921497043917159253e-01
6.715715715715715739e-02 3.924403880197877004e-01
6.716716716716716884e-02 3.927308797242786698e-01
6.717717717717718029e-02 3.930211811716033399e-01
6.718718718718719174e-02 3.933112940443416750e-01
6.719719719719720319e-02 3.936012200388322446e-01
6.720720720720721464e-02 3.938909608734774692e-01
6.721721721721722609e-02 3.941805182756175641e-01
6.722722722722723754e-02 3.944698939898463874e-01
6.723723723723723511e-02 3.947590897756086403e-01
6.724724724724724656e-02 3.950481074069387977e-01
6.725725725725725801e-02 3.953369486722028703e-01
6.726726726726726946e-02 3.956256153738436088e-01
6.727727727727728091e-02 3.959141093281272616e-01
6.728728728728729236e-02 3.962024323648869473e-01
6.729729729729730381e-02 3.964905863272756292e-01
6.730730730730731526e-02 3.967785730715139847e-01
6.731731731731732671e-02 3.970663944666412704e-01
6.732732732732732428e-02 3.973540523942698521e-01
6.733733733733733573e-02 3.976415487483402345e-01
6.734734734734734718e-02 3.979288854348756455e-01
6.735735735735735863e-02 3.982160643717393977e-01
6.736736736736737008e-02 3.985030874883960239e-01
6.737737737737738153e-02 3.987899567256696920e-01
6.738738738738739298e-02 3.990766740352470476e-01
6.739739739739740443e-02 3.993632413779398260e-01
6.740740740740741588e-02 3.996496607320643157e-01
6.741741741741742733e-02 3.999359340789712114e-01
6.742742742742742490e-02 4.002220634127465759e-01
6.743743743743743635e-02 4.005080507374322307e-01
6.744744744744744780e-02 4.007938980667953288e-01
6.745745745745745925e-02 4.010796074240989828e-01
6.746746746746747070e-02 4.013651808418799982e-01
6.747747747747748215e-02 4.016506203617203341e-01
6.748748748748749360e-02 4.019359280340258911e-01
6.749749749749750505e-02 4.022211059178037451e-01
6.750750750750751650e-02 4.025061560804421013e-01
6.751751751751752795e-02 4.027910805974913577e-01
6.752752752752752552e-02 4.030758815524447813e-01
6.753753753753753697e-02 4.033605610365260108e-01
6.754754754754754842e-02 4.036451211484698987e-01
6.755755755755755987e-02 4.039295639943128458e-01
6.756756756756757132e-02 4.042138916871788057e-01
6.757757757757758277e-02 4.044981063470696192e-01
6.758758758758759422e-02 4.047822101006562368e-01
6.759759759759760567e-02 4.050662050810704407e-01
6.760760760760761712e-02 4.053500934276996204e-01
6.761761761761761469e-02 4.056338772859801045e-01
6.762762762762762614e-02 4.059175588071961549e-01
6.763763763763763759e-02 4.062011401482767403e-01
6.764764764764764904e-02 4.064846234715948636e-01
6.765765765765766049e-02 4.067680109447682213e-01
6.766766766766767194e-02 4.070513047404626383e-01
6.767767767767768339e-02 4.073345070361947262e-01
6.768768768768769484e-02 4.076176200141372052e-01
6.769769769769770629e-02 4.078971170927954137e-01
6.770770770770771774e-02 4.081574032180945721e-01
6.771771771771772919e-02 4.084174875387757142e-01
6.772772772772772676e-02 4.086773727103072407e-01
6.773773773773773821e-02 4.089370613930730092e-01
6.774774774774774966e-02 4.091965562521913680e-01
6.775775775775776111e-02 4.094558599573369650e-01
6.776776776776777256e-02 4.097149751825641673e-01
6.777777777777778401e-02 4.099739046061324776e-01
6.778778778778779546e-02 4.102326509103292884e-01
6.779779779779780691e-02 4.104912167812991286e-01
6.780780780780781836e-02 4.107496049088685264e-01
6.781781781781781593e-02 4.110078179863774772e-01
6.782782782782782738e-02 4.112658587105074148e-01
6.783783783783783883e-02 4.115237297811122907e-01
6.784784784784785028e-02 4.117814339010527069e-01
6.785785785785786173e-02 4.120389737760256077e-01
6.786786786786787318e-02 4.122963521144025756e-01
6.787787787787788463e-02 4.125535716270633535e-01
6.788788788788789608e-02 4.128106350272313652e-01
6.789789789789790753e-02 4.130675450303146756e-01
6.790790790790790510e-02 4.133243043537416228e-01
6.791791791791791655e-02 4.135809157168035544e-01
6.792792792792792800e-02 4.138373818404923465e-01
6.793793793793793945e-02 4.140937054473474155e-01
6.794794794794795090e-02 4.143498892612941797e-01
6.795795795795796235e-02 4.146059360074915157e-01
6.796796796796797380e-02 4.148618484121764372e-01
6.797797797797798525e-02 4.151176292025097192e-01
6.798798798798799670e-02 4.153732811064249075e-01
6.799799799799800815e-02 4.156288068524771617e-01
6.800800800800801960e-02 4.158842091696907106e-01
6.801801801801801717e-02 4.161394907874118587e-01
6.802802802802802862e-02 4.163946544351615486e-01
6.803803803803804007e-02 4.166497028424865912e-01
6.804804804804805152e-02 4.169046387388131714e-01
6.805805805805806297e-02 4.171594648533052951e-01
6.806806806806807442e-02 4.174141839147175737e-01
6.807807807807808587e-02 4.176687986512542805e-01
6.808808808808809732e-02 4.179233117904270767e-01
6.809809809809810877e-02 4.181777260589147893e-01
6.810810810810810634e-02 4.184320441824231351e-01
6.811811811811811779e-02 4.186862688855479964e-01
6.812812812812812924e-02 4.189404028916347555e-01
6.813813813813814069e-02 4.191944489226451798e-01
6.814814814814815214e-02 4.194484096990194200e-01
6.815815815815816359e-02 4.197022879395431727e-01
6.816816816816817504e-02 4.199560863612146755e-01
6.817817817817818649e-02 4.202098076791102588e-01
6.818818818818819794e-02 4.204634546062550604e-01
6.819819819819819551e-02 4.207170298534925190e-01
6.820820820820820696e-02 4.209705361293543668e-01
6.821821821821821841e-02 4.212239761399331206e-01
6.822822822822822986e-02 4.214716385318354464e-01
6.823823823823824131e-02 4.217179965269465258e-01
6.824824824824825276e-02 4.219642680499795517e-01
6.825825825825826421e-02 4.222104558926544904e-01
6.826826826826827566e-02 4.224565628438027853e-01
6.827827827827828711e-02 4.227025916892471202e-01
6.828828828828829856e-02 4.229485452116752975e-01
6.829829829829831001e-02 4.231944261905202787e-01
6.830830830830830758e-02 4.234402374018372828e-01
6.831831831831831903e-02 4.236859816181874905e-01
6.832832832832833048e-02 4.239316616085159195e-01
6.833833833833834193e-02 4.241772801380344626e-01
6.834834834834835338e-02 4.244228399681041486e-01
6.835835835835836483e-02 4.246683438561208446e-01
6.836836836836837628e-02 4.249137945553987383e-01
6.837837837837838773e-02 4.251591948150572065e-01
6.838838838838839917e-02 4.254045473799059618e-01
6.839839839839839675e-02 4.256498549903345308e-01
6.840840840840840820e-02 4.258951203822025633e-01
6.841841841841841965e-02 4.261403462867245917e-01
6.842842842842843110e-02 4.263855354303655587e-01
6.843843843843844255e-02 4.266306905347296285e-01
6.844844844844845400e-02 4.268758143164545493e-01
6.845845845845846545e-02 4.271209094871036283e-01
6.846846846846847690e-02 4.273659787530608156e-01
6.847847847847848834e-02 4.276110248154262883e-01
6.848848848848848592e-02 4.278560503699127548e-01
6.849849849849849737e-02 4.281010581067435927e-01
6.850850850850850882e-02 4.283460507105475989e-01
6.851851851851852027e-02 4.285910308602624563e-01
6.852852852852853172e-02 4.288360012290323708e-01
6.853853853853854317e-02 4.290809644841091508e-01
6.854854854854855462e-02 4.293259232867546737e-01
6.855855855855856607e-02 4.295708802921431868e-01
6.856856856856857751e-02 4.298158381492656610e-01
6.857857857857858896e-02 4.300607995008336459e-01
6.858858858858860041e-02 4.303057669831850118e-01
6.859859859859859799e-02 4.305507432261908574e-01
6.860860860860860944e-02 4.307957308531626395e-01
6.861861861861862089e-02 4.310407324805557439e-01
6.862862862862863234e-02 4.312857507186967920e-01
6.863863863863864379e-02 4.315307881704656401e-01
6.864864864864865523e-02 4.317758474320256834e-01
6.865865865865866668e-02 4.320209310925304802e-01
6.866866866866867813e-02 4.322660417340374317e-01
6.867867867867868958e-02 4.325111819314204076e-01
6.868868868868868716e-02 4.327563542522833706e-01
6.869869869869869861e-02 4.330015612568786643e-01
6.870870870870871006e-02 4.332468054978240168e-01
6.871871871871872151e-02 4.334920895208074221e-01
6.872872872872873296e-02 4.337374158633232057e-01
6.873873873873874440e-02 4.339827870553806255e-01
6.874874874874875585e-02 4.342282056192246498e-01
6.875875875875876730e-02 4.344736740692580201e-01
6.876876876876877875e-02 4.347191949119611487e-01
6.877877877877877633e-02 4.349647706458160124e-01
6.878878878878878778e-02 4.352104037612294363e-01
6.879879879879879923e-02 4.354560967404549898e-01
6.880880880880881068e-02 4.357018520575196008e-01
6.881881881881882213e-02 4.359476721781494479e-01
6.882882882882883357e-02 4.361935595596956317e-01
6.883883883883884502e-02 4.364395166510618429e-01
6.884884884884885647e-02 4.366855458926330313e-01
6.885885885885886792e-02 4.369316497162050728e-01
6.886886886886887937e-02 4.371778305449135482e-01
6.887887887887889082e-02 4.374240907931634115e-01
6.888888888888888840e-02 4.376704328665645960e-01
6.889889889889889985e-02 4.379168591618612383e-01
6.890890890890891129e-02 4.381633720668653975e-01
6.891891891891892274e-02 4.384099739603908863e-01
6.892892892892893419e-02 4.386566672121911536e-01
6.893893893893894564e-02 4.389034541828903402e-01
6.894894894894895709e-02 4.391503372239240477e-01
6.895895895895896854e-02 4.393973186774736694e-01
6.896896896896897999e-02 4.396444008764063271e-01
6.897897897897897757e-02 4.398915861442131980e-01
6.898898898898898902e-02 4.401388767947811975e-01
6.899899899899900046e-02 4.403862751330098746e-01
6.900900900900901191e-02 4.406337834537354947e-01
6.901901901901902336e-02 4.408814040423525427e-01
6.902902902902903481e-02 4.411291391745872925e-01
6.903903903903904626e-02 4.413769911164405757e-01
6.904904904904905771e-02 4.416249621241332690e-01
6.905905905905906916e-02 4.418730544440515606e-01
6.906906906906906674e-02 4.421212703126918830e-01
6.907907907907909206e-02 4.423696119566116192e-01
6.908908908908908963e-02 4.426180815923700940e-01
6.909909909909910108e-02 4.428666814264844986e-01
6.910910910910911253e-02 4.431154136553743239e-01
6.911911911911912398e-02 4.433642804653120106e-01
6.912912912912913543e-02 4.436132840323764870e-01
6.913913913913914688e-02 4.438624265224016541e-01
6.914914914914915833e-02 4.441117100909294790e-01
6.915915915915916978e-02 4.443611368831645869e-01
6.916916916916918123e-02 4.446107090339266321e-01
6.917917917917917880e-02 4.448604286676047792e-01
6.918918918918919025e-02 4.451102978981154035e-01
6.919919919919920170e-02 4.453603188288540737e-01
6.920920920920921315e-02 4.456104935526564725e-01
6.921921921921922460e-02 4.458608241517529325e-01
6.922922922922923605e-02 4.461113126977291898e-01
6.923923923923924750e-02 4.463619612514841961e-01
6.924924924924925895e-02 4.466127718631895394e-01
6.925925925925927040e-02 4.468637465722510305e-01
6.926926926926926797e-02 4.471148874072691792e-01
6.927927927927927942e-02 4.473661963860023905e-01
6.928928928928929087e-02 4.476176755153274955e-01
6.929929929929930232e-02 4.478693267912052245e-01
6.930930930930931377e-02 4.481211521986429580e-01
6.931931931931932522e-02 4.483731537116610322e-01
6.932932932932933667e-02 4.486253332932571558e-01
6.933933933933934812e-02 4.488776928953731038e-01
6.934934934934935957e-02 4.491302344588609663e-01
6.935935935935935714e-02 4.493829599134519515e-01
6.936936936936938247e-02 4.496358711777253547e-01
6.937937937937938004e-02 4.498889701590744195e-01
6.938938938938939149e-02 4.501422587536804132e-01
6.939939939939940294e-02 4.503957388464797096e-01
6.940940940940941439e-02 4.506494123111359773e-01
6.941941941941942584e-02 4.509032810100127020e-01
6.942942942942943729e-02 4.511573467941450422e-01
6.943943943943944874e-02 4.514116115032135723e-01
6.944944944944946019e-02 4.516660769655160279e-01
6.945945945945947164e-02 4.519207449979462110e-01
6.946946946946946921e-02 4.521756174059641809e-01
6.947947947947948066e-02 4.524306959835757702e-01
6.948948948948949211e-02 4.526859825133060511e-01
6.949949949949950356e-02 4.529414787661802388e-01
6.950950950950951501e-02 4.531971865016983791e-01
6.951951951951952646e-02 4.534531074677176643e-01
6.952952952952953791e-02 4.537092434008203057e-01
6.953953953953954936e-02 4.539655960257107381e-01
6.954954954954956081e-02 4.542221670555840474e-01
6.955955955955955838e-02 4.544789581920101740e-01
6.956956956956956983e-02 4.547359711249149838e-01
6.957957957957958128e-02 4.549932075325642256e-01
6.958958958958959273e-02 4.552506690815439350e-01
6.959959959959960418e-02 4.555083574267472790e-01
6.960960960960961563e-02 4.557662742113547383e-01
6.961961961961962708e-02 4.560244210668230047e-01
6.962962962962963853e-02 4.562827996128674402e-01
6.963963963963964998e-02 4.565414114574500859e-01
6.964964964964966143e-02 4.568002581967641196e-01
6.965965965965967288e-02 4.570593414152237521e-01
6.966966966966967045e-02 4.573186626854493508e-01
6.967967967967968190e-02 4.575782235682596677e-01
6.968968968968969335e-02 4.578380256126562964e-01
6.969969969969970480e-02 4.580980703558166223e-01
6.970970970970971625e-02 4.583583593230833308e-01
6.971971971971972770e-02 4.586188940279538051e-01
6.972972972972973915e-02 4.588796759720739638e-01
6.973973973973975060e-02 4.591407066452283803e-01
6.974974974974976205e-02 4.594019875252778329e-01
6.975975975975975962e-02 4.596635200783740771e-01
6.976976976976977107e-02 4.599253057586227267e-01
6.977977977977978252e-02 4.601873460082968048e-01
6.978978978978979397e-02 4.604496422577767922e-01
6.979979979979980542e-02 4.607121959255475740e-01
6.980980980980981687e-02 4.609750084181915009e-01
6.981981981981982832e-02 4.612380811303881667e-01
6.982982982982983977e-02 4.615014154449093575e-01
6.983983983983985122e-02 4.617650127326172194e-01
6.984984984984984879e-02 4.620288743524608721e-01
6.985985985985986024e-02 4.622930016514806284e-01
6.986986986986987169e-02 4.625573959647987787e-01
6.987987987987988314e-02 4.628220586156265304e-01
6.988988988988989459e-02 4.630869909152599551e-01
6.989989989989990604e-02 4.633521941630838192e-01
6.990990990990991749e-02 4.636176696465698632e-01
6.991991991991992894e-02 4.638834186412822969e-01
6.992992992992994039e-02 4.641494424108759675e-01
6.993993993993995184e-02 4.644157422071029662e-01
6.994994994994996329e-02 4.646823192698137373e-01
6.995995995995996086e-02 4.649491748269614089e-01
6.996996996996997231e-02 4.652163100946080654e-01
6.997997997997998376e-02 4.654837262769251360e-01
6.998998998998999521e-02 4.657514245662048302e-01
7.000000000000000666e-02 4.660194061428603596e-01
