5.999999999999999778e-02 4.438493068293444810e-01
6.001001001001000923e-02 4.424916482889764691e-01
6.002002002002002068e-02 4.411340031917450055e-01
6.003003003003002519e-02 4.397763908331368543e-01
6.004004004004003664e-02 4.384188306860264395e-01
6.005005005005004809e-02 4.370571008146857950e-01
6.006006006006005954e-02 4.356919947688479566e-01
6.007007007007007099e-02 4.343269928967256610e-01
6.008008008008007550e-02 4.329621154259937765e-01
6.009009009009008695e-02 4.315973827714575939e-01
6.010010010010009840e-02 4.302316579427230558e-01
6.011011011011010985e-02 4.288601200254532064e-01
6.012012012012012130e-02 4.274887820799858074e-01
6.013013013013012581e-02 4.261176652982032187e-01
6.014014014014013726e-02 4.247467910688741410e-01
6.015015015015014871e-02 4.233761809798387565e-01
6.016016016016016016e-02 4.220058568202011973e-01
6.017017017017016467e-02 4.206358405825751934e-01
6.018018018018017612e-02 4.192661544652429573e-01
6.019019019019018757e-02 4.178968208748429225e-01
6.020020020020019902e-02 4.165278624281197883e-01
6.021021021021021047e-02 4.151593019546664376e-01
6.022022022022021498e-02 4.137911624992225423e-01
6.023023023023022643e-02 4.124234673240931293e-01
6.024024024024023788e-02 4.110562399116115539e-01
6.025025025025024933e-02 4.096895039666282323e-01
6.026026026026026078e-02 4.083232834190299032e-01
6.027027027027026529e-02 4.069576024263032998e-01
6.028028028028027674e-02 4.055924853761196935e-01
6.029029029029028819e-02 4.042279568889679542e-01
6.030030030030029964e-02 4.028640418208092600e-01
6.031031031031031109e-02 4.015007652657772708e-01
6.032032032032031560e-02 4.001381525589075006e-01
6.033033033033032705e-02 3.987762292789011065e-01
6.034034034034033850e-02 3.974150212509340863e-01
6.035035035035034995e-02 3.960545545494905673e-01
6.036036036036036140e-02 3.946948555012434467e-01
6.037037037037036591e-02 3.933359506879633427e-01
6.038038038038037736e-02 3.919778669494660139e-01
6.039039039039038881e-02 3.906206313866054103e-01
6.040040040040040026e-02 3.892642713642932017e-01
6.041041041041041171e-02 3.879088145145620503e-01
6.042042042042041622e-02 3.865542887396667404e-01
6.043043043043042767e-02 3.852007222152173394e-01
6.044044044044043912e-02 3.838481433933595977e-01
6.045045045045045057e-02 3.824965810059919313e-01
6.046046046046046202e-02 3.811460640680115475e-01
6.047047047047046653e-02 3.797966218806120842e-01
6.048048048048047798e-02 3.784482840346090060e-01
6.049049049049048943e-02 3.771010804138127948e-01
6.050050050050050088e-02 3.757550411984378891e-01
6.051051051051050539e-02 3.744101968685461523e-01
6.052052052052051684e-02 3.730665782075303638e-01
6.053053053053052829e-02 3.717242163056477255e-01
6.054054054054053974e-02 3.703831425635739083e-01
6.055055055055055119e-02 3.690433886960107213e-01
6.056056056056055570e-02 3.677049867353247570e-01
6.057057057057056715e-02 3.663679690352215079e-01
6.058058058058057860e-02 3.650281589316166087e-01
6.059059059059059005e-02 3.636840753833822104e-01
6.060060060060060150e-02 3.623414587727047942e-01
6.061061061061060601e-02 3.610003426009210092e-01
6.062062062062061746e-02 3.596607607080096747e-01
6.063063063063062891e-02 3.583227472765453392e-01
6.064064064064064036e-02 3.569863368356773203e-01
6.065065065065065181e-02 3.556515642651522646e-01
6.066066066066065632e-02 3.543184647993795622e-01
6.067067067067066777e-02 3.529870740315202982e-01
6.068068068068067922e-02 3.516574279176290507e-01
6.069069069069069067e-02 3.503295627808215018e-01
6.070070070070070212e-02 3.490035153154791292e-01
6.071071071071070663e-02 3.476793225914897034e-01
6.072072072072071808e-02 3.463570220585180381e-01
6.073073073073072953e-02 3.450283902826046800e-01
6.074074074074074098e-02 3.436955588042378551e-01
6.075075075075075243e-02 3.423647046741180588e-01
6.076076076076075694e-02 3.410358665349622065e-01
6.077077077077076839e-02 3.397090834284500205e-01
6.078078078078077984e-02 3.383843947997811630e-01
6.079079079079079129e-02 3.370618405022657305e-01
6.080080080080080274e-02 3.357414608019448354e-01
6.081081081081080725e-02 3.344232963822368343e-01
6.082082082082081870e-02 3.331073883486128095e-01
6.083083083083083015e-02 3.317937782333008623e-01
6.084084084084084160e-02 3.304825080000041160e-01
6.085085085085084611e-02 3.291736200497356601e-01
6.086086086086085756e-02 3.278671572212595864e-01
6.087087087087086901e-02 3.265631628023448196e-01
6.088088088088088046e-02 3.252616805313052750e-01
6.089089089089089191e-02 3.239627545987223689e-01
6.090090090090089642e-02 3.226664296595110337e-01
6.091091091091090787e-02 3.213727508295787794e-01
6.092092092092091932e-02 3.200817636977221770e-01
6.093093093093093077e-02 3.187935143264636340e-01
6.094094094094094222e-02 3.175080492578877811e-01
6.095095095095094673e-02 3.162254155184789361e-01
6.096096096096095818e-02 3.149456606239483536e-01
6.097097097097096963e-02 3.136688325840581992e-01
6.098098098098098108e-02 3.123949799074195455e-01
6.099099099099099253e-02 3.111241516062830947e-01
6.100100100100099704e-02 3.098563972013003709e-01
6.101101101101100849e-02 3.085917667271492193e-01
6.102102102102101994e-02 3.073303107336887718e-01
6.103103103103103139e-02 3.060720802959449038e-01
6.104104104104104284e-02 3.048171270160619506e-01
6.105105105105104735e-02 3.035655030253302522e-01
6.106106106106105880e-02 3.023172609938568622e-01
6.107107107107107025e-02 3.010724541316194269e-01
6.108108108108108170e-02 2.998311361937246455e-01
6.109109109109109315e-02 2.985933614847490758e-01
6.110110110110109766e-02 2.973591848630046108e-01
6.111111111111110911e-02 2.961286617453403602e-01
6.112112112112112056e-02 2.949018481087093413e-01
6.113113113113113201e-02 2.936788004979606348e-01
6.114114114114113652e-02 2.924595760271866407e-01
6.115115115115114797e-02 2.912442323841328284e-01
6.116116116116115942e-02 2.900328278338533683e-01
6.117117117117117087e-02 2.888254212229584006e-01
6.118118118118118232e-02 2.876220719801004244e-01
6.119119119119118683e-02 2.864228401235540122e-01
6.120120120120119828e-02 2.852277862614023274e-01
6.121121121121120973e-02 2.840369715951772123e-01
6.122122122122122118e-02 2.828504579225911697e-01
6.123123123123123263e-02 2.816683076400888219e-01
6.124124124124123714e-02 2.804905837451899808e-01
6.125125125125124859e-02 2.793173498386328224e-01
6.126126126126126004e-02 2.781486701269130779e-01
6.127127127127127149e-02 2.769791598367378205e-01
6.128128128128128294e-02 2.758030222817263732e-01
6.129129129129128745e-02 2.746315654498958092e-01
6.130130130130129890e-02 2.734648552258140963e-01
6.131131131131131035e-02 2.723029581126038545e-01
6.132132132132132180e-02 2.711459412329814134e-01
6.133133133133133325e-02 2.699938723299906140e-01
6.134134134134133776e-02 2.688468197674462878e-01
6.135135135135134921e-02 2.677048525300440018e-01
6.136136136136136066e-02 2.665680402231507262e-01
6.137137137137137211e-02 2.654364530722256865e-01
6.138138138138138356e-02 2.643101619218878873e-01
6.139139139139138807e-02 2.631892382345923931e-01
6.140140140140139952e-02 2.620737540889070405e-01
6.141141141141141097e-02 2.609637821773801991e-01
6.142142142142142242e-02 2.598593958039579488e-01
6.143143143143142693e-02 2.587606688809615529e-01
6.144144144144143838e-02 2.576676759260649319e-01
6.145145145145144983e-02 2.565804920563844460e-01
6.146146146146146128e-02 2.554991929868626888e-01
6.147147147147147273e-02 2.544238550233188234e-01
6.148148148148147724e-02 2.533545550573589322e-01
6.149149149149148869e-02 2.522913705602206624e-01
6.150150150150150014e-02 2.512343795760587639e-01
6.151151151151151159e-02 2.501836607145918046e-01
6.152152152152152303e-02 2.491392931431399005e-01
6.153153153153152755e-02 2.481013565780054997e-01
6.154154154154153900e-02 2.470699312751856724e-01
6.155155155155155045e-02 2.460450980203916505e-01
6.156156156156156189e-02 2.450269381183567963e-01
6.157157157157157334e-02 2.440155333814122418e-01
6.158158158158157786e-02 2.430109661173036617e-01
6.159159159159158931e-02 2.420133191162367747e-01
6.160160160160160076e-02 2.410226756371269818e-01
6.161161161161161220e-02 2.400384191407650414e-01
6.162162162162162365e-02 2.390413290053718942e-01
6.163163163163162817e-02 2.380513814457545507e-01
6.164164164164163962e-02 2.370686608197209166e-01
6.165165165165165106e-02 2.360932519121368700e-01
6.166166166166166251e-02 2.351252399176471108e-01
6.167167167167167396e-02 2.341647104224646447e-01
6.168168168168167848e-02 2.332117493857800705e-01
6.169169169169168992e-02 2.322664431175029964e-01
6.170170170170170137e-02 2.313288782604426275e-01
6.171171171171171282e-02 2.303991417660795904e-01
6.172172172172172427e-02 2.294773208720402857e-01
6.173173173173172879e-02 2.285635030780011623e-01
6.174174174174174023e-02 2.276577761205490491e-01
6.175175175175175168e-02 2.267602279469922988e-01
6.176176176176176313e-02 2.258709466880973737e-01
6.177177177177177458e-02 2.249900206297437977e-01
6.178178178178177909e-02 2.241175381834910052e-01
6.179179179179179054e-02 2.232535878560384379e-01
6.180180180180180199e-02 2.223982582175832168e-01
6.181181181181181344e-02 2.215516378690528254e-01
6.182182182182181795e-02 2.207138154082298187e-01
6.183183183183182940e-02 2.198848793947402736e-01
6.184184184184184085e-02 2.190649183139303513e-01
6.185185185185185230e-02 2.182540205396184818e-01
6.186186186186186375e-02 2.174522742957197274e-01
6.187187187187186826e-02 2.166597676167723030e-01
6.188188188188187971e-02 2.158765883073472391e-01
6.189189189189189116e-02 2.151028239003741904e-01
6.190190190190190261e-02 2.143385616143745620e-01
6.191191191191191406e-02 2.135838883096438656e-01
6.192192192192191857e-02 2.128388904433785589e-01
6.193193193193193002e-02 2.121036540237741241e-01
6.194194194194194147e-02 2.113782645631413215e-01
6.195195195195195292e-02 2.106628070300266276e-01
6.196196196196196437e-02 2.099573658004074694e-01
6.197197197197196888e-02 2.092620246079704427e-01
6.198198198198198033e-02 2.085768664935181704e-01
6.199199199199199178e-02 2.079019737535476864e-01
6.200200200200200323e-02 2.072374278880374510e-01
6.201201201201201468e-02 2.065833095474955972e-01
6.202202202202201919e-02 2.059396984793100127e-01
6.203203203203203064e-02 2.053066734734668719e-01
6.204204204204204209e-02 2.046843123077417836e-01
6.205205205205205354e-02 2.040726916921341283e-01
6.206206206206206499e-02 2.034718872131680290e-01
6.207207207207206950e-02 2.028819732777178975e-01
6.208208208208208095e-02 2.023030230563077625e-01
6.209209209209209240e-02 2.017351084263525052e-01
6.210210210210210385e-02 2.011782999151724149e-01
6.211211211211210836e-02 2.006326666429166516e-01
6.212212212212211981e-02 2.000982762654640312e-01
6.213213213213213126e-02 1.995751949174059126e-01
6.214214214214214271e-02 1.990474625876658410e-01
6.215215215215215416e-02 1.985291052929591404e-01
6.216216216216215867e-02 1.980221540422895110e-01
6.217217217217217012e-02 1.975266698631046869e-01
6.218218218218218157e-02 1.970427120532579346e-01
6.219219219219219302e-02 1.965703381257263294e-01
6.220220220220220447e-02 1.961096037539211689e-01
6.221221221221220898e-02 1.956605627176905837e-01
6.222222222222222043e-02 1.952232668501016066e-01
6.223223223223223188e-02 1.947977659851138910e-01
6.224224224224224333e-02 1.943841079062291755e-01
6.225225225225225478e-02 1.939823382962297671e-01
6.226226226226225929e-02 1.935925006880928056e-01
6.227227227227227074e-02 1.932146364171854758e-01
6.228228228228228219e-02 1.928487845748425855e-01
6.229229229229229364e-02 1.924949819634091119e-01
6.230230230230230509e-02 1.921532630528603736e-01
6.231231231231230960e-02 1.918236599390782948e-01
6.232232232232232105e-02 1.915062023038878736e-01
6.233233233233233250e-02 1.912009173769320947e-01
6.234234234234234395e-02 1.909078298994782152e-01
6.235235235235235540e-02 1.906269620902362183e-01
6.236236236236235991e-02 1.903583336132727843e-01
6.237237237237237136e-02 1.901019615480862290e-01
6.238238238238238281e-02 1.898578603619307803e-01
6.239239239239239426e-02 1.896260418844458451e-01
6.240240240240239877e-02 1.894065152846539368e-01
6.241241241241241022e-02 1.891992870503957092e-01
6.242242242242242167e-02 1.890043609702420635e-01
6.243243243243243312e-02 1.888217381179412846e-01
6.244244244244244457e-02 1.886514168394407553e-01
6.245245245245244908e-02 1.884933927425182787e-01
6.246246246246246053e-02 1.883476586890552584e-01
6.247247247247247198e-02 1.882142047899788007e-01
6.248248248248248343e-02 1.880930184029424579e-01
6.249249249249249488e-02 1.879840841324279810e-01
6.250250250250249939e-02 1.878873838331193147e-01
6.251251251251251084e-02 1.878028966154050572e-01
6.252252252252252229e-02 1.877305988538675308e-01
6.253253253253253374e-02 1.876704641984071054e-01
6.254254254254254519e-02 1.876224635880270886e-01
6.255255255255255664e-02 1.875865652672644157e-01
6.256256256256256809e-02 1.875627348052276433e-01
6.257257257257256566e-02 1.875509351169832584e-01
6.258258258258257711e-02 1.875511264886109697e-01
6.259259259259258856e-02 1.875632666024697193e-01
6.260260260260260001e-02 1.875873105671542196e-01
6.261261261261261146e-02 1.876232109486907773e-01
6.262262262262262291e-02 1.876709178042670623e-01
6.263263263263263436e-02 1.877303787181878736e-01
6.264264264264264581e-02 1.878015388399995877e-01
6.265265265265265726e-02 1.878843409246898633e-01
6.266266266266266871e-02 1.879787253748932407e-01
6.267267267267266628e-02 1.880846302850062990e-01
6.268268268268267773e-02 1.882019914871335409e-01
6.269269269269268918e-02 1.883307425987613415e-01
6.270270270270270063e-02 1.884708150720748598e-01
6.271271271271271208e-02 1.886221382448162731e-01
6.272272272272272353e-02 1.887846393925828037e-01
6.273273273273273498e-02 1.889582437824709749e-01
6.274274274274274643e-02 1.891428747279596811e-01
6.275275275275275788e-02 1.893384536449309319e-01
6.276276276276276933e-02 1.895449001087258778e-01
6.277277277277276690e-02 1.897621319121295669e-01
6.278278278278277835e-02 1.899900651241860361e-01
6.279279279279278980e-02 1.902286141497344651e-01
6.280280280280280125e-02 1.904776917895671384e-01
6.281281281281281270e-02 1.907372093004492952e-01
6.282282282282282415e-02 1.910070764588494008e-01
6.283283283283283560e-02 1.912872016184147816e-01
6.284284284284284705e-02 1.915774917739206384e-01
6.285285285285285850e-02 1.918668986778784002e-01
6.286286286286285607e-02 1.921548361717309583e-01
6.287287287287286752e-02 1.924526702656294552e-01
6.288288288288287897e-02 1.927603059583716527e-01
6.289289289289289042e-02 1.930776471383963411e-01
6.290290290290290187e-02 1.934045966435788688e-01
6.291291291291291332e-02 1.936978623422697388e-01
6.292292292292292477e-02 1.939235723310921145e-01
6.293293293293293622e-02 1.941590326286205814e-01
6.294294294294294767e-02 1.944041626939313483e-01
6.295295295295295912e-02 1.946588806992858578e-01
6.296296296296295669e-02 1.949231035809746992e-01
6.297297297297296814e-02 1.951967470903460955e-01
6.298298298298297959e-02 1.954797258449459674e-01
6.299299299299299104e-02 1.957719533797074030e-01
6.300300300300300249e-02 1.960733421981082913e-01
6.301301301301301394e-02 1.963838038232436078e-01
6.302302302302302539e-02 1.967032488487344688e-01
6.303303303303303684e-02 1.970315869894201100e-01
6.304304304304304829e-02 1.973057071253249140e-01
6.305305305305305974e-02 1.975263052100757755e-01
6.306306306306305731e-02 1.977558545733915929e-01
6.307307307307306876e-02 1.979942818789014181e-01
6.308308308308308021e-02 1.982415126983422538e-01
6.309309309309309166e-02 1.984974715535718359e-01
6.310310310310310311e-02 1.987620819587031518e-01
6.311311311311311456e-02 1.990352664623096235e-01
6.312312312312312601e-02 1.993169466896477227e-01
6.313313313313313746e-02 1.996070433848435299e-01
6.314314314314314891e-02 1.999054764529992756e-01
6.315315315315314648e-02 2.002121650021615462e-01
6.316316316316315793e-02 2.005270273851157969e-01
6.317317317317316938e-02 2.008499812409492991e-01
6.318318318318318083e-02 2.011809435363489662e-01
6.319319319319319228e-02 2.015198306065854872e-01
6.320320320320320373e-02 2.018665581961482380e-01
6.321321321321321518e-02 2.022210414982581195e-01
6.322322322322322663e-02 2.025831951975896605e-01
6.323323323323323808e-02 2.029529335052744632e-01
6.324324324324324953e-02 2.033301702006513056e-01
6.325325325325324710e-02 2.037148186688763629e-01
6.326326326326325855e-02 2.041067919386981844e-01
6.327327327327327000e-02 2.045060027196473063e-01
6.328328328328328145e-02 2.049123634386193216e-01
6.329329329329329290e-02 2.053257862758235686e-01
6.330330330330330435e-02 2.057461832000765378e-01
6.331331331331331580e-02 2.061734660034222899e-01
6.332332332332332725e-02 2.066075463350550145e-01
6.333333333333333870e-02 2.070483357345369591e-01
6.334334334334335015e-02 2.074957456642866904e-01
6.335335335335334772e-02 2.079496875413321955e-01
6.336336336336335917e-02 2.084100727683141918e-01
6.337337337337337062e-02 2.088768127637263550e-01
6.338338338338338207e-02 2.093498189913934049e-01
6.339339339339339352e-02 2.098290029891684561e-01
6.340340340340340497e-02 2.103071657224501179e-01
6.341341341341341642e-02 2.107821403404761818e-01
6.342342342342342787e-02 2.112630743515181708e-01
6.343343343343343932e-02 2.117498808759631646e-01
6.344344344344345077e-02 2.122424732037273276e-01
6.345345345345344834e-02 2.127407648186623867e-01
6.346346346346345979e-02 2.132446694222082384e-01
6.347347347347347124e-02 2.137541009562773098e-01
6.348348348348348269e-02 2.142689736253942934e-01
6.349349349349349414e-02 2.147892019180792089e-01
6.350350350350350559e-02 2.153147006274836739e-01
6.351351351351351704e-02 2.158453848701899214e-01
6.352352352352352849e-02 2.163811701097633489e-01
6.353353353353353994e-02 2.169219721686014013e-01
6.354354354354355139e-02 2.174677072500325048e-01
6.355355355355354896e-02 2.180182919542217324e-01
6.356356356356356041e-02 2.185736432944717644e-01
6.357357357357357186e-02 2.191336787128263242e-01
6.358358358358358331e-02 2.196983160949964042e-01
6.359359359359359476e-02 2.202674737834110774e-01
6.360360360360360621e-02 2.208410705956135867e-01
6.361361361361361766e-02 2.214190258300062775e-01
6.362362362362362911e-02 2.220012592829525844e-01
6.363363363363364056e-02 2.225876912592645585e-01
6.364364364364363813e-02 2.231782425832731787e-01
6.365365365365364958e-02 2.237728346093049436e-01
6.366366366366366103e-02 2.243713892315666036e-01
6.367367367367367248e-02 2.249738288934625685e-01
6.368368368368368393e-02 2.255800765963521526e-01
6.369369369369369538e-02 2.261900559077633655e-01
6.370370370370370683e-02 2.268036909690723246e-01
6.371371371371371828e-02 2.274209065026661647e-01
6.372372372372372973e-02 2.280416278186045698e-01
6.373373373373374118e-02 2.286657808207866183e-01
6.374374374374373875e-02 2.292932920126451446e-01
6.375375375375375020e-02 2.299240885023778047e-01
6.376376376376376165e-02 2.305580980077242825e-01
6.377377377377377310e-02 2.311952488603161715e-01
6.378378378378378455e-02 2.318354700081520781e-01
6.379379379379379600e-02 2.324786910248928529e-01
6.380380380380380745e-02 2.331248421043168317e-01
6.381381381381381890e-02 2.337738540688295841e-01
6.382382382382383035e-02 2.344256583703897279e-01
6.383383383383384180e-02 2.350801870925193215e-01
6.384384384384383937e-02 2.357373729519699479e-01
6.385385385385385082e-02 2.363971493000613100e-01
6.386386386386386227e-02 2.370594501236918394e-01
6.387387387387387372e-02 2.377242100460511265e-01
6.388388388388388517e-02 2.383913643270278437e-01
6.389389389389389662e-02 2.390608488633423345e-01
6.390390390390390807e-02 2.397326001883968993e-01
6.391391391391391952e-02 2.404065554718729791e-01
6.392392392392393097e-02 2.410826525190692404e-01
6.393393393393392854e-02 2.417608297700045150e-01
6.394394394394393999e-02 2.424410262982912567e-01
6.395395395395395144e-02 2.431231818097819575e-01
6.396396396396396289e-02 2.438072366410130032e-01
6.397397397397397434e-02 2.444931317574446927e-01
6.398398398398398579e-02 2.451808087515102985e-01
6.399399399399399724e-02 2.458702098404823844e-01
6.400400400400400869e-02 2.465612778641673997e-01
6.401401401401402014e-02 2.472539562824335735e-01
6.402402402402403159e-02 2.479481891725855980e-01
6.403403403403402916e-02 2.486439212265865173e-01
6.404404404404404061e-02 2.493410977481472224e-01
6.405405405405405206e-02 2.500396646496726438e-01
6.406406406406406351e-02 2.507395684490916765e-01
6.407407407407407496e-02 2.514407562665662565e-01
6.408408408408408641e-02 2.521431758210878060e-01
6.409409409409409786e-02 2.528467754269724810e-01
6.410410410410410931e-02 2.535515039902559997e-01
6.411411411411412076e-02 2.542573110049981544e-01
6.412412412412413221e-02 2.549641465495030013e-01
6.413413413413412978e-02 2.556719612824552845e-01
6.414414414414414123e-02 2.563807064389921897e-01
6.415415415415415268e-02 2.570903338266933291e-01
6.416416416416416413e-02 2.578007958215189355e-01
6.417417417417417558e-02 2.585120453636869930e-01
6.418418418418418703e-02 2.592240359534919714e-01
6.419419419419419848e-02 2.599367216470831465e-01
6.420420420420420993e-02 2.606500570521926297e-01
6.421421421421422138e-02 2.613639973238262582e-01
6.422422422422421895e-02 2.620784981595622454e-01
6.423423423423423040e-02 2.627935157945495703e-01
6.424424424424424185e-02 2.635090070031663179e-01
6.425425425425425330e-02 2.642249290837185849e-01
6.426426426426426475e-02 2.649412398618322673e-01
6.427427427427427620e-02 2.656578976839364392e-01
6.428428428428428765e-02 2.663748614127847136e-01
6.429429429429429910e-02 2.670920904229646675e-01
6.430430430430431055e-02 2.678095445963971089e-01
6.431431431431432200e-02 2.685271843174827366e-01
6.432432432432431957e-02 2.692449704699891866e-01
6.433433433433433102e-02 2.699628644304606917e-01
6.434434434434434247e-02 2.706808280650970233e-01
6.435435435435435392e-02 2.713988237249105873e-01
6.436436436436436537e-02 2.721168142412317414e-01
6.437437437437437682e-02 2.728347629212268810e-01
6.438438438438438827e-02 2.735526335434247391e-01
6.439439439439439972e-02 2.742703903532568988e-01
6.440440440440441117e-02 2.749879980586104611e-01
6.441441441441442262e-02 2.757054218254025302e-01
6.442442442442442019e-02 2.764226272731645784e-01
6.443443443443443164e-02 2.771395804706583421e-01
6.444444444444444309e-02 2.778562479314953260e-01
6.445445445445445454e-02 2.785725966097937767e-01
6.446446446446446599e-02 2.792885938958524772e-01
6.447447447447447744e-02 2.800042076118482437e-01
6.448448448448448889e-02 2.807194060075647313e-01
6.449449449449450034e-02 2.814341577561365049e-01
6.450450450450451179e-02 2.821484319498350768e-01
6.451451451451450936e-02 2.828621980958731519e-01
6.452452452452452081e-02 2.835754261122436226e-01
6.453453453453453226e-02 2.842880863235823230e-01
6.454454454454454371e-02 2.850001494570709171e-01
6.455455455455455516e-02 2.857115866383617697e-01
6.456456456456456661e-02 2.864223693875430632e-01
6.457457457457457806e-02 2.871324696151296152e-01
6.458458458458458951e-02 2.878418596180939426e-01
6.459459459459460096e-02 2.885505120759228048e-01
6.460460460460461241e-02 2.892584000467140481e-01
6.461461461461460998e-02 2.899654969633065904e-01
6.462462462462462143e-02 2.906717766294442673e-01
6.463463463463463288e-02 2.913772132159733186e-01
6.464464464464464433e-02 2.920817812570749572e-01
6.465465465465465578e-02 2.927854556465412372e-01
6.466466466466466723e-02 2.934882116340732372e-01
6.467467467467467868e-02 2.941900248216271496e-01
6.468468468468469013e-02 2.948908711597892363e-01
6.469469469469470158e-02 2.955907269441893082e-01
6.470470470470471303e-02 2.962895688119500104e-01
6.471471471471471060e-02 2.969873737381699130e-01
6.472472472472472205e-02 2.976841190324523434e-01
6.473473473473473350e-02 2.983797823354539247e-01
6.474474474474474495e-02 2.990743416154822421e-01
6.475475475475475640e-02 2.997677751651257050e-01
6.476476476476476785e-02 3.004600615979192146e-01
6.477477477477477930e-02 3.011511798450451916e-01
6.478478478478479075e-02 3.018411091520704637e-01
6.479479479479480220e-02 3.025298290757206243e-01
6.480480480480479977e-02 3.032173194806870309e-01
6.481481481481481122e-02 3.039035605364716619e-01
6.482482482482482267e-02 3.045885327142656696e-01
6.483483483483483412e-02 3.052722167838598510e-01
6.484484484484484557e-02 3.059545938105992513e-01
6.485485485485485702e-02 3.066356451523613025e-01
6.486486486486486847e-02 3.073153524565765404e-01
6.487487487487487992e-02 3.079936976572759666e-01
6.488488488488489137e-02 3.086706629721807094e-01
6.489489489489490281e-02 3.093462308998194410e-01
6.490490490490490039e-02 3.100203842166771584e-01
6.491491491491491184e-02 3.106931059743875956e-01
6.492492492492492329e-02 3.113643794969430112e-01
6.493493493493493474e-02 3.120341883779485515e-01
6.494494494494494619e-02 3.127025164779065336e-01
6.495495495495495764e-02 3.133693479215285405e-01
6.496496496496496909e-02 3.140346670950813768e-01
6.497497497497498053e-02 3.146984586437661657e-01
6.498498498498499198e-02 3.153607074691248124e-01
6.499499499499500343e-02 3.160213987264811064e-01
6.500500500500500101e-02 3.166805178224063599e-01
6.501501501501501246e-02 3.173380504122265133e-01
6.502502502502502391e-02 3.179939823975408419e-01
6.503503503503503536e-02 3.186482999237889580e-01
6.504504504504504681e-02 3.193009893778344099e-01
6.505505505505505826e-02 3.199520373855828659e-01
6.506506506506506970e-02 3.206014308096243881e-01
6.507507507507508115e-02 3.212491567469089038e-01
6.508508508508509260e-02 3.218952025264466554e-01
6.509509509509509018e-02 3.225395557070315222e-01
6.510510510510510163e-02 3.231822040750060299e-01
6.511511511511511308e-02 3.238231356420316343e-01
6.512512512512512453e-02 3.244623386429048018e-01
6.513513513513513598e-02 3.250998015333887992e-01
6.514514514514514743e-02 3.257355129880746269e-01
6.515515515515515887e-02 3.263694618982647122e-01
6.516516516516517032e-02 3.270016373698861334e-01
6.517517517517518177e-02 3.276320287214256055e-01
6.518518518518519322e-02 3.282606254818878910e-01
6.519519519519519080e-02 3.288874173887804675e-01
6.520520520520520225e-02 3.295123943861248406e-01
6.521521521521521370e-02 3.301355466224829560e-01
6.522522522522522515e-02 3.307568644490151977e-01
6.523523523523523659e-02 3.313763384175565374e-01
6.524524524524524804e-02 3.319939592787178317e-01
6.525525525525525949e-02 3.326097179800066028e-01
6.526526526526527094e-02 3.332236056639732991e-01
6.527527527527528239e-02 3.338356136663746532e-01
6.528528528528529384e-02 3.344457335143641297e-01
6.529529529529529142e-02 3.350539569246976934e-01
6.530530530530530287e-02 3.356602758019649468e-01
6.531531531531531432e-02 3.362646822368373645e-01
6.532532532532532576e-02 3.368671685043368447e-01
6.533533533533533721e-02 3.374677270621288527e-01
6.534534534534534866e-02 3.380663505488264997e-01
6.535535535535536011e-02 3.386630317823230985e-01
6.536536536536537156e-02 3.392577637581379313e-01
6.537537537537538301e-02 3.398505396477838336e-01
6.538538538538538059e-02 3.404413527971463238e-01
6.539539539539539204e-02 3.410301967248958732e-01
6.540540540540540349e-02 3.416170651208982334e-01
6.541541541541541493e-02 3.422019518446608455e-01
6.542542542542542638e-02 3.427848509237833019e-01
6.543543543543543783e-02 3.433657565524320665e-01
6.544544544544544928e-02 3.439446630898298496e-01
6.545545545545546073e-02 3.445215650587626355e-01
6.546546546546547218e-02 3.450964571441021977e-01
6.547547547547548363e-02 3.456693341913421591e-01
6.548548548548549508e-02 3.462401912051553676e-01
6.549549549549549265e-02 3.468090233479632634e-01
6.550550550550550410e-02 3.473758259385222869e-01
6.551551551551551555e-02 3.479405944505215564e-01
6.552552552552552700e-02 3.485033245112033051e-01
6.553553553553553845e-02 3.490640118999859265e-01
6.554554554554554990e-02 3.496226525471172741e-01
6.555555555555556135e-02 3.501792425323560498e-01
6.556556556556557280e-02 3.507337780835320662e-01
6.557557557557558425e-02 3.512862555754048821e-01
6.558558558558558182e-02 3.518366715282496560e-01
6.559559559559559327e-02 3.523850226066005398e-01
6.560560560560560472e-02 3.529313056179752550e-01
6.561561561561561617e-02 3.534755175116173209e-01
6.562562562562562762e-02 3.540176553772448886e-01
6.563563563563563907e-02 3.545577164438195039e-01
6.564564564564565052e-02 3.550956980783229744e-01
6.565565565565566197e-02 3.556315977845456722e-01
6.566566566566567342e-02 3.561654132018881591e-01
6.567567567567567099e-02 3.566971421041763013e-01
6.568568568568568244e-02 3.572267823985127433e-01
6.569569569569569389e-02 3.577543321240015950e-01
6.570570570570570534e-02 3.582797894507632197e-01
6.571571571571571679e-02 3.588031526786812919e-01
6.572572572572572824e-02 3.593244202363016226e-01
6.573573573573573969e-02 3.598435906797120554e-01
6.574574574574575114e-02 3.603606626914317435e-01
6.575575575575576259e-02 3.608756350793124734e-01
6.576576576576577404e-02 3.613885067754527558e-01
6.577577577577578549e-02 3.618992768351152467e-01
6.578578578578578306e-02 3.624079444356613222e-01
6.579579579579579451e-02 3.629145088754903714e-01
6.580580580580580596e-02 3.634189695729909131e-01
6.581581581581581741e-02 3.639213260655004278e-01
6.582582582582582886e-02 3.644215780082745715e-01
6.583583583583584031e-02 3.649197251734673797e-01
6.584584584584585176e-02 3.654157674491153585e-01
6.585585585585586321e-02 3.659097048381352302e-01
6.586586586586587466e-02 3.664015374573322270e-01
6.587587587587587223e-02 3.668912655364072184e-01
6.588588588588588368e-02 3.673788894169852104e-01
6.589589589589589513e-02 3.678644095516403478e-01
6.590590590590590658e-02 3.683478265029382359e-01
6.591591591591591803e-02 3.688291409424790390e-01
6.592592592592592948e-02 3.693083536499552899e-01
6.593593593593594093e-02 3.697854655122130296e-01
6.594594594594595238e-02 3.702604775223185540e-01
6.595595595595596383e-02 3.707333907786413696e-01
6.596596596596596140e-02 3.712042064839334854e-01
6.597597597597597285e-02 3.716729259444270794e-01
6.598598598598598430e-02 3.721395505689290562e-01
6.599599599599599575e-02 3.726040818679293154e-01
6.600600600600600720e-02 3.730665214527160156e-01
6.601601601601601865e-02 3.735268710344922249e-01
6.602602602602603010e-02 3.739851324235065055e-01
6.603603603603604155e-02 3.744413075281841641e-01
6.604604604604605300e-02 3.748953983542692714e-01
6.605605605605606445e-02 3.753474070039693467e-01
6.606606606606607590e-02 3.757973356751100891e-01
6.607607607607607347e-02 3.762451866602951611e-01
6.608608608608608492e-02 3.766909623460706347e-01
6.609609609609609637e-02 3.771346652120963761e-01
6.610610610610610782e-02 3.775762978303230377e-01
6.611611611611611927e-02 3.780158628641777652e-01
6.612612612612613072e-02 3.784533630677518468e-01
6.613613613613614217e-02 3.788888012849950249e-01
6.614614614614615362e-02 3.793221804489169680e-01
6.615615615615616507e-02 3.797535035807931281e-01
6.616616616616616264e-02 3.801827737893772041e-01
6.617617617617617409e-02 3.806099942701163252e-01
6.618618618618618554e-02 3.810351683043743942e-01
6.619619619619619699e-02 3.814582992586580401e-01
6.620620620620620844e-02 3.818793905838511193e-01
6.621621621621621989e-02 3.822984458144514375e-01
6.622622622622623134e-02 3.827154685678115231e-01
6.623623623623624279e-02 3.831304625433896716e-01
6.624624624624625424e-02 3.835434315219987678e-01
6.625625625625626569e-02 3.839543793650664893e-01
6.626626626626626326e-02 3.843633100138922898e-01
6.627627627627627471e-02 3.847702274889203689e-01
6.628628628628628616e-02 3.851751358890039278e-01
6.629629629629629761e-02 3.855780393906864667e-01
6.630630630630630906e-02 3.859789422474758092e-01
6.631631631631632051e-02 3.863778487891328939e-01
6.632632632632633196e-02 3.867747634209586782e-01
6.633633633633634341e-02 3.871696906230863711e-01
6.634634634634635486e-02 3.875626349497789946e-01
6.635635635635636631e-02 3.879536010287302772e-01
6.636636636636636388e-02 3.883425935603680990e-01
6.637637637637637533e-02 3.887296173171689295e-01
6.638638638638638678e-02 3.891146771429627726e-01
6.639639639639639823e-02 3.894977779522588168e-01
6.640640640640640968e-02 3.898789247295575966e-01
6.641641641641642113e-02 3.902581225286815281e-01
6.642642642642643258e-02 3.906353764721023913e-01
6.643643643643644403e-02 3.910106917502713109e-01
6.644644644644645548e-02 3.913840736209567850e-01
6.645645645645645305e-02 3.917555274085811057e-01
6.646646646646646450e-02 3.921250585035664926e-01
6.647647647647647595e-02 3.924926723616780078e-01
6.648648648648648740e-02 3.928583745033755181e-01
6.649649649649649885e-02 3.932221705131661027e-01
6.650650650650651030e-02 3.935840660389601786e-01
6.651651651651652175e-02 3.939440667914319572e-01
6.652652652652653320e-02 3.943021785433821202e-01
6.653653653653654465e-02 3.946584071291042162e-01
6.654654654654655610e-02 3.950127584437536643e-01
6.655655655655655367e-02 3.953652384427216449e-01
6.656656656656656512e-02 3.957158531410093771e-01
6.657657657657657657e-02 3.960646086126079490e-01
6.658658658658658802e-02 3.964115109898789790e-01
6.659659659659659947e-02 3.967565664629407185e-01
6.660660660660661092e-02 3.970997812790558745e-01
6.661661661661662237e-02 3.974411617420205434e-01
6.662662662662663382e-02 3.977807142115597494e-01
6.663663663663664527e-02 3.981184451027235949e-01
6.664664664664665672e-02 3.984543608852857410e-01
6.665665665665665429e-02 3.987884680831451645e-01
6.666666666666666574e-02 3.991207732737329650e-01
6.667667667667667719e-02 3.994512830874185072e-01
6.668668668668668864e-02 3.997800042069190596e-01
6.669669669669670009e-02 4.001069433667124864e-01
6.670670670670671154e-02 4.004321073524568231e-01
6.671671671671672299e-02 4.007555030004027463e-01
6.672672672672673444e-02 4.010771371968177013e-01
6.673673673673674589e-02 4.013970168774077529e-01
6.674674674674674346e-02 4.017151490267443781e-01
6.675675675675675491e-02 4.020315406776926448e-01
6.676676676676676636e-02 4.023461989108411130e-01
6.677677677677677781e-02 4.026591308539352321e-01
6.678678678678678926e-02 4.029703436813131812e-01
6.679679679679680071e-02 4.032798446133442627e-01
6.680680680680681216e-02 4.035876409158682954e-01
6.681681681681682361e-02 4.038937398996400585e-01
6.682682682682683506e-02 4.041981489197717381e-01
6.683683683683684651e-02 4.045008753751807018e-01
6.684684684684684408e-02 4.048019267080416039e-01
6.685685685685685553e-02 4.051013104032364365e-01
6.686686686686686698e-02 4.053990339878091320e-01
6.687687687687687843e-02 4.056951050304191120e-01
6.688688688688688988e-02 4.059895311408038832e-01
6.689689689689690133e-02 4.062823199692383036e-01
6.690690690690691278e-02 4.065734792059950142e-01
6.691691691691692423e-02 4.068630165808122534e-01
6.692692692692693568e-02 4.071509398623603393e-01
6.693693693693694713e-02 4.074372568577090958e-01
6.694694694694694470e-02 4.077219754118012740e-01
6.695695695695695615e-02 4.080051034069250848e-01
6.696696696696696760e-02 4.082866487621896190e-01
6.697697697697697905e-02 4.085666194329987122e-01
6.698698698698699050e-02 4.088450234105376890e-01
6.699699699699700195e-02 4.091218687212476168e-01
6.700700700700701340e-02 4.093971634263125492e-01
6.701701701701702485e-02 4.096709156211431613e-01
6.702702702702703630e-02 4.099431334348655476e-01
6.703703703703703387e-02 4.102138250298084099e-01
6.704704704704704532e-02 4.104829986009952969e-01
6.705705705705705677e-02 4.107506623756386754e-01
6.706706706706706822e-02 4.110168246126312264e-01
6.707707707707707967e-02 4.112814936020477430e-01
6.708708708708709112e-02 4.115446776646395910e-01
6.709709709709710257e-02 4.118063851513368290e-01
6.710710710710711402e-02 4.120666244427503289e-01
6.711711711711712547e-02 4.123254039486773936e-01
6.712712712712713692e-02 4.125827321076045995e-01
6.713713713713713449e-02 4.128386173862186870e-01
6.714714714714714594e-02 4.130930682789157871e-01
6.715715715715715739e-02 4.133460933073101473e-01
6.716716716716716884e-02 4.135977010197509074e-01
6.717717717717718029e-02 4.138478999908344336e-01
6.718718718718719174e-02 4.140966988209228150e-01
6.719719719719720319e-02 4.143441061356610833e-01
6.720720720720721464e-02 4.145901305854983177e-01
6.721721721721722609e-02 4.148347808452091390e-01
6.722722722722723754e-02 4.150780656134177571e-01
6.723723723723723511e-02 4.153199936121221847e-01
6.724724724724724656e-02 4.155605735862246686e-01
6.725725725725725801e-02 4.157998143030551819e-01
6.726726726726726946e-02 4.160377245519226164e-01
6.727727727727728091e-02 4.162743131435822086e-01
6.728728728728729236e-02 4.165095889098631154e-01
6.729729729729730381e-02 4.167435607031402811e-01
6.730730730730731526e-02 4.169762373958912915e-01
6.731731731731732671e-02 4.172076278802318017e-01
6.732732732732732428e-02 4.174377410674553479e-01
6.733733733733733573e-02 4.176665858875802662e-01
6.734734734734734718e-02 4.178941712888877280e-01
6.735735735735735863e-02 4.181205062374717119e-01
6.736736736736737008e-02 4.183455997167827567e-01
6.737737737737738153e-02 4.185694607271804868e-01
6.738738738738739298e-02 4.187920982854794194e-01
6.739739739739740443e-02 4.190135214245043760e-01
6.740740740740741588e-02 4.192337391926433399e-01
6.741741741741742733e-02 4.194527606534008690e-01
6.742742742742742490e-02 4.196705948849591139e-01
6.743743743743743635e-02 4.198872509797307861e-01
6.744744744744744780e-02 4.201027380439221193e-01
6.745745745745745925e-02 4.203170651970952743e-01
6.746746746746747070e-02 4.205302415717294684e-01
6.747747747747748215e-02 4.207422763127880994e-01
6.748748748748749360e-02 4.209531785772817614e-01
6.749749749749750505e-02 4.211629575338399212e-01
6.750750750750751650e-02 4.213716223622914758e-01
6.751751751751752795e-02 4.215791822531837485e-01
6.752752752752752552e-02 4.217856464074327683e-01
6.753753753753753697e-02 4.219910240358479836e-01
6.754754754754754842e-02 4.221953243587178162e-01
6.755755755755755987e-02 4.223985566053901075e-01
6.756756756756757132e-02 4.226007300138494571e-01
6.757757757757758277e-02 4.228018538302980578e-01
6.758758758758759422e-02 4.230019373087375301e-01
6.759759759759760567e-02 4.232009897105536433e-01
6.760760760760761712e-02 4.233990203041001488e-01
6.761761761761761469e-02 4.235960383642855542e-01
6.762762762762762614e-02 4.237920531721649509e-01
6.763763763763763759e-02 4.239870740145247896e-01
6.764764764764764904e-02 4.241811101834792042e-01
6.765765765765766049e-02 4.243741709760595060e-01
6.766766766766767194e-02 4.245662656938100632e-01
6.767767767767768339e-02 4.247574036423849564e-01
6.768768768768769484e-02 4.249475941311470772e-01
6.769769769769770629e-02 4.251368464727632857e-01
6.770770770770771774e-02 4.253251699828098920e-01
6.771771771771772919e-02 4.255125739793721995e-01
6.772772772772772676e-02 4.256990677826507641e-01
6.773773773773773821e-02 4.258846607145650442e-01
6.774774774774774966e-02 4.260693620983624919e-01
6.775775775775776111e-02 4.262531812582254220e-01
6.776776776776777256e-02 4.264361275188929268e-01
6.777777777777778401e-02 4.266182102052307190e-01
6.778778778778779546e-02 4.267994386419072805e-01
6.779779779779780691e-02 4.269798221529684246e-01
6.780780780780781836e-02 4.271593700614620959e-01
6.781781781781781593e-02 4.273380916890589520e-01
6.782782782782782738e-02 4.275159963556700027e-01
6.783783783783783883e-02 4.276930933790703548e-01
6.784784784784785028e-02 4.278693920745205159e-01
6.785785785785786173e-02 4.280449017543912493e-01
6.786786786786787318e-02 4.282196317277907061e-01
6.787787787787788463e-02 4.283935913001912232e-01
6.788788788788789608e-02 4.285667897730598419e-01
6.789789789789790753e-02 4.287392364434871594e-01
6.790790790790790510e-02 4.289109406038228989e-01
6.791791791791791655e-02 4.290819115413084250e-01
6.792792792792792800e-02 4.292521585377124249e-01
6.793793793793793945e-02 4.294216908689694190e-01
6.794794794794795090e-02 4.295905178048179951e-01
6.795795795795796235e-02 4.297586486084414847e-01
6.796796796796797380e-02 4.299260925361108043e-01
6.797797797797798525e-02 4.300928588368277405e-01
6.798798798798799670e-02 4.302589567519729541e-01
6.799799799799800815e-02 4.304243955149485434e-01
6.800800800800801960e-02 4.305891843508322658e-01
6.801801801801801717e-02 4.307533324760241533e-01
6.802802802802802862e-02 4.309168490978998456e-01
6.803803803803804007e-02 4.310797434141599438e-01
6.804804804804805152e-02 4.312420246137084745e-01
6.805805805805806297e-02 4.314037018744715790e-01
6.806806806806807442e-02 4.315647843642838044e-01
6.807807807807808587e-02 4.317252812402416762e-01
6.808808808808809732e-02 4.318852016483663014e-01
6.809809809809810877e-02 4.320445547232650285e-01
6.810810810810810634e-02 4.322033495877992126e-01
6.811811811811811779e-02 4.323615953527513156e-01
6.812812812812812924e-02 4.325193011164935042e-01
6.813813813813814069e-02 4.326764759646571923e-01
6.814814814814815214e-02 4.328331289698067463e-01
6.815815815815816359e-02 4.329892691911133573e-01
6.816816816816817504e-02 4.331449056740310777e-01
6.817817817817818649e-02 4.333000474499726917e-01
6.818818818818819794e-02 4.334547035359914702e-01
6.819819819819819551e-02 4.336088829344601492e-01
6.820820820820820696e-02 4.337625946327547943e-01
6.821821821821821841e-02 4.339158476029388867e-01
6.822822822822822986e-02 4.340686508014480749e-01
6.823823823823824131e-02 4.342210131687809227e-01
6.824824824824825276e-02 4.343729436291868806e-01
6.825825825825826421e-02 4.345244510903583102e-01
6.826826826826827566e-02 4.346755444431233961e-01
6.827827827827828711e-02 4.348262325611405577e-01
6.828828828828829856e-02 4.349765243005971893e-01
6.829829829829831001e-02 4.351264284999072363e-01
6.830830830830830758e-02 4.352759539794096577e-01
6.831831831831831903e-02 4.354251095410746619e-01
6.832832832832833048e-02 4.355739039682037794e-01
6.833833833833834193e-02 4.357223460251380964e-01
6.834834834834835338e-02 4.358704444569662662e-01
6.835835835835836483e-02 4.360182079892314100e-01
6.836836836836837628e-02 4.361656453276444023e-01
6.837837837837838773e-02 4.363127651577962673e-01
6.838838838838839917e-02 4.364595761448745725e-01
6.839839839839839675e-02 4.366060869333769356e-01
6.840840840840840820e-02 4.367523061468348566e-01
6.841841841841841965e-02 4.368982423875277799e-01
6.842842842842843110e-02 4.370439042362118109e-01
6.843843843843844255e-02 4.371893002518394411e-01
6.844844844844845400e-02 4.373344389712888747e-01
6.845845845845846545e-02 4.374793289090895265e-01
6.846846846846847690e-02 4.376239785571529040e-01
6.847847847847848834e-02 4.377683963845055426e-01
6.848848848848848592e-02 4.379125908370204989e-01
6.849849849849849737e-02 4.380565703371556707e-01
6.850850850850850882e-02 4.382003432836892309e-01
6.851851851851852027e-02 4.383439180514602240e-01
6.852852852852853172e-02 4.384873029911085518e-01
6.853853853853854317e-02 4.386305064288210653e-01
6.854854854854855462e-02 4.387735366660731051e-01
6.855855855855856607e-02 4.389164019793803662e-01
6.856856856856857751e-02 4.390591106200422145e-01
6.857857857857858896e-02 4.392016708138994918e-01
6.858858858858860041e-02 4.393440907610824397e-01
6.859859859859859799e-02 4.394863786357666169e-01
6.860860860860860944e-02 4.396285425859336460e-01
6.861861861861862089e-02 4.397705907331254105e-01
6.862862862862863234e-02 4.399125311722089093e-01
6.863863863863864379e-02 4.400543719711350055e-01
6.864864864864865523e-02 4.401961211707094423e-01
6.865865865865866668e-02 4.403377867843535354e-01
6.866866866866867813e-02 4.404793767978780750e-01
6.867867867867868958e-02 4.406208991692515120e-01
6.868868868868868716e-02 4.407623618283742495e-01
6.869869869869869861e-02 4.409037726768543219e-01
6.870870870870871006e-02 4.410451395877828529e-01
6.871871871871872151e-02 4.411864704055146191e-01
6.872872872872873296e-02 4.413277729454496146e-01
6.873873873873874440e-02 4.414690549938141695e-01
6.874874874874875585e-02 4.416103243074483986e-01
6.875875875875876730e-02 4.417515886135938152e-01
6.876876876876877875e-02 4.418928556096810012e-01
6.877877877877877633e-02 4.420341329631236604e-01
6.878878878878878778e-02 4.421754283111086758e-01
6.879879879879879923e-02 4.423167492603962136e-01
6.880880880880881068e-02 4.424581033871138325e-01
6.881881881881882213e-02 4.425994982365592523e-01
6.882882882882883357e-02 4.427409413229999591e-01
6.883883883883884502e-02 4.428824401294791380e-01
6.884884884884885647e-02 4.430240021076214396e-01
6.885885885885886792e-02 4.431656346774410227e-01
6.886886886886887937e-02 4.433073452271519277e-01
6.887887887887889082e-02 4.434491411129815042e-01
6.888888888888888840e-02 4.435910296589843926e-01
6.889889889889889985e-02 4.437330181568602261e-01
6.890890890890891129e-02 4.438751138657708317e-01
6.891891891891892274e-02 4.440173240121649822e-01
6.892892892892893419e-02 4.441596557895975406e-01
6.893893893893894564e-02 4.443021163585572086e-01
6.894894894894895709e-02 4.444447128462942209e-01
6.895895895895896854e-02 4.445874523466508133e-01
6.896896896896897999e-02 4.447303419198893604e-01
6.897897897897897757e-02 4.448733885925311715e-01
6.898898898898898902e-02 4.450165993571910672e-01
6.899899899899900046e-02 4.451599811724160083e-01
6.900900900900901191e-02 4.453035409625236696e-01
6.901901901901902336e-02 4.454472856174500062e-01
6.902902902902903481e-02 4.455912219925881046e-01
6.903903903903904626e-02 4.457353569086413558e-01
6.904904904904905771e-02 4.458796971514693563e-01
6.905905905905906916e-02 4.460242494719406370e-01
6.906906906906906674e-02 4.461690205857861136e-01
6.907907907907909206e-02 4.463140171734561457e-01
6.908908908908908963e-02 4.464592458799767627e-01
6.909909909909910108e-02 4.466047133148121628e-01
6.910910910910911253e-02 4.467504260517274339e-01
6.911911911911912398e-02 4.468963906286503862e-01
6.912912912912913543e-02 4.470426135475434326e-01
6.913913913913914688e-02 4.471891012742685856e-01
6.914914914914915833e-02 4.473358602384622795e-01
6.915915915915916978e-02 4.474828968334064738e-01
6.916916916916918123e-02 4.476302174159064173e-01
6.917917917917917880e-02 4.477778283061676357e-01
6.918918918918919025e-02 4.479257357876790802e-01
6.919919919919920170e-02 4.480739461070919472e-01
6.920920920920921315e-02 4.482224654741068792e-01
6.921921921921922460e-02 4.483713000613614996e-01
6.922922922922923605e-02 4.485204560043177802e-01
6.923923923923924750e-02 4.486699394011569031e-01
6.924924924924925895e-02 4.488197563126689604e-01
6.925925925925927040e-02 4.489699127621535890e-01
6.926926926926926797e-02 4.491204147353129450e-01
6.927927927927927942e-02 4.492712681801597774e-01
6.928928928928929087e-02 4.494224790069110131e-01
6.929929929929930232e-02 4.495740530879018260e-01
6.930930930930931377e-02 4.497259962574854386e-01
6.931931931931932522e-02 4.498783143119454153e-01
6.932932932932933667e-02 4.500310130094155592e-01
6.933933933933934812e-02 4.501840980697783823e-01
6.934934934934935957e-02 4.503375751745917199e-01
6.935935935935935714e-02 4.504914499670041317e-01
6.936936936936938247e-02 4.506457280516790176e-01
6.937937937937938004e-02 4.508004149947117400e-01
6.938938938938939149e-02 4.509555163235604569e-01
6.939939939939940294e-02 4.511110375269695161e-01
6.940940940940941439e-02 4.512669840549021205e-01
6.941941941941942584e-02 4.514233613184690519e-01
6.942942942942943729e-02 4.515801746898669422e-01
6.943943943943944874e-02 4.517374295023098285e-01
6.944944944944946019e-02 4.518951310499719209e-01
6.945945945945947164e-02 4.520532845879247641e-01
6.946946946946946921e-02 4.522118953320842794e-01
6.947947947947948066e-02 4.523709684591527003e-01
6.948948948948949211e-02 4.525305091065667251e-01
6.949949949949950356e-02 4.526905223724486116e-01
6.950950950950951501e-02 4.528510133155559392e-01
6.951951951951952646e-02 4.530119869552384215e-01
6.952952952952953791e-02 4.531734482713890011e-01
6.953953953953954936e-02 4.533354022044098763e-01
6.954954954954956081e-02 4.534978536551664829e-01
6.955955955955955838e-02 4.536608074849540206e-01
6.956956956956956983e-02 4.538242685154611489e-01
6.957957957957958128e-02 4.539882415287372353e-01
6.958958958958959273e-02 4.541527312671624905e-01
6.959959959959960418e-02 4.543177424334180481e-01
6.960960960960961563e-02 4.544832796904620942e-01
6.961961961961962708e-02 4.546493476615027785e-01
6.962962962962963853e-02 4.548159509299785075e-01
6.963963963963964998e-02 4.549830940395383494e-01
6.964964964964966143e-02 4.551507814940221608e-01
6.965965965965967288e-02 4.553120143341261028e-01
6.966966966966967045e-02 4.554674711279819710e-01
6.967967967967968190e-02 4.556234661572248767e-01
6.968968968968969335e-02 4.557800039573720596e-01
6.969969969969970480e-02 4.559370890241150054e-01
6.970970970970971625e-02 4.560947258133065119e-01
6.971971971971972770e-02 4.562529187409505860e-01
6.972972972972973915e-02 4.564116721831946166e-01
6.973973973973975060e-02 4.565709904763207705e-01
6.974974974974976205e-02 4.567308779167431054e-01
6.975975975975975962e-02 4.568913387610053500e-01
6.976976976976977107e-02 4.570523772257794048e-01
6.977977977977978252e-02 4.572139974878703383e-01
6.978978978978979397e-02 4.573762036842144996e-01
6.979979979979980542e-02 4.575389999118911755e-01
6.980980980980981687e-02 4.577023902281279200e-01
6.981981981981982832e-02 4.578663786503099353e-01
6.982982982982983977e-02 4.580309691559942831e-01
6.983983983983985122e-02 4.581961656829121599e-01
6.984984984984984879e-02 4.583619721290246862e-01
6.985985985985986024e-02 4.585283923524828831e-01
6.986986986986987169e-02 4.586954301716864024e-01
6.987987987987988314e-02 4.588630893652956844e-01
6.988988988988989459e-02 4.590313736722557714e-01
6.989989989989990604e-02 4.592002867918228426e-01
6.990990990990991749e-02 4.593698323835921915e-01
6.991991991991992894e-02 4.595400140675270917e-01
6.992992992992994039e-02 4.597108354239928252e-01
6.993993993993995184e-02 4.598822999937873801e-01
6.994994994994996329e-02 4.600544112781810857e-01
6.995995995995996086e-02 4.602271727389499190e-01
6.996996996996997231e-02 4.604005877984181927e-01
6.997997997997998376e-02 4.605746598395000224e-01
6.998998998998999521e-02 4.607493922057397939e-01
7.000000000000000666e-02 4.609247882013616238e-01
