5.999999999999999778e-02 4.477629301302285536e-01
6.001001001001000923e-02 4.459115965670217285e-01
6.002002002002002068e-02 4.440572932661968064e-01
6.003003003003002519e-02 4.422000253218144050e-01
6.004004004004003664e-02 4.403397979167569254e-01
6.005005005005004809e-02 4.384766163236451519e-01
6.006006006006005954e-02 4.366104859057344245e-01
6.007007007007007099e-02 4.347414121178639901e-01
6.008008008008007550e-02 4.328694005074032458e-01
6.009009009009008695e-02 4.309944567152250716e-01
6.010010010010009840e-02 4.291165864767021443e-01
6.011011011011010985e-02 4.272357956227216258e-01
6.012012012012012130e-02 4.253520900807201133e-01
6.013013013013012581e-02 4.234654758757414594e-01
6.014014014014013726e-02 4.215759591315206833e-01
6.015015015015014871e-02 4.196835460715915289e-01
6.016016016016016016e-02 4.177882430204178932e-01
6.017017017017016467e-02 4.158900564045520110e-01
6.018018018018017612e-02 4.139889927538120129e-01
6.019019019019018757e-02 4.120850587025046696e-01
6.020020020020019902e-02 4.101782609906639565e-01
6.021021021021021047e-02 4.082686064653143210e-01
6.022022022022021498e-02 4.063561020817850755e-01
6.023023023023022643e-02 4.044407549050345607e-01
6.024024024024023788e-02 4.025225721110231025e-01
6.025025025025024933e-02 4.006015609881161121e-01
6.026026026026026078e-02 3.986777289385206591e-01
6.027027027027026529e-02 3.967510834797616792e-01
6.028028028028027674e-02 3.948216322461923222e-01
6.029029029029028819e-02 3.928893829905580337e-01
6.030030030030029964e-02 3.909543435855843962e-01
6.031031031031031109e-02 3.890165220256219247e-01
6.032032032032031560e-02 3.870759264283301637e-01
6.033033033033032705e-02 3.851325650364033626e-01
6.034034034034033850e-02 3.831864462193600440e-01
6.035035035035034995e-02 3.812375784753695429e-01
6.036036036036036140e-02 3.792859704331352777e-01
6.037037037037036591e-02 3.773316308538335884e-01
6.038038038038037736e-02 3.753745686331059206e-01
6.039039039039038881e-02 3.734147928031199548e-01
6.040040040040040026e-02 3.714523125346806953e-01
6.041041041041041171e-02 3.694871371394102266e-01
6.042042042042041622e-02 3.675192760719990792e-01
6.043043043043042767e-02 3.655487389325131620e-01
6.044044044044043912e-02 3.635755354687953411e-01
6.045045045045045057e-02 3.615996755789205874e-01
6.046046046046046202e-02 3.596211693137408849e-01
6.047047047047046653e-02 3.576400268795123516e-01
6.048048048048047798e-02 3.556562586406007975e-01
6.049049049049048943e-02 3.536698751222872583e-01
6.050050050050050088e-02 3.516808870136552967e-01
6.051051051051050539e-02 3.496893051705834976e-01
6.052052052052051684e-02 3.476951406188288352e-01
6.053053053053052829e-02 3.456984045572347730e-01
6.054054054054053974e-02 3.436991083610260178e-01
6.055055055055055119e-02 3.416972635852362772e-01
6.056056056056055570e-02 3.396928819682465406e-01
6.057057057057056715e-02 3.376859754354539778e-01
6.058058058058057860e-02 3.356765561030668477e-01
6.059059059059059005e-02 3.336646362820485101e-01
6.060060060060060150e-02 3.316502284821877811e-01
6.061061061061060601e-02 3.296333454163312138e-01
6.062062062062061746e-02 3.276140000047692569e-01
6.063063063063062891e-02 3.255922053797888904e-01
6.064064064064064036e-02 3.235679748903948494e-01
6.065065065065065181e-02 3.215413221072121464e-01
6.066066066066065632e-02 3.195122608275801634e-01
6.067067067067066777e-02 3.174808050808330395e-01
6.068068068068067922e-02 3.154469691338107618e-01
6.069069069069069067e-02 3.134107674965612711e-01
6.070070070070070212e-02 3.113722149282827090e-01
6.071071071071070663e-02 3.093313264435101351e-01
6.072072072072071808e-02 3.072881173185367798e-01
6.073073073073072953e-02 3.052426030981167937e-01
6.074074074074074098e-02 3.031947996024264014e-01
6.075075075075075243e-02 3.011447229343348631e-01
6.076076076076075694e-02 2.990923894869561006e-01
6.077077077077076839e-02 2.970378159515411620e-01
6.078078078078077984e-02 2.949810193256965363e-01
6.079079079079079129e-02 2.929220169219602932e-01
6.080080080080080274e-02 2.908608263767522017e-01
6.081081081081080725e-02 2.887974656597067091e-01
6.082082082082081870e-02 2.867319530834270824e-01
6.083083083083083015e-02 2.846643073136724267e-01
6.084084084084084160e-02 2.825945473800033358e-01
6.085085085085084611e-02 2.805226926869011650e-01
6.086086086086085756e-02 2.784487630254056101e-01
6.087087087087086901e-02 2.763727785852821972e-01
6.088088088088088046e-02 2.742947599677598158e-01
6.089089089089089191e-02 2.722147281988627210e-01
6.090090090090089642e-02 2.701327047433688677e-01
6.091091091091090787e-02 2.680487115194347125e-01
6.092092092092091932e-02 2.659627709139343876e-01
6.093093093093093077e-02 2.638749057985285140e-01
6.094094094094094222e-02 2.617851395465178310e-01
6.095095095095094673e-02 2.596934960505424828e-01
6.096096096096095818e-02 2.575999997411442810e-01
6.097097097097096963e-02 2.555046756062768765e-01
6.098098098098098108e-02 2.534075492117884298e-01
6.099099099099099253e-02 2.513086467229607712e-01
6.100100100100099704e-02 2.492079949271504835e-01
6.101101101101100849e-02 2.471056212576039357e-01
6.102102102102101994e-02 2.450015538185364716e-01
6.103103103103103139e-02 2.428958214115139458e-01
6.104104104104104284e-02 2.407884535632571765e-01
6.105105105105104735e-02 2.386794805549415643e-01
6.106106106106105880e-02 2.365689334530702570e-01
6.107107107107107025e-02 2.344568441420629423e-01
6.108108108108108170e-02 2.323432453586282975e-01
6.109109109109109315e-02 2.302281707280591505e-01
6.110110110110109766e-02 2.281116548025625967e-01
6.111111111111110911e-02 2.259937331017759787e-01
6.112112112112112056e-02 2.238744421556018438e-01
6.113113113113113201e-02 2.217538195495136200e-01
6.114114114114113652e-02 2.196319039725142530e-01
6.115115115115114797e-02 2.175087352679050956e-01
6.116116116116115942e-02 2.153843544870995552e-01
6.117117117117117087e-02 2.132588039466334906e-01
6.118118118118118232e-02 2.111321272886561295e-01
6.119119119119118683e-02 2.090043695451095085e-01
6.120120120120119828e-02 2.068755772058648024e-01
6.121121121121120973e-02 2.047457982911236041e-01
6.122122122122122118e-02 2.026150824283605711e-01
6.123123123123123263e-02 2.004834809341628499e-01
6.124124124124123714e-02 1.983510469013253785e-01
6.125125125125124859e-02 1.962178352915788515e-01
6.126126126126126004e-02 1.940820138530558181e-01
6.127127127127127149e-02 1.919452316239060319e-01
6.128128128128128294e-02 1.898041923598857150e-01
6.129129129129128745e-02 1.876605888133160982e-01
6.130130130130129890e-02 1.855128606148454540e-01
6.131131131131131035e-02 1.833633114554910903e-01
6.132132132132132180e-02 1.812128295931834943e-01
6.133133133133133325e-02 1.790608220986236732e-01
6.134134134134133776e-02 1.769076161341199271e-01
6.135135135135134921e-02 1.747529112495544434e-01
6.136136136136136066e-02 1.725951193175191689e-01
6.137137137137137211e-02 1.704360591401576086e-01
6.138138138138138356e-02 1.682748852915907645e-01
6.139139139139138807e-02 1.661119971425141228e-01
6.140140140140139952e-02 1.639497219465898270e-01
6.141141141141141097e-02 1.617881786756882878e-01
6.142142142142142242e-02 1.596218587705869607e-01
6.143143143143142693e-02 1.574558435243730847e-01
6.144144144144143838e-02 1.552858394949425680e-01
6.145145145145144983e-02 1.531159067233706927e-01
6.146146146146146128e-02 1.509467357858616521e-01
6.147147147147147273e-02 1.487772222386705423e-01
6.148148148148147724e-02 1.466095563309410266e-01
6.149149149149148869e-02 1.444439214892619117e-01
6.150150150150150014e-02 1.422805113345123329e-01
6.151151151151151159e-02 1.401165839949395642e-01
6.152152152152152303e-02 1.379473007457299727e-01
6.153153153153152755e-02 1.357740098136062945e-01
6.154154154154153900e-02 1.336038874097489615e-01
6.155155155155155045e-02 1.314371943161162237e-01
6.156156156156156189e-02 1.292742074474531322e-01
6.157157157157157334e-02 1.271128870274518818e-01
6.158158158158157786e-02 1.249553113332940446e-01
6.159159159159158931e-02 1.228023832825049788e-01
6.160160160160160076e-02 1.206544585959304500e-01
6.161161161161161220e-02 1.185090315952763151e-01
6.162162162162162365e-02 1.163596382768957993e-01
6.163163163163162817e-02 1.142111389643695046e-01
6.164164164164163962e-02 1.120692661772893783e-01
6.165165165165165106e-02 1.099345150408409938e-01
6.166166166166166251e-02 1.078074170510188029e-01
6.167167167167167396e-02 1.056885433632808041e-01
6.168168168168167848e-02 1.035785084136469913e-01
6.169169169169168992e-02 1.014779739068054076e-01
6.170170170170170137e-02 9.938765320898317046e-02
6.171171171171171282e-02 9.729873767874540336e-02
6.172172172172172427e-02 9.521950629851438919e-02
6.173173173173172879e-02 9.315167106237103034e-02
6.174174174174174023e-02 9.108167999517687019e-02
6.175175175175175168e-02 8.902599593623880536e-02
6.176176176176176313e-02 8.698573928735144067e-02
6.177177177177177458e-02 8.496212789375297281e-02
6.178178178178177909e-02 8.295648665127944299e-02
6.179179179179179054e-02 8.097025802815316364e-02
6.180180180180180199e-02 7.900501355045232155e-02
6.181181181181181344e-02 7.706246628674180699e-02
6.182182182182181795e-02 7.514448434633708152e-02
6.183183183183182940e-02 7.325310537454335358e-02
6.184184184184184085e-02 7.137190675794850836e-02
6.185185185185185230e-02 6.951960910093309132e-02
6.186186186186186375e-02 6.770052536465892556e-02
6.187187187187186826e-02 6.591750371804493136e-02
6.188188188188187971e-02 6.417364802231362297e-02
6.189189189189189116e-02 6.247233555123344467e-02
6.190190190190190261e-02 6.080028722685344722e-02
6.191191191191191406e-02 5.916812369903765023e-02
6.192192192192191857e-02 5.758931919620426110e-02
6.193193193193193002e-02 5.606846039892060540e-02
6.194194194194194147e-02 5.461046597454838336e-02
6.195195195195195292e-02 5.322057801510676062e-02
6.196196196196196437e-02 5.190434114433131046e-02
6.197197197197196888e-02 5.066756626533044233e-02
6.198198198198198033e-02 4.951627593586208770e-02
6.199199199199199178e-02 4.843826767255876575e-02
6.200200200200200323e-02 4.745020071014635632e-02
6.201201201201201468e-02 4.656515272103336350e-02
6.202202202202201919e-02 4.578913706979723108e-02
6.203203203203203064e-02 4.512781384684494412e-02
6.204204204204204209e-02 4.458631732710683498e-02
6.205205205205205354e-02 4.416908059118447583e-02
6.206206206206206499e-02 4.387966929995424509e-02
6.207207207207206950e-02 4.372063784750256088e-02
6.208208208208208095e-02 4.369342067366999149e-02
6.209209209209209240e-02 4.378359760458790800e-02
6.210210210210210385e-02 4.382652591661696795e-02
6.211211211211210836e-02 4.388494878652485220e-02
6.212212212212211981e-02 4.383131549206552291e-02
6.213213213213213126e-02 4.391040058012263964e-02
6.214214214214214271e-02 4.412167101124213342e-02
6.215215215215215416e-02 4.445454182579585550e-02
6.216216216216215867e-02 4.489119887701250450e-02
6.217217217217217012e-02 4.545219651973153585e-02
6.218218218218218157e-02 4.613313386102492475e-02
6.219219219219219302e-02 4.692891793618427648e-02
6.220220220220220447e-02 4.783393755984649554e-02
6.221221221221220898e-02 4.884223393224651488e-02
6.222222222222222043e-02 4.994765865998505167e-02
6.223223223223223188e-02 5.114401276357090353e-02
6.224224224224224333e-02 5.242516313711789028e-02
6.225225225225225478e-02 5.378513542287069460e-02
6.226226226226225929e-02 5.521818416904743232e-02
6.227227227227227074e-02 5.671884241234125684e-02
6.228228228228228219e-02 5.828195353000122092e-02
6.229229229229229364e-02 5.990268845865839159e-02
6.230230230230230509e-02 6.157655130957399858e-02
6.231231231231230960e-02 6.327187794708664936e-02
6.232232232232232105e-02 6.501112838839413766e-02
6.233233233233233250e-02 6.679278241028090146e-02
6.234234234234234395e-02 6.859625233670431366e-02
6.235235235235235540e-02 7.043091562999137523e-02
6.236236236236235991e-02 7.229948213170848959e-02
6.237237237237237136e-02 7.419939169062254869e-02
6.238238238238238281e-02 7.612829548197304341e-02
6.239239239239239426e-02 7.808403939109528902e-02
6.240240240240239877e-02 8.006464808300443881e-02
6.241241241241241022e-02 8.206830993171297661e-02
6.242242242242242167e-02 8.409336290854382834e-02
6.243243243243243312e-02 8.613828147384401668e-02
6.244244244244244457e-02 8.820166447708401025e-02
6.245245245245244908e-02 9.028222404294922177e-02
6.246246246246246053e-02 9.237877540277118771e-02
6.247247247247247198e-02 9.449022761915804036e-02
6.248248248248248343e-02 9.661557514533586355e-02
6.249249249249249488e-02 9.875389015784659386e-02
6.250250250250249939e-02 1.009043156010363679e-01
6.251251251251251084e-02 1.030660588832636726e-01
6.252252252252252229e-02 1.052383861673311521e-01
6.253253253253253374e-02 1.074070775119596033e-01
6.254254254254254519e-02 1.095815165467698693e-01
6.255255255255255664e-02 1.117647997536016929e-01
6.256256256256256809e-02 1.139435574621706221e-01
6.257257257257256566e-02 1.161232075511812317e-01
6.258258258258257711e-02 1.183102912927007228e-01
6.259259259259258856e-02 1.205043509902048032e-01
6.260260260260260001e-02 1.227049583226906548e-01
6.261261261261261146e-02 1.249117119929089859e-01
6.262262262262262291e-02 1.271242355851252837e-01
6.263263263263263436e-02 1.293421756125093802e-01
6.264264264264264581e-02 1.315651997361604597e-01
6.265265265265265726e-02 1.337929951395003536e-01
6.266266266266266871e-02 1.360252670433958755e-01
6.267267267267266628e-02 1.382617373487593782e-01
6.268268268268267773e-02 1.405021433947210574e-01
6.269269269269268918e-02 1.427462368215820787e-01
6.270270270270270063e-02 1.449937825289067395e-01
6.271271271271271208e-02 1.472445577199621713e-01
6.272272272272272353e-02 1.494983510246359060e-01
6.273273273273273498e-02 1.517549616937272638e-01
6.274274274274274643e-02 1.540051313897557450e-01
6.275275275275275788e-02 1.562556615252028158e-01
6.276276276276276933e-02 1.585084897332801890e-01
6.277277277277276690e-02 1.607611806646291608e-01
6.278278278278277835e-02 1.630103840777704927e-01
6.279279279279278980e-02 1.652614259428824006e-01
6.280280280280280125e-02 1.675141616378507947e-01
6.281281281281281270e-02 1.697684526547592054e-01
6.282282282282282415e-02 1.720241662122759807e-01
6.283283283283283560e-02 1.742811748963997986e-01
6.284284284284284705e-02 1.765393563272572852e-01
6.285285285285285850e-02 1.787985928498119215e-01
6.286286286286285607e-02 1.810587712465738519e-01
6.287287287287286752e-02 1.833197824705667944e-01
6.288288288288287897e-02 1.855815213968987076e-01
6.289289289289289042e-02 1.878438865915450784e-01
6.290290290290290187e-02 1.901067800959549414e-01
6.291291291291291332e-02 1.923701072258283962e-01
6.292292292292292477e-02 1.946337763856554326e-01
6.293293293293293622e-02 1.968972338371758057e-01
6.294294294294294767e-02 1.991546672633674742e-01
6.295295295295295912e-02 2.014121978323490103e-01
6.296296296296295669e-02 2.036697452365709982e-01
6.297297297297296814e-02 2.059272314753924082e-01
6.298298298298297959e-02 2.081802745639479701e-01
6.299299299299299104e-02 2.104284038060718620e-01
6.300300300300300249e-02 2.126762712686380841e-01
6.301301301301301394e-02 2.149238079542961366e-01
6.302302302302302539e-02 2.171709466030734004e-01
6.303303303303303684e-02 2.194176216057322215e-01
6.304304304304304829e-02 2.216637689196867822e-01
6.305305305305305974e-02 2.239093259926541457e-01
6.306306306306305731e-02 2.261542316863041913e-01
6.307307307307306876e-02 2.283984262084028383e-01
6.308308308308308021e-02 2.306418510489675611e-01
6.309309309309309166e-02 2.328844489160575848e-01
6.310310310310310311e-02 2.351261636792258136e-01
6.311311311311311456e-02 2.373669403163000402e-01
6.312312312312312601e-02 2.396067248590531273e-01
6.313313313313313746e-02 2.418454643464183207e-01
6.314314314314314891e-02 2.440831067780862285e-01
6.315315315315314648e-02 2.463196010711113104e-01
6.316316316316315793e-02 2.485548970189122575e-01
6.317317317317316938e-02 2.507889452524800777e-01
6.318318318318318083e-02 2.530216972037219736e-01
6.319319319319319228e-02 2.552488417532038367e-01
6.320320320320320373e-02 2.574725851047557912e-01
6.321321321321321518e-02 2.596949265830337250e-01
6.322322322322322663e-02 2.619158213690490067e-01
6.323323323323323808e-02 2.641352252734909256e-01
6.324324324324324953e-02 2.663530947123444736e-01
6.325325325325324710e-02 2.685693866796830531e-01
6.326326326326325855e-02 2.707840587263450338e-01
6.327327327327327000e-02 2.729970689374664472e-01
6.328328328328328145e-02 2.752083759116150663e-01
6.329329329329329290e-02 2.774179387409741460e-01
6.330330330330330435e-02 2.796257169925255304e-01
6.331331331331331580e-02 2.818316706901698443e-01
6.332332332332332725e-02 2.840357602977473528e-01
6.333333333333333870e-02 2.862359232758756589e-01
6.334334334334335015e-02 2.884311928975852313e-01
6.335335335335334772e-02 2.906245298527892484e-01
6.336336336336335917e-02 2.928158970009226425e-01
6.337337337337337062e-02 2.950052575562528978e-01
6.338338338338338207e-02 2.971925750757625218e-01
6.339339339339339352e-02 2.993778134476022812e-01
6.340340340340340497e-02 3.015609368800971635e-01
6.341341341341341642e-02 3.037419098912952364e-01
6.342342342342342787e-02 3.059206972990047846e-01
6.343343343343343932e-02 3.080972642113131710e-01
6.344344344344345077e-02 3.102715760175600579e-01
6.345345345345344834e-02 3.124435983797365646e-01
6.346346346346345979e-02 3.146132972243054771e-01
6.347347347347347124e-02 3.167806387343844454e-01
6.348348348348348269e-02 3.189455893423284727e-01
6.349349349349349414e-02 3.211081157226435834e-01
6.350350350350350559e-02 3.232681847852498236e-01
6.351351351351351704e-02 3.254257636690527367e-01
6.352352352352352849e-02 3.275808197358221485e-01
6.353353353353353994e-02 3.297333205643638854e-01
6.354354354354355139e-02 3.318832339449631630e-01
6.355355355355354896e-02 3.340305278740894335e-01
6.356356356356356041e-02 3.361745180506706121e-01
6.357357357357357186e-02 3.383151973394838419e-01
6.358358358358358331e-02 3.404531905375028367e-01
6.359359359359359476e-02 3.425884666851436444e-01
6.360360360360360621e-02 3.447209950026255409e-01
6.361361361361361766e-02 3.468507448861015696e-01
6.362362362362362911e-02 3.489776859039634971e-01
6.363363363363364056e-02 3.511017877933355624e-01
6.364364364364363813e-02 3.532230204563000520e-01
6.365365365365364958e-02 3.553413539584407976e-01
6.366366366366366103e-02 3.574567585232397704e-01
6.367367367367367248e-02 3.595692045309202833e-01
6.368368368368368393e-02 3.616786625152884072e-01
6.369369369369369538e-02 3.637851031611321617e-01
6.370370370370370683e-02 3.658884973017608178e-01
6.371371371371371828e-02 3.679888159166588291e-01
6.372372372372372973e-02 3.700860301292666077e-01
6.373373373373374118e-02 3.721801112048731541e-01
6.374374374374373875e-02 3.742710305486133815e-01
6.375375375375375020e-02 3.763587597035893406e-01
6.376376376376376165e-02 3.784432703490550054e-01
6.377377377377377310e-02 3.805245342987373380e-01
6.378378378378378455e-02 3.826025234992259660e-01
6.379379379379379600e-02 3.846772100284595042e-01
6.380380380380380745e-02 3.867485660942925341e-01
6.381381381381381890e-02 3.888165640327390093e-01
6.382382382382383035e-02 3.908811763083391289e-01
6.383383383383384180e-02 3.929423755105069804e-01
6.384384384384383937e-02 3.950001343540369136e-01
6.385385385385385082e-02 3.970544256776553649e-01
6.386386386386386227e-02 3.991052224430106654e-01
6.387387387387387372e-02 4.011524977337605491e-01
6.388388388388388517e-02 4.031962247547046241e-01
6.389389389389389662e-02 4.052363768309760750e-01
6.390390390390390807e-02 4.072729274072929284e-01
6.391391391391391952e-02 4.093058500472625538e-01
6.392392392392393097e-02 4.113351184327351806e-01
6.393393393393392854e-02 4.133607063632071532e-01
6.394394394394393999e-02 4.153825877552836388e-01
6.395395395395395144e-02 4.174007366421650378e-01
6.396396396396396289e-02 4.194151271731938468e-01
6.397397397397397434e-02 4.214257336134419885e-01
6.398398398398398579e-02 4.234325303433368881e-01
6.399399399399399724e-02 4.254354918583190259e-01
6.400400400400400869e-02 4.274345927685535007e-01
6.401401401401402014e-02 4.294298077986595241e-01
6.402402402402403159e-02 4.314211117874879875e-01
6.403403403403402916e-02 4.334084796879212331e-01
6.404404404404404061e-02 4.353918865667231741e-01
6.405405405405405206e-02 4.373713076043889703e-01
6.406406406406406351e-02 4.393467180950533790e-01
6.407407407407407496e-02 4.413180934464151495e-01
6.408408408408408641e-02 4.432854091796858409e-01
6.409409409409409786e-02 4.452486409295708936e-01
6.410410410410410931e-02 4.472077644442711275e-01
6.411411411411412076e-02 4.491627555855092768e-01
6.412412412412413221e-02 4.511135903285809490e-01
6.413413413413412978e-02 4.530602447624228479e-01
6.414414414414414123e-02 4.550026950897153588e-01
6.415415415415415268e-02 4.569409176269790263e-01
6.416416416416416413e-02 4.588748888047204932e-01
6.417417417417417558e-02 4.608045851675749427e-01
6.418418418418418703e-02 4.627299833744798474e-01
6.419419419419419848e-02 4.646510601988561029e-01
6.420420420420420993e-02 4.665677925288111427e-01
6.421421421421422138e-02 4.684801573673555430e-01
6.422422422422421895e-02 4.703881318326323946e-01
6.423423423423423040e-02 4.722916931578031163e-01
6.424424424424424185e-02 4.741908186923997071e-01
6.425425425425425330e-02 4.760854859018660568e-01
6.426426426426426475e-02 4.779756723671087504e-01
6.427427427427427620e-02 4.798613557858959489e-01
6.428428428428428765e-02 4.817425139727935512e-01
6.429429429429429910e-02 4.836191248594863823e-01
6.430430430430431055e-02 4.854911664951055972e-01
6.431431431431432200e-02 4.873586170465665224e-01
6.432432432432431957e-02 4.892214547989106599e-01
6.433433433433433102e-02 4.910796581556757245e-01
6.434434434434434247e-02 4.929327713399724309e-01
6.435435435435435392e-02 4.947801270019965836e-01
6.436436436436436537e-02 4.966227428968403856e-01
6.437437437437437682e-02 4.984605978255087222e-01
6.438438438438438827e-02 5.002936707115520631e-01
6.439439439439439972e-02 5.021219406014588715e-01
6.440440440440441117e-02 5.039453866650659419e-01
6.441441441441442262e-02 5.057639881959701267e-01
6.442442442442442019e-02 5.075777246119389519e-01
6.443443443443443164e-02 5.093865754553443814e-01
6.444444444444444309e-02 5.111905203935718234e-01
6.445445445445445454e-02 5.129895392194596671e-01
6.446446446446446599e-02 5.147836118517276072e-01
6.447447447447447744e-02 5.165727183354169583e-01
6.448448448448448889e-02 5.183568388423251960e-01
6.449449449449450034e-02 5.201359536714488252e-01
6.450450450450451179e-02 5.219100432494294672e-01
6.451451451451450936e-02 5.236790881309945078e-01
6.452452452452452081e-02 5.254430689994180614e-01
6.453453453453453226e-02 5.272019666669518489e-01
6.454454454454454371e-02 5.289557620752886047e-01
6.455455455455455516e-02 5.307044362960126049e-01
6.456456456456456661e-02 5.324479705310490862e-01
6.457457457457457806e-02 5.341863461131195479e-01
6.458458458458458951e-02 5.359195445061945007e-01
6.459459459459460096e-02 5.376475473059488808e-01
6.460460460460461241e-02 5.393703362402118007e-01
6.461461461461460998e-02 5.410878931694225180e-01
6.462462462462462143e-02 5.428002000870886246e-01
6.463463463463463288e-02 5.445072391202255835e-01
6.464464464464464433e-02 5.462089925298155846e-01
6.465465465465465578e-02 5.479054427112586279e-01
6.466466466466466723e-02 5.495965721948165017e-01
6.467467467467467868e-02 5.512823636460635335e-01
6.468468468468469013e-02 5.529627998663303456e-01
6.469469469469470158e-02 5.546378637931451694e-01
6.470470470470471303e-02 5.563075385006820417e-01
6.471471471471471060e-02 5.579718072001892404e-01
6.472472472472472205e-02 5.596278203571086740e-01
6.473473473473473350e-02 5.612749125653381244e-01
6.474474474474474495e-02 5.629164499144772016e-01
6.475475475475475640e-02 5.645524161339267044e-01
6.476476476476476785e-02 5.661827950969969825e-01
6.477477477477477930e-02 5.678075708226349994e-01
6.478478478478479075e-02 5.694267274739073237e-01
6.479479479479480220e-02 5.710402493597125373e-01
6.480480480480479977e-02 5.726481209348726065e-01
6.481481481481481122e-02 5.742503268005555439e-01
6.482482482482482267e-02 5.758468517046723134e-01
6.483483483483483412e-02 5.774376805422855030e-01
6.484484484484484557e-02 5.790227983560159997e-01
6.485485485485485702e-02 5.806021903364283476e-01
6.486486486486486847e-02 5.821758418224329823e-01
6.487487487487487992e-02 5.837437383016652603e-01
6.488488488488489137e-02 5.853058654108714842e-01
6.489489489489490281e-02 5.868622089362857119e-01
6.490490490490490039e-02 5.884127548139996833e-01
6.491491491491491184e-02 5.899574891303384083e-01
6.492492492492492329e-02 5.914963981222099987e-01
6.493493493493493474e-02 5.930294681774728183e-01
6.494494494494494619e-02 5.945566858352804296e-01
6.495495495495495764e-02 5.960780377864342006e-01
6.496496496496496909e-02 5.975935108737190360e-01
6.497497497497498053e-02 5.991030920922409964e-01
6.498498498498499198e-02 6.006067685897558128e-01
6.499499499499500343e-02 6.021045276669939605e-01
6.500500500500500101e-02 6.035963567779748518e-01
6.501501501501501246e-02 6.050822435303295777e-01
6.502502502502502391e-02 6.065565696124640693e-01
6.503503503503503536e-02 6.080221172308866162e-01
6.504504504504504681e-02 6.094815861914500976e-01
6.505505505505505826e-02 6.109349647900640390e-01
6.506506506506506970e-02 6.123822414826625149e-01
6.507507507507508115e-02 6.138234048854795954e-01
6.508508508508509260e-02 6.152584437753115809e-01
6.509509509509509018e-02 6.166873470897769050e-01
6.510510510510510163e-02 6.181101039275779252e-01
6.511511511511511308e-02 6.195267035487307394e-01
6.512512512512512453e-02 6.209371353748150968e-01
6.513513513513513598e-02 6.223413889892048800e-01
6.514514514514514743e-02 6.237394541372892620e-01
6.515515515515515887e-02 6.251313207266934180e-01
6.516516516516517032e-02 6.265169788274890239e-01
6.517517517517518177e-02 6.278964186723952068e-01
6.518518518518519322e-02 6.292696306569767195e-01
6.519519519519519080e-02 6.306366053398315685e-01
6.520520520520520225e-02 6.319973334427757550e-01
6.521521521521521370e-02 6.333518058510130277e-01
6.522522522522522515e-02 6.347000136133034154e-01
6.523523523523523659e-02 6.360419479421215438e-01
6.524524524524524804e-02 6.373776002138129559e-01
6.525525525525525949e-02 6.387069619687336663e-01
6.526526526526527094e-02 6.400300249113882733e-01
6.527527527527528239e-02 6.413467809105611872e-01
6.528528528528529384e-02 6.426572219994391988e-01
6.529529529529529142e-02 6.439613403757179499e-01
6.530530530530530287e-02 6.452591284017240580e-01
6.531531531531531432e-02 6.465505786044972725e-01
6.532532532532532576e-02 6.478356836758922821e-01
6.533533533533533721e-02 6.491144364726593174e-01
6.534534534534534866e-02 6.503868300165218663e-01
6.535535535535536011e-02 6.516528574942410668e-01
6.536536536536537156e-02 6.529125122576830975e-01
6.537537537537538301e-02 6.541657878238650303e-01
6.538538538538538059e-02 6.554126778750034577e-01
6.539539539539539204e-02 6.566531762585555709e-01
6.540540540540540349e-02 6.578872769872413651e-01
6.541541541541541493e-02 6.591149742390713939e-01
6.542542542542542638e-02 6.603362623573568735e-01
6.543543543543543783e-02 6.615511358507214501e-01
6.544544544544544928e-02 6.627595893930930959e-01
6.545545545545546073e-02 6.639616178237017774e-01
6.546546546546547218e-02 6.651572161470564737e-01
6.547547547547548363e-02 6.663463795329267469e-01
6.548548548548549508e-02 6.675291033163038845e-01
6.549549549549549265e-02 6.687053829973638175e-01
6.550550550550550410e-02 6.698752142414239330e-01
6.551551551551551555e-02 6.710385928788762389e-01
6.552552552552552700e-02 6.721955149051324074e-01
6.553553553553553845e-02 6.733459764805503900e-01
6.554554554554554990e-02 6.744899739303550357e-01
6.555555555555556135e-02 6.756275037445506060e-01
6.556556556556557280e-02 6.767585625778279601e-01
6.557557557557558425e-02 6.778831472494607491e-01
6.558558558558558182e-02 6.789919736865340782e-01
6.559559559559559327e-02 6.800905901133029730e-01
6.560560560560560472e-02 6.811826191814550624e-01
6.561561561561561617e-02 6.822680586254051827e-01
6.562562562562562762e-02 6.833469063482467964e-01
6.563563563563563907e-02 6.844191604215886793e-01
6.564564564564565052e-02 6.854848190853770618e-01
6.565565565565566197e-02 6.865438807477142191e-01
6.566566566566567342e-02 6.875963439846664027e-01
6.567567567567567099e-02 6.886422075400644438e-01
6.568568568568568244e-02 6.896814703253034695e-01
6.569569569569569389e-02 6.907141314191149739e-01
6.570570570570570534e-02 6.917401900673580961e-01
6.571571571571571679e-02 6.927596456827811444e-01
6.572572572572572824e-02 6.937724978447873392e-01
6.573573573573573969e-02 6.947720538965455050e-01
6.574574574574575114e-02 6.957619581048959390e-01
6.575575575575576259e-02 6.967451869913199314e-01
6.576576576576577404e-02 6.977217410081039128e-01
6.577577577577578549e-02 6.986916207759866770e-01
6.578578578578578306e-02 6.996548270838547356e-01
6.579579579579579451e-02 7.006113608884424471e-01
6.580580580580580596e-02 7.015612233140077203e-01
6.581581581581581741e-02 7.025044156520172667e-01
6.582582582582582886e-02 7.034409393608098693e-01
6.583583583583584031e-02 7.043707960652618727e-01
6.584584584584585176e-02 7.052939875564443462e-01
6.585585585585586321e-02 7.062105157912623721e-01
6.586586586586587466e-02 7.071203828921029944e-01
6.587587587587587223e-02 7.080235911464624055e-01
6.588588588588588368e-02 7.089201430065741327e-01
6.589589589589589513e-02 7.098100410890234579e-01
6.590590590590590658e-02 7.106932881743601715e-01
6.591591591591591803e-02 7.115698872067014458e-01
6.592592592592592948e-02 7.124398412933270475e-01
6.593593593593594093e-02 7.133031537042703318e-01
6.594594594594595238e-02 7.141598278718975790e-01
6.595595595595596383e-02 7.150098673904853319e-01
6.596596596596596140e-02 7.158532760157857444e-01
6.597597597597597285e-02 7.166900576645929277e-01
6.598598598598598430e-02 7.175202164142914230e-01
6.599599599599599575e-02 7.183437565024041183e-01
6.600600600600600720e-02 7.191606823261378345e-01
6.601601601601601865e-02 7.199709984419134789e-01
6.602602602602603010e-02 7.207747095648940894e-01
6.603603603603604155e-02 7.215718205685048847e-01
6.604604604604605300e-02 7.223623364839514283e-01
6.605605605605606445e-02 7.231462624997214705e-01
6.606606606606607590e-02 7.239236039610918994e-01
6.607607607607607347e-02 7.246943663696192584e-01
6.608608608608608492e-02 7.254585553826343736e-01
6.609609609609609637e-02 7.262161768127177730e-01
6.610610610610610782e-02 7.269672366271809905e-01
6.611611611611611927e-02 7.277117409475346577e-01
6.612612612612613072e-02 7.284496960489533768e-01
6.613613613613614217e-02 7.291811083597342646e-01
6.614614614614615362e-02 7.299059844607486136e-01
6.615615615615616507e-02 7.306243310848868910e-01
6.616616616616616264e-02 7.313361551165005192e-01
6.617617617617617409e-02 7.320414635908396583e-01
6.618618618618618554e-02 7.327402636934760016e-01
6.619619619619619699e-02 7.334325627597291231e-01
6.620620620620620844e-02 7.341183682740857197e-01
6.621621621621621989e-02 7.347976878696084180e-01
6.622622622622623134e-02 7.354705293273470224e-01
6.623623623623624279e-02 7.361369005757353312e-01
6.624624624624625424e-02 7.367968096899905062e-01
6.625625625625626569e-02 7.374502648915015612e-01
6.626626626626626326e-02 7.380972745472161867e-01
6.627627627627627471e-02 7.387378471690223547e-01
6.628628628628628616e-02 7.393719914131198223e-01
6.629629629629629761e-02 7.399997160793952977e-01
6.630630630630630906e-02 7.406210301107823968e-01
6.631631631631632051e-02 7.412359425926283718e-01
6.632632632632633196e-02 7.418444627520441870e-01
6.633633633633634341e-02 7.424465999572591457e-01
6.634634634634635486e-02 7.430423637169651929e-01
6.635635635635636631e-02 7.436317636794392838e-01
6.636636636636636388e-02 7.442148096327589890e-01
6.637637637637637533e-02 7.447822570122371033e-01
6.638638638638638678e-02 7.453408790566046216e-01
6.639639639639639823e-02 7.458931167778614091e-01
6.640640640640640968e-02 7.464389807961462342e-01
6.641641641641642113e-02 7.469784818692616346e-01
6.642642642642643258e-02 7.475116308919611541e-01
6.643643643643644403e-02 7.480384388952364683e-01
6.644644644644645548e-02 7.485589170453837982e-01
6.645645645645645305e-02 7.490730766441421329e-01
6.646646646646646450e-02 7.495809291266766206e-01
6.647647647647647595e-02 7.500824860617073542e-01
6.648648648648648740e-02 7.505777591505595758e-01
6.649649649649649885e-02 7.510667602264281539e-01
6.650650650650651030e-02 7.515495012536365094e-01
6.651651651651652175e-02 7.520259943268882141e-01
6.652652652652653320e-02 7.524962516705219207e-01
6.653653653653654465e-02 7.529572039157300667e-01
6.654654654654655610e-02 7.533980514998840361e-01
6.655655655655655367e-02 7.538326204188492419e-01
6.656656656656656512e-02 7.542609238184967424e-01
6.657657657657657657e-02 7.546829749727540504e-01
6.658658658658658802e-02 7.550987872828108793e-01
6.659659659659659947e-02 7.555083742763152310e-01
6.660660660660661092e-02 7.559117496065668185e-01
6.661661661661662237e-02 7.563089270517154850e-01
6.662662662662663382e-02 7.566999205139461893e-01
6.663663663663664527e-02 7.570847440186668775e-01
6.664664664664665672e-02 7.574634117136967992e-01
6.665665665665665429e-02 7.578359378684411674e-01
6.666666666666666574e-02 7.582023368730785862e-01
6.667667667667667719e-02 7.585626232377331579e-01
6.668668668668668864e-02 7.589168115916485879e-01
6.669669669669670009e-02 7.592649166823626228e-01
6.670670670670671154e-02 7.596069533748776026e-01
6.671671671671672299e-02 7.599429366508249073e-01
6.672672672672673444e-02 7.602728816076355089e-01
6.673673673673674589e-02 7.605968034576975345e-01
6.674674674674674346e-02 7.609147175275245978e-01
6.675675675675675491e-02 7.612266392569124740e-01
6.676676676676676636e-02 7.615325841980958854e-01
6.677677677677677781e-02 7.618325680149073964e-01
6.678678678678678926e-02 7.621266064819316455e-01
6.679679679679680071e-02 7.624147154836569129e-01
6.680680680680681216e-02 7.626969110136284646e-01
6.681681681681682361e-02 7.629732091735988986e-01
6.682682682682683506e-02 7.632436261726747162e-01
6.683683683683684651e-02 7.635081783264654476e-01
6.684684684684684408e-02 7.637668820562290017e-01
6.685685685685685553e-02 7.640197538880194594e-01
6.686686686686686698e-02 7.642668104518252070e-01
6.687687687687687843e-02 7.645080684807173954e-01
6.688688688688688988e-02 7.647435448099884070e-01
6.689689689689690133e-02 7.649732563762937643e-01
6.690690690690691278e-02 7.651972202167932613e-01
6.691691691691692423e-02 7.654154534682877653e-01
6.692692692692693568e-02 7.656279733663600151e-01
6.693693693693694713e-02 7.658347972445118668e-01
6.694694694694694470e-02 7.660359425333005401e-01
6.695695695695695615e-02 7.662314267594777517e-01
6.696696696696696760e-02 7.664212675451218537e-01
6.697697697697697905e-02 7.666054826067778549e-01
6.698698698698699050e-02 7.667840897545917800e-01
6.699699699699700195e-02 7.669571068914455836e-01
6.700700700700701340e-02 7.671245520120899553e-01
6.701701701701702485e-02 7.672864432022836745e-01
6.702702702702703630e-02 7.674427986379261935e-01
6.703703703703703387e-02 7.675936365841896647e-01
6.704704704704704532e-02 7.677389753946607387e-01
6.705705705705705677e-02 7.678788335104670404e-01
6.706706706706706822e-02 7.680132294594179676e-01
6.707707707707707967e-02 7.681421818551383840e-01
6.708708708708709112e-02 7.682657093962049766e-01
6.709709709709710257e-02 7.683838308652767290e-01
6.710710710710711402e-02 7.684965651282401611e-01
6.711711711711712547e-02 7.686039311333398016e-01
6.712712712712713692e-02 7.687059479103149906e-01
6.713713713713713449e-02 7.688026345695417874e-01
6.714714714714714594e-02 7.688940103011655536e-01
6.715715715715715739e-02 7.689800943742473027e-01
6.716716716716716884e-02 7.690609061358949505e-01
6.717717717717718029e-02 7.691364650104104417e-01
6.718718718718719174e-02 7.692067904984269955e-01
6.719719719719720319e-02 7.692719021760535680e-01
6.720720720720721464e-02 7.693318196940163167e-01
6.721721721721722609e-02 7.693865627768035065e-01
6.722722722722723754e-02 7.694361512218097499e-01
6.723723723723723511e-02 7.694806048984841329e-01
6.724724724724724656e-02 7.695199437474739002e-01
6.725725725725725801e-02 7.695541877797769104e-01
6.726726726726726946e-02 7.695833570758874309e-01
6.727727727727728091e-02 7.696074717849520352e-01
6.728728728728729236e-02 7.696265521239148422e-01
6.729729729729730381e-02 7.696406183766788534e-01
6.730730730730731526e-02 7.696496908932555225e-01
6.731731731731732671e-02 7.696537900889224293e-01
6.732732732732732428e-02 7.696529364433851716e-01
6.733733733733733573e-02 7.696471504999303770e-01
6.734734734734734718e-02 7.696364528645934788e-01
6.735735735735735863e-02 7.696208642053161686e-01
6.736736736736737008e-02 7.696004052511150606e-01
6.737737737737738153e-02 7.695750967912448059e-01
6.738738738738739298e-02 7.695449596743695331e-01
6.739739739739740443e-02 7.695100148077296254e-01
6.740740740740741588e-02 7.694702831563150491e-01
6.741741741741742733e-02 7.694257857420402358e-01
6.742742742742742490e-02 7.693765436429168547e-01
6.743743743743743635e-02 7.693225779922329144e-01
6.744744744744744780e-02 7.692639099777334177e-01
6.745745745745745925e-02 7.692005608408002404e-01
6.746746746746747070e-02 7.691325518756376711e-01
6.747747747747748215e-02 7.690599044284576191e-01
6.748748748748749360e-02 7.689826398966667087e-01
6.749749749749750505e-02 7.689007797280584811e-01
6.750750750750751650e-02 7.688143454200044857e-01
6.751751751751752795e-02 7.687233585186518114e-01
6.752752752752752552e-02 7.686278406181160650e-01
6.753753753753753697e-02 7.685278133596840089e-01
6.754754754754754842e-02 7.684232984310153114e-01
6.755755755755755987e-02 7.683143175653465162e-01
6.756756756756757132e-02 7.682008925406974553e-01
6.757757757757758277e-02 7.680830451790811031e-01
6.758758758758759422e-02 7.679607973457147629e-01
6.759759759759760567e-02 7.678240337800923410e-01
6.760760760760761712e-02 7.676640225561811581e-01
6.761761761761761469e-02 7.674995978137554298e-01
6.762762762762762614e-02 7.673307821644212989e-01
6.763763763763763759e-02 7.671575982590100873e-01
6.764764764764764904e-02 7.669800687867777134e-01
6.765765765765766049e-02 7.667982164746131035e-01
6.766766766766767194e-02 7.666120640862393865e-01
6.767767767767768339e-02 7.664216344214341836e-01
6.768768768768769484e-02 7.662269503152386863e-01
6.769769769769770629e-02 7.660280346371752813e-01
6.770770770770771774e-02 7.658249102904681749e-01
6.771771771771772919e-02 7.656176002112711210e-01
6.772772772772772676e-02 7.654061273678882671e-01
6.773773773773773821e-02 7.651905147600078783e-01
6.774774774774774966e-02 7.649707854179363942e-01
6.775775775775776111e-02 7.647469624018327083e-01
6.776776776776777256e-02 7.645190688009511071e-01
6.777777777777778401e-02 7.642871277328801005e-01
6.778778778778779546e-02 7.640511623427951315e-01
6.779779779779780691e-02 7.638111958027025139e-01
6.780780780780781836e-02 7.635672513106969150e-01
6.781781781781781593e-02 7.633193520902175067e-01
6.782782782782782738e-02 7.630675213893045594e-01
6.783783783783783883e-02 7.627893116842481280e-01
6.784784784784785028e-02 7.625049736413773704e-01
6.785785785785786173e-02 7.622167146345121269e-01
6.786786786786787318e-02 7.619245584580692787e-01
6.787787787787788463e-02 7.616285289269335568e-01
6.788788788788789608e-02 7.613286498757154686e-01
6.789789789789790753e-02 7.610249451580268776e-01
6.790790790790790510e-02 7.607174386457528081e-01
6.791791791791791655e-02 7.604061542283230279e-01
6.792792792792792800e-02 7.600911158119989519e-01
6.793793793793793945e-02 7.597723473191557719e-01
6.794794794794795090e-02 7.594498726875673622e-01
6.795795795795796235e-02 7.591237158697040632e-01
6.796796796796797380e-02 7.587939008320250256e-01
6.797797797797798525e-02 7.584604515542764380e-01
6.798798798798799670e-02 7.581233920287996364e-01
6.799799799799800815e-02 7.577827462598358821e-01
6.800800800800801960e-02 7.574385382628380237e-01
6.801801801801801717e-02 7.570907920637858224e-01
6.802802802802802862e-02 7.567395316985049414e-01
6.803803803803804007e-02 7.563847812119910419e-01
6.804804804804805152e-02 7.560265646577378762e-01
6.805805805805806297e-02 7.556649060970643816e-01
6.806806806806807442e-02 7.552998295984522104e-01
6.807807807807808587e-02 7.549313592368867010e-01
6.808808808808809732e-02 7.545595190931966290e-01
6.809809809809810877e-02 7.541843332534001743e-01
6.810810810810810634e-02 7.538058258080591045e-01
6.811811811811811779e-02 7.534240208516311821e-01
6.812812812812812924e-02 7.530389424818294541e-01
6.813813813813814069e-02 7.526506147989846518e-01
6.814814814814815214e-02 7.522590619054103644e-01
6.815815815815816359e-02 7.518643079047768740e-01
6.816816816816817504e-02 7.514663769014824357e-01
6.817817817817818649e-02 7.510652930000326633e-01
6.818818818818819794e-02 7.506610803044243552e-01
6.819819819819819551e-02 7.502537629175280998e-01
6.820820820820820696e-02 7.498433649404818713e-01
6.821821821821821841e-02 7.494299104720841820e-01
6.822822822822822986e-02 7.490134236081917862e-01
6.823823823823824131e-02 7.485939284411212702e-01
6.824824824824825276e-02 7.481714490590571920e-01
6.825825825825826421e-02 7.477460095454582234e-01
6.826826826826827566e-02 7.473176339784745048e-01
6.827827827827828711e-02 7.468863464303632238e-01
6.828828828828829856e-02 7.464521709669105221e-01
6.829829829829831001e-02 7.460151316468573990e-01
6.830830830830830758e-02 7.455752525213308335e-01
6.831831831831831903e-02 7.451325576332709089e-01
6.832832832832833048e-02 7.446870710168737029e-01
6.833833833833834193e-02 7.442388166970337338e-01
6.834834834834835338e-02 7.437878186887804111e-01
6.835835835835836483e-02 7.433341009967358026e-01
6.836836836836837628e-02 7.428776876145616326e-01
6.837837837837838773e-02 7.424186025244176035e-01
6.838838838838839917e-02 7.419568696964187193e-01
6.839839839839839675e-02 7.414925130881070414e-01
6.840840840840840820e-02 7.410255566439073460e-01
6.841841841841841965e-02 7.405560242946085392e-01
6.842842842842843110e-02 7.400839399568360788e-01
6.843843843843844255e-02 7.396093275325278382e-01
6.844844844844845400e-02 7.391322109084214054e-01
6.845845845845846545e-02 7.386526139555377179e-01
6.846846846846847690e-02 7.381705605286705829e-01
6.847847847847848834e-02 7.376860744658847446e-01
6.848848848848848592e-02 7.371991795880082909e-01
6.849849849849849737e-02 7.367098996981348291e-01
6.850850850850850882e-02 7.362182585811327673e-01
6.851851851851852027e-02 7.357242800031486007e-01
6.852852852852853172e-02 7.352279877111196349e-01
6.853853853853854317e-02 7.347294054322950352e-01
6.854854854854855462e-02 7.342285568737453305e-01
6.855855855855856607e-02 7.337254657218941212e-01
6.856856856856857751e-02 7.332201556419094546e-01
6.857857857857858896e-02 7.327126502777597805e-01
6.858858858858860041e-02 7.322029732509561795e-01
6.859859859859859799e-02 7.316911481606211964e-01
6.860860860860860944e-02 7.311771985828898757e-01
6.861861861861862089e-02 7.306611480704611195e-01
6.862862862862863234e-02 7.301430201521379448e-01
6.863863863863864379e-02 7.296228383323849487e-01
6.864864864864865523e-02 7.291006260908760028e-01
6.865865865865866668e-02 7.285764068820566042e-01
6.866866866866867813e-02 7.280502041347014508e-01
6.867867867867868958e-02 7.275220412514792345e-01
6.868868868868868716e-02 7.269919416085237618e-01
6.869869869869869861e-02 7.264599285549949714e-01
6.870870870870871006e-02 7.259260254126655987e-01
6.871871871871872151e-02 7.253902554754878551e-01
6.872872872872873296e-02 7.248526420091797595e-01
6.873873873873874440e-02 7.243132082508066949e-01
6.874874874874875585e-02 7.237719774083675173e-01
6.875875875875876730e-02 7.232289726603864377e-01
6.876876876876877875e-02 7.226842171555031280e-01
6.877877877877877633e-02 7.221377340120742616e-01
6.878878878878878778e-02 7.215895463177638414e-01
6.879879879879879923e-02 7.210396771291558426e-01
6.880880880880881068e-02 7.204881494713510914e-01
6.881881881881882213e-02 7.199349863375817948e-01
6.882882882882883357e-02 7.193802106888173009e-01
6.883883883883884502e-02 7.188238454533832922e-01
6.884884884884885647e-02 7.182659135265758721e-01
6.885885885885886792e-02 7.177064377702825348e-01
6.886886886886887937e-02 7.171454410126056889e-01
6.887887887887889082e-02 7.165829460474881785e-01
6.888888888888888840e-02 7.160189756343426914e-01
6.889889889889889985e-02 7.154535524976796124e-01
6.890890890890891129e-02 7.148866993267467551e-01
6.891891891891892274e-02 7.143184387751640996e-01
6.892892892892893419e-02 7.137487934605616369e-01
6.893893893893894564e-02 7.131777859642246531e-01
6.894894894894895709e-02 7.126054388307369036e-01
6.895895895895896854e-02 7.120317745676298937e-01
6.896896896896897999e-02 7.114568156450326031e-01
6.897897897897897757e-02 7.108805844953250963e-01
6.898898898898898902e-02 7.103031035127912451e-01
6.899899899899900046e-02 7.097243950532817758e-01
6.900900900900901191e-02 7.091444814338716540e-01
6.901901901901902336e-02 7.085633849325229106e-01
6.902902902902903481e-02 7.079811277877522402e-01
6.903903903903904626e-02 7.073977321982983790e-01
6.904904904904905771e-02 7.068132203227907029e-01
6.905905905905906916e-02 7.062276142794249312e-01
6.906906906906906674e-02 7.056409361456372764e-01
6.907907907907909206e-02 7.050532079577784828e-01
6.908908908908908963e-02 7.044644517108019643e-01
6.909909909909910108e-02 7.038746893579358455e-01
6.910910910910911253e-02 7.032839428103746515e-01
6.911911911911912398e-02 7.026922339369617854e-01
6.912912912912913543e-02 7.020995845638821065e-01
6.913913913913914688e-02 7.015060164743469606e-01
6.914914914914915833e-02 7.009115514082941978e-01
6.915915915915916978e-02 7.003162110620769765e-01
6.916916916916918123e-02 6.997200170881646697e-01
6.917917917917917880e-02 6.991229910948423276e-01
6.918918918918919025e-02 6.985251546459081418e-01
6.919919919919920170e-02 6.979265292603807902e-01
6.920920920920921315e-02 6.973271364122025640e-01
6.921921921921922460e-02 6.967269975299482665e-01
6.922922922922923605e-02 6.961261339965305606e-01
6.923923923923924750e-02 6.955245671489157511e-01
6.924924924924925895e-02 6.949223182778327956e-01
6.925925925925927040e-02 6.943194086274894206e-01
6.926926926926926797e-02 6.937158593952897911e-01
6.927927927927927942e-02 6.931116917315491843e-01
6.928928928928929087e-02 6.925069267392158778e-01
6.929929929929930232e-02 6.919015854735943716e-01
6.930930930930931377e-02 6.912956889420679429e-01
6.931931931931932522e-02 6.906892581038204249e-01
6.932932932932933667e-02 6.900823138695661996e-01
6.933933933933934812e-02 6.894748771012791932e-01
6.934934934934935957e-02 6.888669686119185398e-01
6.935935935935935714e-02 6.882586091651646809e-01
6.936936936936938247e-02 6.876498194751473614e-01
6.937937937937938004e-02 6.870406202061858369e-01
6.938938938938939149e-02 6.864310319725190901e-01
6.939939939939940294e-02 6.858210753380464819e-01
6.940940940940941439e-02 6.852107708160655175e-01
6.941941941941942584e-02 6.846001388690117206e-01
6.942942942942943729e-02 6.839891999080927043e-01
6.943943943943944874e-02 6.833779742934640300e-01
6.944944944944946019e-02 6.827664823333233768e-01
6.945945945945947164e-02 6.821547442840877329e-01
6.946946946946946921e-02 6.815427803500332393e-01
6.947947947947948066e-02 6.809306106830441685e-01
6.948948948948949211e-02 6.803182553823594603e-01
6.949949949949950356e-02 6.797057344943260304e-01
6.950950950950951501e-02 6.790930680121480822e-01
6.951951951951952646e-02 6.784802758756413033e-01
6.952952952952953791e-02 6.778673779709855074e-01
6.953953953953954936e-02 6.772543941304792758e-01
6.954954954954956081e-02 6.766413441322978173e-01
6.955955955955955838e-02 6.760282477002482748e-01
6.956956956956956983e-02 6.754151245035283635e-01
6.957957957957958128e-02 6.748019941564851187e-01
6.958958958958959273e-02 6.741888762183748662e-01
6.959959959959960418e-02 6.735757901931260783e-01
6.960960960960961563e-02 6.729627555290983443e-01
6.961961961961962708e-02 6.723497916188468926e-01
6.962962962962963853e-02 6.717369177988860018e-01
6.963963963963964998e-02 6.711241533494541889e-01
6.964964964964966143e-02 6.705115174942791745e-01
6.965965965965967288e-02 6.698990294003420720e-01
6.966966966966967045e-02 6.692867081776499028e-01
6.967967967967968190e-02 6.686745728789963428e-01
6.968968968968969335e-02 6.680626424997364587e-01
6.969969969969970480e-02 6.674509359775526729e-01
6.970970970970971625e-02 6.668394721922268342e-01
6.971971971971972770e-02 6.662282699654094031e-01
6.972972972972973915e-02 6.656052805333299016e-01
6.973973973973975060e-02 6.649694494329799754e-01
6.974974974974976205e-02 6.643339090958977344e-01
6.975975975975975962e-02 6.636986783530807177e-01
6.976976976976977107e-02 6.630637759764109740e-01
6.977977977977978252e-02 6.624292206784482273e-01
6.978978978978979397e-02 6.617950311122157148e-01
6.979979979979980542e-02 6.611612258709895773e-01
6.980980980980981687e-02 6.605278234880846977e-01
6.981981981981982832e-02 6.598948424366480880e-01
6.982982982982983977e-02 6.592623011294497237e-01
6.983983983983985122e-02 6.586302179186674932e-01
6.984984984984984879e-02 6.579986110956856926e-01
6.985985985985986024e-02 6.573674988908789762e-01
6.986986986986987169e-02 6.567368994734092968e-01
6.987987987987988314e-02 6.561068309510179608e-01
6.988988988988989459e-02 6.554773113698156850e-01
6.989989989989990604e-02 6.548483587140766504e-01
6.990990990990991749e-02 6.542199909060338880e-01
6.991991991991992894e-02 6.535922258056698908e-01
6.992992992992994039e-02 6.529650812105112223e-01
6.993993993993995184e-02 6.523385748554264563e-01
6.994994994994996329e-02 6.517127244124146790e-01
6.995995995995996086e-02 6.510875474904073146e-01
6.996996996996997231e-02 6.504630616350555172e-01
6.997997997997998376e-02 6.498392843285332177e-01
6.998998998998999521e-02 6.492162329893272910e-01
7.000000000000000666e-02 6.485939249720369393e-01
