5.000000000000000278e-02 1.021075815898144556e+00
5.001401401401401464e-02 1.020573266495638176e+00
5.002802802802803345e-02 1.020067674889310938e+00
5.004204204204204531e-02 1.019559040048259035e+00
5.005605605605605718e-02 1.019047360972803240e+00
5.007007007007007598e-02 1.018532636694542415e+00
5.008408408408408785e-02 1.018014866276407915e+00
5.009809809809809972e-02 1.017494048812708884e+00
5.011211211211211158e-02 1.016970183429183550e+00
5.012612612612613039e-02 1.016443269283046957e+00
5.014014014014014226e-02 1.015913305563041158e+00
5.015415415415415412e-02 1.015380291489479836e+00
5.016816816816817293e-02 1.014844226314295383e+00
5.018218218218218479e-02 1.014305109321085974e+00
5.019619619619619666e-02 1.013762939825158416e+00
5.021021021021021546e-02 1.013217717173575005e+00
5.022422422422422733e-02 1.012669440745194605e+00
5.023823823823823920e-02 1.012118109950717049e+00
5.025225225225225800e-02 1.011563724232724892e+00
5.026626626626626987e-02 1.011006283065725375e+00
5.028028028028028174e-02 1.010445785956190168e+00
5.029429429429429360e-02 1.009882232442594896e+00
5.030830830830831241e-02 1.009315622095459997e+00
5.032232232232232427e-02 1.008745954517388688e+00
5.033633633633633614e-02 1.008173229343103161e+00
5.035035035035035494e-02 1.007597446239482775e+00
5.036436436436436681e-02 1.007018604905601578e+00
5.037837837837837868e-02 1.006436705072761395e+00
5.039239239239239748e-02 1.005851746504526467e+00
5.040640640640640935e-02 1.005263728996760308e+00
5.042042042042042121e-02 1.004672652377655462e+00
5.043443443443444002e-02 1.004078516507768359e+00
5.044844844844845189e-02 1.003481321280050631e+00
5.046246246246246375e-02 1.002880863787346089e+00
5.047647647647648256e-02 1.002274342557287756e+00
5.049049049049049442e-02 1.001664771341808979e+00
5.050450450450450629e-02 1.001052150197980994e+00
5.051851851851851816e-02 1.000436479215242702e+00
5.053253253253253696e-02 9.998177585154263136e-01
5.054654654654654883e-02 9.991959882527835513e-01
5.056056056056056069e-02 9.985711686140098520e-01
5.057457457457457950e-02 9.979432998182659054e-01
5.058858858858859137e-02 9.973123821172049652e-01
5.060260260260260323e-02 9.966784157949913903e-01
5.061661661661662204e-02 9.960414011683234037e-01
5.063063063063063390e-02 9.954013385864537433e-01
5.064464464464464577e-02 9.947582284312103118e-01
5.065865865865866458e-02 9.941120711170113866e-01
5.067267267267267644e-02 9.934628670908911552e-01
5.068668668668668831e-02 9.928106168325098180e-01
5.070070070070070017e-02 9.921553208541749047e-01
5.071471471471471898e-02 9.914969797008539310e-01
5.072872872872873085e-02 9.908355939501939380e-01
5.074274274274274271e-02 9.901711642125310409e-01
5.075675675675676152e-02 9.895036911309071925e-01
5.077077077077077338e-02 9.888331753810815083e-01
5.078478478478478525e-02 9.881596176715429225e-01
5.079879879879880406e-02 9.874830187435201800e-01
5.081281281281281592e-02 9.868033793709944934e-01
5.082682682682682779e-02 9.861173934624453130e-01
5.084084084084084659e-02 9.854243428384915626e-01
5.085485485485485846e-02 9.847282780235958599e-01
5.086886886886887033e-02 9.840291999980199655e-01
5.088288288288288219e-02 9.833271097743534472e-01
5.089689689689690100e-02 9.826220083975156783e-01
5.091091091091091286e-02 9.819138969447627208e-01
5.092492492492492473e-02 9.812027765256846612e-01
5.093893893893894353e-02 9.804886482822078309e-01
5.095295295295295540e-02 9.797715133885982475e-01
5.096696696696696727e-02 9.790513730514568413e-01
5.098098098098098607e-02 9.783282285097205655e-01
5.099499499499499794e-02 9.776020810346599532e-01
5.100900900900900981e-02 9.768729319298751212e-01
5.102302302302302861e-02 9.761407825312939934e-01
5.103703703703704048e-02 9.754056342071668606e-01
5.105105105105105234e-02 9.746674883580609405e-01
5.106506506506507115e-02 9.739263464168531614e-01
5.107907907907908301e-02 9.731822098487258321e-01
5.109309309309309488e-02 9.724350801511586484e-01
5.110710710710710675e-02 9.716831573644586495e-01
5.112112112112112555e-02 9.709229306573197160e-01
5.113513513513513742e-02 9.701597401152090017e-01
5.114914914914914928e-02 9.693935874344238313e-01
5.116316316316316809e-02 9.686244743430095783e-01
5.117717717717717996e-02 9.678524026007503389e-01
5.119119119119119182e-02 9.670773739991455065e-01
5.120520520520521063e-02 9.662993903614016666e-01
5.121921921921922249e-02 9.655184535424108372e-01
5.123323323323323436e-02 9.647345654287370342e-01
5.124724724724725317e-02 9.639477279385926245e-01
5.126126126126126503e-02 9.631579430218272231e-01
5.127527527527527690e-02 9.623652126599007151e-01
5.128928928928928876e-02 9.615695388658662690e-01
5.130330330330330757e-02 9.607709236843479106e-01
5.131731731731731944e-02 9.599693691915206495e-01
5.133133133133133130e-02 9.591648774950835010e-01
5.134534534534535011e-02 9.583574507342388360e-01
5.135935935935936197e-02 9.575470910796690660e-01
5.137337337337337384e-02 9.567338007335072225e-01
5.138738738738739265e-02 9.559175819293144194e-01
5.140140140140140451e-02 9.550984369320526524e-01
5.141541541541541638e-02 9.542763680380563773e-01
5.142942942942943518e-02 9.534513775750033115e-01
5.144344344344344705e-02 9.526234679018883433e-01
5.145745745745745892e-02 9.517926414089913356e-01
5.147147147147147078e-02 9.509589005178459287e-01
5.148548548548548959e-02 9.501222476812102302e-01
5.149949949949950145e-02 9.492826853830340639e-01
5.151351351351351332e-02 9.484402161384244412e-01
5.152752752752753213e-02 9.475948424936132541e-01
5.154154154154154399e-02 9.467465670259228583e-01
5.155555555555555586e-02 9.458953923437296574e-01
5.156956956956957466e-02 9.450413210864290203e-01
5.158358358358358653e-02 9.441808997177216778e-01
5.159759759759759840e-02 9.433160122952453097e-01
5.161161161161161720e-02 9.424482558344616789e-01
5.162562562562562907e-02 9.415776331433654001e-01
5.163963963963964093e-02 9.407041470603663136e-01
5.165365365365365280e-02 9.398278004542528485e-01
5.166766766766767160e-02 9.389485962241440609e-01
5.168168168168168347e-02 9.380665372994553275e-01
5.169569569569569534e-02 9.371816266398446116e-01
5.170970970970971414e-02 9.362938672351730496e-01
5.172372372372372601e-02 9.354032621054616525e-01
5.173773773773773788e-02 9.345098143008392366e-01
5.175175175175175668e-02 9.336135269015006788e-01
5.176576576576576855e-02 9.327144030176581779e-01
5.177977977977978041e-02 9.318124457894918500e-01
5.179379379379379922e-02 9.309076583871003230e-01
5.180780780780781108e-02 9.300000440104536636e-01
5.182182182182182295e-02 9.290896058893408638e-01
5.183583583583584176e-02 9.281763472833181039e-01
5.184984984984985362e-02 9.272562422910862745e-01
5.186386386386386549e-02 9.263323842013418963e-01
5.187787787787787736e-02 9.254057359785858861e-01
5.189189189189189616e-02 9.244763010422355487e-01
5.190590590590590803e-02 9.235440828407738278e-01
5.191991991991991989e-02 9.226090848516940168e-01
5.193393393393393870e-02 9.216713105814429152e-01
5.194794794794795056e-02 9.207307635653626532e-01
5.196196196196196243e-02 9.197874473676329599e-01
5.197597597597598124e-02 9.188413655812092129e-01
5.198998998998999310e-02 9.178925218277700360e-01
5.200400400400400497e-02 9.169409197576480208e-01
5.201801801801802377e-02 9.159865630497732170e-01
5.203203203203203564e-02 9.150294554116125134e-01
5.204604604604604751e-02 9.140696005791032475e-01
5.206006006006005937e-02 9.131044150508202950e-01
5.207407407407407818e-02 9.121363419555753582e-01
5.208808808808809004e-02 9.111655448239850408e-01
5.210210210210210191e-02 9.101920275265141802e-01
5.211611611611612072e-02 9.092157939615251872e-01
5.213013013013013258e-02 9.082368480552117651e-01
5.214414414414414445e-02 9.072551937615298545e-01
5.215815815815816325e-02 9.062708350621301312e-01
5.217217217217217512e-02 9.052837759662888395e-01
5.218618618618618699e-02 9.042940205108414009e-01
5.220020020020020579e-02 9.033015727601055866e-01
5.221421421421421766e-02 9.023064368058191231e-01
5.222822822822822952e-02 9.013086167670611992e-01
5.224224224224224833e-02 9.003081167901834103e-01
5.225625625625626020e-02 8.993049410487393702e-01
5.227027027027027206e-02 8.982988148671183781e-01
5.228428428428428393e-02 8.972882279600790101e-01
5.229829829829830273e-02 8.962749873054369765e-01
5.231231231231231460e-02 8.952590971998338754e-01
5.232632632632632647e-02 8.942405619665332317e-01
5.234034034034034527e-02 8.932193859553497761e-01
5.235435435435435714e-02 8.921955735425693979e-01
5.236836836836836900e-02 8.911691291308735385e-01
5.238238238238238781e-02 8.901400571492583680e-01
5.239639639639639968e-02 8.891083620529586229e-01
5.241041041041041154e-02 8.880740483233642291e-01
5.242442442442442341e-02 8.870371204679436961e-01
5.243843843843844221e-02 8.859975830201610725e-01
5.245245245245245408e-02 8.849554405393976753e-01
5.246646646646646595e-02 8.839106976108653813e-01
5.248048048048048475e-02 8.828633588455276904e-01
5.249449449449449662e-02 8.818134288800164589e-01
5.250850850850850848e-02 8.807609123765465231e-01
5.252252252252252729e-02 8.797058140228317669e-01
5.253653653653653915e-02 8.786476620799571480e-01
5.255055055055055102e-02 8.775823785222054418e-01
5.256456456456456983e-02 8.765145514159129458e-01
5.257857857857858169e-02 8.754441855826068375e-01
5.259259259259259356e-02 8.743712858683652112e-01
5.260660660660661236e-02 8.732958571437290374e-01
5.262062062062062423e-02 8.722179043036165647e-01
5.263463463463463610e-02 8.711374322672299497e-01
5.264864864864864796e-02 8.700544459779691042e-01
5.266266266266266677e-02 8.689689504033407674e-01
5.267667667667667863e-02 8.678809505348689113e-01
5.269069069069069050e-02 8.667904513880037021e-01
5.270470470470470931e-02 8.656974580020280197e-01
5.271871871871872117e-02 8.646019754399697499e-01
5.273273273273273304e-02 8.635040087885060833e-01
5.274674674674675184e-02 8.624029905003726126e-01
5.276076076076076371e-02 8.612946837188033555e-01
5.277477477477477558e-02 8.601839353004037125e-01
5.278878878878879438e-02 8.590707504566199582e-01
5.280280280280280625e-02 8.579551344214995101e-01
5.281681681681681811e-02 8.568370924515971154e-01
5.283083083083082998e-02 8.557166298258782611e-01
5.284484484484484879e-02 8.545937518456223625e-01
5.285885885885886065e-02 8.534684638346886620e-01
5.287287287287287252e-02 8.523407711379809015e-01
5.288688688688689132e-02 8.512106791235019010e-01
5.290090090090090319e-02 8.500781931808234493e-01
5.291491491491491506e-02 8.489433187213439869e-01
5.292892892892893386e-02 8.478060611781919054e-01
5.294294294294294573e-02 8.466664260061252945e-01
5.295695695695695759e-02 8.455244186814329099e-01
5.297097097097097640e-02 8.443800447018340316e-01
5.298498498498498827e-02 8.432326590789731569e-01
5.299899899899900013e-02 8.420815772461373028e-01
5.301301301301301894e-02 8.409281559564566466e-01
5.302702702702703080e-02 8.397724008021701936e-01
5.304104104104104267e-02 8.386143173962159469e-01
5.305505505505505454e-02 8.374539113721295447e-01
5.306906906906907334e-02 8.362911883839404537e-01
5.308308308308308521e-02 8.351261541060737148e-01
5.309709709709709707e-02 8.339588142332392540e-01
5.311111111111111588e-02 8.327891744803341822e-01
5.312512512512512775e-02 8.316172405823359925e-01
5.313913913913913961e-02 8.304430182941967553e-01
5.315315315315315842e-02 8.292665133907417552e-01
5.316716716716717028e-02 8.280877316665626875e-01
5.318118118118118215e-02 8.269066789359098557e-01
5.319519519519519402e-02 8.257233610325896977e-01
5.320920920920921282e-02 8.245377838098554291e-01
5.322322322322322469e-02 8.233499531403047911e-01
5.323723723723723655e-02 8.221598749157693620e-01
5.325125125125125536e-02 8.209675550472056438e-01
5.326526526526526722e-02 8.197729994645948093e-01
5.327927927927927909e-02 8.185762141168266837e-01
5.329329329329329790e-02 8.173772049715964938e-01
5.330730730730730976e-02 8.161759780152954002e-01
5.332132132132132163e-02 8.149725392529000301e-01
5.333533533533534043e-02 8.137668947078647852e-01
5.334934934934935230e-02 8.125590504220134846e-01
5.336336336336336417e-02 8.113490124554267879e-01
5.337737737737738297e-02 8.101367868863341704e-01
5.339139139139139484e-02 8.089223798110034558e-01
5.340540540540540670e-02 8.077057973436303495e-01
5.341941941941942551e-02 8.064870456162259726e-01
5.343343343343343738e-02 8.052661307785093925e-01
5.344744744744744924e-02 8.040430589977913822e-01
5.346146146146146111e-02 8.028178364588652860e-01
5.347547547547547991e-02 8.015904693638962186e-01
5.348948948948949178e-02 8.003609639323089331e-01
5.350350350350350365e-02 7.991293264006714692e-01
5.351751751751752245e-02 7.978955630225860185e-01
5.353153153153153432e-02 7.966596800685773472e-01
5.354554554554554618e-02 7.954216838259756672e-01
5.355955955955956499e-02 7.941815805988042820e-01
5.357357357357357686e-02 7.929393767076694521e-01
5.358758758758758872e-02 7.916950784896423787e-01
5.360160160160160059e-02 7.904486922981471819e-01
5.361561561561561939e-02 7.892002245028454377e-01
5.362962962962963126e-02 7.879496814895246004e-01
5.364364364364364313e-02 7.866970696599803192e-01
5.365765765765766193e-02 7.854423954318995316e-01
5.367167167167167380e-02 7.841856652387546589e-01
5.368568568568568566e-02 7.829268855296765972e-01
5.369969969969970447e-02 7.816660627693468033e-01
5.371371371371371634e-02 7.804032034378810545e-01
5.372772772772772820e-02 7.791383140307103217e-01
5.374174174174174701e-02 7.778714010584661942e-01
5.375575575575575887e-02 7.766024710468681924e-01
5.376976976976977074e-02 7.753315305366023091e-01
5.378378378378378954e-02 7.740585860832061016e-01
5.379779779779780141e-02 7.727836442569557818e-01
5.381181181181181328e-02 7.715067116427439808e-01
5.382582582582582514e-02 7.702277948399661733e-01
5.383983983983984395e-02 7.689469004624015502e-01
5.385385385385385582e-02 7.676640351380993321e-01
5.386786786786786768e-02 7.663792055092581990e-01
5.388188188188188649e-02 7.650924182321076072e-01
5.389589589589589835e-02 7.638036799767965457e-01
5.390990990990991022e-02 7.625129974272687461e-01
5.392392392392392902e-02 7.612203772811472202e-01
5.393793793793794089e-02 7.599258262496205729e-01
5.395195195195195276e-02 7.586293510573181020e-01
5.396596596596596462e-02 7.573309584421962226e-01
5.397997997997998343e-02 7.560306551554185628e-01
5.399399399399399530e-02 7.547284479612391683e-01
5.400800800800800716e-02 7.534243436368827096e-01
5.402202202202202597e-02 7.521183489724250215e-01
5.403603603603603783e-02 7.508104707706787506e-01
5.405005005005004970e-02 7.495007158470696762e-01
5.406406406406406850e-02 7.481890910295203589e-01
5.407807807807808037e-02 7.468756031583333455e-01
5.409209209209209224e-02 7.455602590860692658e-01
5.410610610610611104e-02 7.442430656774272624e-01
5.412012012012012291e-02 7.429240298091324135e-01
5.413413413413413477e-02 7.416031583698086127e-01
5.414814814814815358e-02 7.402804582598636607e-01
5.416216216216216545e-02 7.389559363913735801e-01
5.417617617617617731e-02 7.376295996879558281e-01
5.419019019019019612e-02 7.363014550846562756e-01
5.420420420420420798e-02 7.349715095278289700e-01
5.421821821821821985e-02 7.336397699750155654e-01
5.423223223223223172e-02 7.323062433948263061e-01
5.424624624624625052e-02 7.309709367668230096e-01
5.426026026026026239e-02 7.296338570813989399e-01
5.427427427427427425e-02 7.282950113396585712e-01
5.428828828828829306e-02 7.269544065532985710e-01
5.430230230230230493e-02 7.256120497444928930e-01
5.431631631631631679e-02 7.242679479457669878e-01
5.433033033033033560e-02 7.229221082002821319e-01
5.434434434434434746e-02 7.215745375601213540e-01
5.435835835835835933e-02 7.202252430885603962e-01
5.437237237237237120e-02 7.188742318583564161e-01
5.438638638638639000e-02 7.175215109520256540e-01
5.440040040040040187e-02 7.161670874617280802e-01
5.441441441441441373e-02 7.148109684891440496e-01
5.442842842842843254e-02 7.134531611453580613e-01
5.444244244244244441e-02 7.120936725507420739e-01
5.445645645645645627e-02 7.107325098348331593e-01
5.447047047047047508e-02 7.093696801362155968e-01
5.448448448448448694e-02 7.080051906024060759e-01
5.449849849849849881e-02 7.066390483897320163e-01
5.451251251251251762e-02 7.052712606632108860e-01
5.452652652652652948e-02 7.039018345964415113e-01
5.454054054054054135e-02 7.025307773714745130e-01
5.455455455455456015e-02 7.011580961787003963e-01
5.456856856856857202e-02 6.997837982167345316e-01
5.458258258258258389e-02 6.984078906922920327e-01
5.459659659659660269e-02 6.970303808200744022e-01
5.461061061061061456e-02 6.956512758223301063e-01
5.462462462462462642e-02 6.942705829300271914e-01
5.463863863863863829e-02 6.928883093807972626e-01
5.465265265265265709e-02 6.915044624201134305e-01
5.466666666666666896e-02 6.901190493008475535e-01
5.468068068068068083e-02 6.887320772828435800e-01
5.469469469469469963e-02 6.873435536340440910e-01
5.470870870870871150e-02 6.859534856285106619e-01
5.472272272272272337e-02 6.845618805475470747e-01
5.473673673673673523e-02 6.831687456792753244e-01
5.475075075075075404e-02 6.817740883182145106e-01
5.476476476476476590e-02 6.803779157663805144e-01
5.477877877877877777e-02 6.789802353313481031e-01
5.479279279279279657e-02 6.775810543273488307e-01
5.480680680680680844e-02 6.761803800748564797e-01
5.482082082082082031e-02 6.747782199004653814e-01
5.483483483483483911e-02 6.733745811367805034e-01
5.484884884884885098e-02 6.719694711223017647e-01
5.486286286286286284e-02 6.705628972013079059e-01
5.487687687687688165e-02 6.691548667237438019e-01
5.489089089089089352e-02 6.677453870451069973e-01
5.490490490490490538e-02 6.663344655263323535e-01
5.491891891891892419e-02 6.649221095336771414e-01
5.493293293293293605e-02 6.635083264386140156e-01
5.494694694694694792e-02 6.620931236177103330e-01
5.496096096096096673e-02 6.606765084525182408e-01
5.497497497497497859e-02 6.592584883294662079e-01
5.498898898898899046e-02 6.578390706397390097e-01
5.500300300300300232e-02 6.564182627791711466e-01
5.501701701701702113e-02 6.549960721478634840e-01
5.503103103103103300e-02 6.535725061511516998e-01
5.504504504504504486e-02 6.521475721978761131e-01
5.505905905905906367e-02 6.507212777013470228e-01
5.507307307307307553e-02 6.492936300789712289e-01
5.508708708708708740e-02 6.478646367518713367e-01
5.510110110110110621e-02 6.464343051458272260e-01
5.511511511511511807e-02 6.450026426895971721e-01
5.512912912912912994e-02 6.435696568158535413e-01
5.514314314314314180e-02 6.421353549608096456e-01
5.515715715715716061e-02 6.406997445641140487e-01
5.517117117117117248e-02 6.392628330687433191e-01
5.518518518518518434e-02 6.378246279208888980e-01
5.519919919919920315e-02 6.363851365698517393e-01
5.521321321321321501e-02 6.349443664679387256e-01
5.522722722722722688e-02 6.335023250703479825e-01
5.524124124124124569e-02 6.320590198350669597e-01
5.525525525525525755e-02 6.306144582227671824e-01
5.526926926926926942e-02 6.291686476966934505e-01
5.528328328328328822e-02 6.277215957225610321e-01
5.529729729729730009e-02 6.262733097684514139e-01
5.531131131131131196e-02 6.248237973047047200e-01
5.532532532532533076e-02 6.233730658038164618e-01
5.533933933933934263e-02 6.219211227403339537e-01
5.535335335335335449e-02 6.204679755907510641e-01
5.536736736736737330e-02 6.190136318334042986e-01
5.538138138138138516e-02 6.175580989483748784e-01
5.539539539539539703e-02 6.161013844173790499e-01
5.540940940940940890e-02 6.146434957234420127e-01
5.542342342342342770e-02 6.131844403517062725e-01
5.543743743743743957e-02 6.117242257879681455e-01
5.545145145145145144e-02 6.102628595194791172e-01
5.546546546546547024e-02 6.088003490346254321e-01
5.547947947947948211e-02 6.073367018228247316e-01
5.549349349349349397e-02 6.058719253744277999e-01
5.550750750750751278e-02 6.044060271806174223e-01
5.552152152152152464e-02 6.029390147333133498e-01
5.553553553553553651e-02 6.014708955250704925e-01
5.554954954954954838e-02 6.000016770489843276e-01
5.556356356356356718e-02 5.985313667985900921e-01
5.557757757757757905e-02 5.970599722677720766e-01
5.559159159159159092e-02 5.955875009506621520e-01
5.560560560560560972e-02 5.941139603415437342e-01
5.561961961961962159e-02 5.926393579347628560e-01
5.563363363363363345e-02 5.911637012246271361e-01
5.564764764764765226e-02 5.896869977053141865e-01
5.566166166166166412e-02 5.882092548707792412e-01
5.567567567567567599e-02 5.867304802146598997e-01
5.568968968968969480e-02 5.852506812301844219e-01
5.570370370370370666e-02 5.837698654100814677e-01
5.571771771771771853e-02 5.822880402464862826e-01
5.573173173173173733e-02 5.808052132308508808e-01
5.574574574574574920e-02 5.793213918538553386e-01
5.575975975975976107e-02 5.778365836053148685e-01
5.577377377377377987e-02 5.763507959740939990e-01
5.578778778778779174e-02 5.748640364480174236e-01
5.580180180180180360e-02 5.733763125137806282e-01
5.581581581581581547e-02 5.718876316568627383e-01
5.582982982982983428e-02 5.703980013614418088e-01
5.584384384384384614e-02 5.689074291103090042e-01
5.585785785785785801e-02 5.674159223847804467e-01
5.587187187187187681e-02 5.659234886646130613e-01
5.588588588588588868e-02 5.644301354279247507e-01
5.589989989989990055e-02 5.629358701511050223e-01
5.591391391391391241e-02 5.614407003087367176e-01
5.592792792792793122e-02 5.599446333735103032e-01
5.594194194194194308e-02 5.584476768161464877e-01
5.595595595595595495e-02 5.569498381053128444e-01
5.596996996996997376e-02 5.554511247075417657e-01
5.598398398398398562e-02 5.539515440871585206e-01
5.599799799799799749e-02 5.524511037061938801e-01
5.601201201201201629e-02 5.509498110243111757e-01
5.602602602602602816e-02 5.494476734987305822e-01
5.604004004004004003e-02 5.479446985841474049e-01
5.605405405405405883e-02 5.464408937324840565e-01
5.606806806806807070e-02 5.449362663935203299e-01
5.608208208208208256e-02 5.434308240137605273e-01
5.609609609609610137e-02 5.419245740370639552e-01
5.611011011011011324e-02 5.404175239044003431e-01
5.612412412412412510e-02 5.389096810537726823e-01
5.613813813813814391e-02 5.374010529201488362e-01
5.615215215215215577e-02 5.358916469353953715e-01
5.616616616616616764e-02 5.343814705281998423e-01
5.618018018018017951e-02 5.328705311240103937e-01
5.619419419419419831e-02 5.313588361449614883e-01
5.620820820820821018e-02 5.298463930098147312e-01
5.622222222222222204e-02 5.283332091338853731e-01
5.623623623623624085e-02 5.268192919289811371e-01
5.625025025025025271e-02 5.253046488033409345e-01
5.626426426426426458e-02 5.237892871615645873e-01
5.627827827827828339e-02 5.222732144045566516e-01
5.629229229229229525e-02 5.207564379294639112e-01
5.630630630630630712e-02 5.192389651296125397e-01
5.632032032032031899e-02 5.177208033944510346e-01
5.633433433433433779e-02 5.162019601094908205e-01
5.634834834834834966e-02 5.146824426562512933e-01
5.636236236236236152e-02 5.131622584121993125e-01
5.637637637637638033e-02 5.116414147506957999e-01
5.639039039039039219e-02 5.101199190409425599e-01
5.640440440440440406e-02 5.085977786479275453e-01
5.641841841841842287e-02 5.070750009323711227e-01
5.643243243243243473e-02 5.055515932506798871e-01
5.644644644644644660e-02 5.040275629547370517e-01
5.646046046046046540e-02 5.025029173924685510e-01
5.647447447447447727e-02 5.009776639068816984e-01
5.648848848848848914e-02 4.994518098366207415e-01
5.650250250250250794e-02 4.979253625157757379e-01
5.651651651651651981e-02 4.963983292738361475e-01
5.653053053053053167e-02 4.948707174356457572e-01
5.654454454454455048e-02 4.933425343213632686e-01
5.655855855855856235e-02 4.918137872464201643e-01
5.657257257257257421e-02 4.902844835214814068e-01
5.658658658658658608e-02 4.887546304524058582e-01
5.660060060060060488e-02 4.872242353402102544e-01
5.661461461461461675e-02 4.856933054810359529e-01
5.662862862862862862e-02 4.841618481665781459e-01
5.664264264264264742e-02 4.826298706821794959e-01
5.665665665665665929e-02 4.810973803096154633e-01
5.667067067067067115e-02 4.795643843251828908e-01
5.668468468468468302e-02 4.780308900001411510e-01
5.669869869869870183e-02 4.764969046006861109e-01
5.671271271271271369e-02 4.749624353879255967e-01
5.672672672672672556e-02 4.734274896178491399e-01
5.674074074074074436e-02 4.718920745417824469e-01
5.675475475475475623e-02 4.703561974044739857e-01
5.676876876876876810e-02 4.688198654469097892e-01
5.678278278278278690e-02 4.672830859044040386e-01
5.679679679679679877e-02 4.657458660070584178e-01
5.681081081081081063e-02 4.642082129797416301e-01
5.682482482482482944e-02 4.626701340420781849e-01
5.683883883883884131e-02 4.611316364084381836e-01
5.685285285285285317e-02 4.595927272879236081e-01
5.686686686686687198e-02 4.580534138843608827e-01
5.688088088088088384e-02 4.565137033962977653e-01
5.689489489489489571e-02 4.549736030169923562e-01
5.690890890890891451e-02 4.534331199344124874e-01
5.692292292292292638e-02 4.518922613312381098e-01
5.693693693693693825e-02 4.503510343848551867e-01
5.695095095095095011e-02 4.488094462673636875e-01
5.696496496496496892e-02 4.472675041455785871e-01
5.697897897897898079e-02 4.457252151810401353e-01
5.699299299299299265e-02 4.441825865300178533e-01
5.700700700700701146e-02 4.426396253435244121e-01
5.702102102102102332e-02 4.410963387673285108e-01
5.703503503503503519e-02 4.395527339419667556e-01
5.704904904904905399e-02 4.380088180027635336e-01
5.706306306306306586e-02 4.364645980798509406e-01
5.707707707707707773e-02 4.349200812981879327e-01
5.709109109109108959e-02 4.333752747775849734e-01
5.710510510510510840e-02 4.318301856327306787e-01
5.711911911911912026e-02 4.302848209732234586e-01
5.713313313313313213e-02 4.287391879035976072e-01
5.714714714714715094e-02 4.271932935233591633e-01
5.716116116116116280e-02 4.256471449270250451e-01
5.717517517517517467e-02 4.241007492041580784e-01
5.718918918918919347e-02 4.225541134394093512e-01
5.720320320320320534e-02 4.210072447125667305e-01
5.721721721721721721e-02 4.194601500985949971e-01
5.723123123123123601e-02 4.179128366676921891e-01
5.724524524524524788e-02 4.163653114853389514e-01
5.725925925925925974e-02 4.148175816123573778e-01
5.727327327327327855e-02 4.132696541049640238e-01
5.728728728728729042e-02 4.117215360148416825e-01
5.730130130130130228e-02 4.101732343891947852e-01
5.731531531531532109e-02 4.086247562708231196e-01
5.732932932932933295e-02 4.070761086981957155e-01
5.734334334334334482e-02 4.055272987054065470e-01
5.735735735735735669e-02 4.039783333227087159e-01
5.737137137137137549e-02 4.024292195759200386e-01
5.738538538538538736e-02 4.008799644868485945e-01
5.739939939939939922e-02 3.993305750737141668e-01
5.741341341341341803e-02 3.977810583505713704e-01
5.742742742742742990e-02 3.962314213278579356e-01
5.744144144144144176e-02 3.946816710123776106e-01
5.745545545545545363e-02 3.931318144074109622e-01
5.746946946946947243e-02 3.915818585128203466e-01
5.748348348348348430e-02 3.900318103251699808e-01
5.749749749749749617e-02 3.884816768378353546e-01
5.751151151151151497e-02 3.869314650411330159e-01
5.752552552552552684e-02 3.853811819224435276e-01
5.753953953953953870e-02 3.838308344663459160e-01
5.755355355355355751e-02 3.822804296547508418e-01
5.756756756756756938e-02 3.807299744670467057e-01
5.758158158158158124e-02 3.791794758802413678e-01
5.759559559559560005e-02 3.776289408691163585e-01
5.760960960960961191e-02 3.760783764063854728e-01
5.762362362362362378e-02 3.745277894628533111e-01
5.763763763763764258e-02 3.729771870075852536e-01
5.765165165165165445e-02 3.714265760080835421e-01
5.766566566566566632e-02 3.698759634304621402e-01
5.767967967967968512e-02 3.683253562396354153e-01
5.769369369369369699e-02 3.667747613995100409e-01
5.770770770770770886e-02 3.652241858731825053e-01
5.772172172172172766e-02 3.636736366231415607e-01
5.773573573573573953e-02 3.621231206114851053e-01
5.774974974974975139e-02 3.605726448001322915e-01
5.776376376376376326e-02 3.590222161510516208e-01
5.777777777777778206e-02 3.574718416264930365e-01
5.779179179179179393e-02 3.559215281892300076e-01
5.780580580580580580e-02 3.543712828028029449e-01
5.781981981981981766e-02 3.528211124317773839e-01
5.783383383383383647e-02 3.512710240420051644e-01
5.784784784784784833e-02 3.497210246009012091e-01
5.786186186186186020e-02 3.481711210777175269e-01
5.787587587587587901e-02 3.466213204438348128e-01
5.788988988988989087e-02 3.450716296730634292e-01
5.790390390390390274e-02 3.435220557419459420e-01
5.791791791791792154e-02 3.419726056300753103e-01
5.793193193193193341e-02 3.404232863204263992e-01
5.794594594594594528e-02 3.388741047996846611e-01
5.795995995995996408e-02 3.373250680585989092e-01
5.797397397397397595e-02 3.357761830923399748e-01
5.798798798798798781e-02 3.342274569008648055e-01
5.800200200200200662e-02 3.326788964892998801e-01
5.801601601601601849e-02 3.311305088683353937e-01
5.803003003003003035e-02 3.295823010546238274e-01
5.804404404404404916e-02 3.280342800712003348e-01
5.805805805805806102e-02 3.264864529479123423e-01
5.807207207207207289e-02 3.249388267218599746e-01
5.808608608608609170e-02 3.233914084383763266e-01
5.810010010010010356e-02 3.218442051494005418e-01
5.811411411411411543e-02 3.202972239171111291e-01
5.812812812812813423e-02 3.187504718123234659e-01
5.814214214214214610e-02 3.172039559155326871e-01
5.815615615615615797e-02 3.156576833174413732e-01
5.817017017017016983e-02 3.141116611195089448e-01
5.818418418418418864e-02 3.125658964345121027e-01
5.819819819819820050e-02 3.110203963871316368e-01
5.821221221221221237e-02 3.094751681145458955e-01
5.822622622622622424e-02 3.079302187670516777e-01
5.824024024024024304e-02 3.063855555087008908e-01
5.825425425425425491e-02 3.048411855179581909e-01
5.826826826826826677e-02 3.032971159883760537e-01
5.828228228228228558e-02 3.017533541292939381e-01
5.829629629629629745e-02 3.002099071670954467e-01
5.831031031031030931e-02 2.986667823438117209e-01
5.832432432432432812e-02 2.971239869210923756e-01
5.833833833833833998e-02 2.955815281788625182e-01
5.835235235235235185e-02 2.940394134166694484e-01
5.836636636636637065e-02 2.924976499545236530e-01
5.838038038038038252e-02 2.909562451336896727e-01
5.839439439439439439e-02 2.894152063179001311e-01
5.840840840840841319e-02 2.878745408937983252e-01
5.842242242242242506e-02 2.863342562722160922e-01
5.843643643643643693e-02 2.847943598890753658e-01
5.845045045045045573e-02 2.832548592064044746e-01
5.846446446446446760e-02 2.817157617133906888e-01
5.847847847847847946e-02 2.801770749274601346e-01
5.849249249249249827e-02 2.786388063953973426e-01
5.850650650650651013e-02 2.771009636945041543e-01
5.852052052052052200e-02 2.755635544343313925e-01
5.853453453453454081e-02 2.740265862557380583e-01
5.854854854854855267e-02 2.724900668354331978e-01
5.856256256256256454e-02 2.709540038851080412e-01
5.857657657657657641e-02 2.694184051533448643e-01
5.859059059059058827e-02 2.678832784270197553e-01
5.860460460460460708e-02 2.663486315327561749e-01
5.861861861861861894e-02 2.648144723384291965e-01
5.863263263263263081e-02 2.632808087547129361e-01
5.864664664664664961e-02 2.617476487366874882e-01
5.866066066066066148e-02 2.602150002855039279e-01
5.867467467467467335e-02 2.586828714500952198e-01
5.868868868868869215e-02 2.571512703289562940e-01
5.870270270270270402e-02 2.556202050719831309e-01
5.871671671671671588e-02 2.540896838823736847e-01
5.873073073073073469e-02 2.525597150185966977e-01
5.874474474474474656e-02 2.510303067964319013e-01
5.875875875875875842e-02 2.495014675910793567e-01
5.877277277277277723e-02 2.479732058393431526e-01
5.878678678678678909e-02 2.464455300418995909e-01
5.880080080080080096e-02 2.449184487656368703e-01
5.881481481481481977e-02 2.433919706460855314e-01
5.882882882882883163e-02 2.418661043899405505e-01
5.884284284284284350e-02 2.403408587776628413e-01
5.885685685685686230e-02 2.388162426661878668e-01
5.887087087087087417e-02 2.372922649916650029e-01
5.888488488488488604e-02 2.357689347726301121e-01
5.889889889889890484e-02 2.342462611126201188e-01
5.891291291291291671e-02 2.327242532035737055e-01
5.892692692692692857e-02 2.312029203290060508e-01
5.894094094094094044e-02 2.296822718673833530e-01
5.895495495495495925e-02 2.281623172956180889e-01
5.896896896896897111e-02 2.266430661927047452e-01
5.898298298298298298e-02 2.251245282434858608e-01
5.899699699699699484e-02 2.236067132425755555e-01
5.901101101101101365e-02 2.220896310984254163e-01
5.902502502502502552e-02 2.205732918375595542e-01
5.903903903903903738e-02 2.190577056089652308e-01
5.905305305305305619e-02 2.175428826886676992e-01
5.906706706706706805e-02 2.160288334844825409e-01
5.908108108108107992e-02 2.145155685409572688e-01
5.909509509509509873e-02 2.130030985445160729e-01
5.910910910910911059e-02 2.114914343288125942e-01
5.912312312312312246e-02 2.099805868802984976e-01
5.913713713713714126e-02 2.084705673440219731e-01
5.915115115115115313e-02 2.069613870296742042e-01
5.916516516516516500e-02 2.054530574178703717e-01
5.917917917917918380e-02 2.039451113531338955e-01
5.919319319319319567e-02 2.024374091308103751e-01
5.920720720720720753e-02 2.009305961674050234e-01
5.922122122122122634e-02 1.994246848465661137e-01
5.923523523523523820e-02 1.979196877623945749e-01
5.924924924924925007e-02 1.964131176889145902e-01
5.926326326326326888e-02 1.949070629983822023e-01
5.927727727727728074e-02 1.934019706769203872e-01
5.929129129129129261e-02 1.918978546526676487e-01
5.930530530530531141e-02 1.903921449380774622e-01
5.931931931931932328e-02 1.888873443737018321e-01
5.933333333333333515e-02 1.873835723480991033e-01
5.934734734734734701e-02 1.858808442936151772e-01
5.936136136136136582e-02 1.843788865635387353e-01
5.937537537537537768e-02 1.828772135420150269e-01
5.938938938938938955e-02 1.813766364418426535e-01
5.940340340340340142e-02 1.798771722129721140e-01
5.941741741741742022e-02 1.783780408549432428e-01
5.943143143143143209e-02 1.768794504319768368e-01
5.944544544544544395e-02 1.753820311117981201e-01
5.945945945945946276e-02 1.738852066653382988e-01
5.947347347347347463e-02 1.723876742453682998e-01
5.948748748748748649e-02 1.708913797128513712e-01
5.950150150150150530e-02 1.693963436098478437e-01
5.951551551551551716e-02 1.679020770356861869e-01
5.952952952952952903e-02 1.664071250421258752e-01
5.954354354354354784e-02 1.649135055028277674e-01
5.955755755755755970e-02 1.634212415497917625e-01
5.957157157157157157e-02 1.619303569564804202e-01
5.958558558558559037e-02 1.604408761642711068e-01
5.959959959959960224e-02 1.589528243161688059e-01
5.961361361361361411e-02 1.574644249382508854e-01
5.962762762762763291e-02 1.559758866717258774e-01
5.964164164164164478e-02 1.544888698943134020e-01
5.965565565565565664e-02 1.530034033120522552e-01
5.966966966966967545e-02 1.515167908398644403e-01
5.968368368368368732e-02 1.500310372154985417e-01
5.969769769769769918e-02 1.485469378677030106e-01
5.971171171171171105e-02 1.470645257482271484e-01
5.972572572572572985e-02 1.455833824762865492e-01
5.973973973973974172e-02 1.441029482395760342e-01
5.975375375375375359e-02 1.426243117599599319e-01
5.976776776776776545e-02 1.411475108483106478e-01
5.978178178178178426e-02 1.396725846469830945e-01
5.979579579579579612e-02 1.381995736968861521e-01
5.980980980980980799e-02 1.367285200084839836e-01
5.982382382382382680e-02 1.352594671370147550e-01
5.983783783783783866e-02 1.337924602621883008e-01
5.985185185185185053e-02 1.323237398373501572e-01
5.986586586586586933e-02 1.308562714986464814e-01
5.987987987987988120e-02 1.293859532427807935e-01
5.989389389389389307e-02 1.279177564887948870e-01
5.990790790790791187e-02 1.264518841398643012e-01
5.992192192192192374e-02 1.249883938356981389e-01
5.993593593593593560e-02 1.235273455996857978e-01
5.994994994994995441e-02 1.220688019689446235e-01
5.996396396396396627e-02 1.206128281357592841e-01
5.997797797797797814e-02 1.191586171823910412e-01
5.999199199199199695e-02 1.177063648598763584e-01
6.000600600600600881e-02 1.162568968887405935e-01
6.002002002002002068e-02 1.148102907024883129e-01
6.003403403403403948e-02 1.133666272504866845e-01
6.004804804804805135e-02 1.119259912056987938e-01
6.006206206206206322e-02 1.104884711866049030e-01
6.007607607607608202e-02 1.090529745312208282e-01
6.009009009009009389e-02 1.076167065686269436e-01
6.010410410410410575e-02 1.061802321977093760e-01
6.011811811811811762e-02 1.047460088900068892e-01
6.013213213213213643e-02 1.033154002876871952e-01
6.014614614614614829e-02 1.018885235495676361e-01
6.016016016016016016e-02 1.004655018414224443e-01
6.017417417417417203e-02 9.904646472325133455e-02
6.018818818818819083e-02 9.763154856502655188e-02
6.020220220220220270e-02 9.622089699320329759e-02
6.021621621621621456e-02 9.481466137045196918e-02
6.023023023023023337e-02 9.341300131129171014e-02
6.024424424424424523e-02 9.201608523649205951e-02
6.025825825825825710e-02 9.062409096935017394e-02
6.027227227227227591e-02 8.923720637719620430e-02
6.028628628628628777e-02 8.785345099837671423e-02
6.030030030030029964e-02 8.647073279862610429e-02
6.031431431431431844e-02 8.509370747177884275e-02
6.032832832832833031e-02 8.372260833485077602e-02
6.034234234234234218e-02 8.235650469350591640e-02
6.035635635635636098e-02 8.098831231189096425e-02
6.037037037037037285e-02 7.962673995375985081e-02
6.038438438438438471e-02 7.827207905656843878e-02
6.039839839839840352e-02 7.692463949570442494e-02
6.041241241241241539e-02 7.558475095213816608e-02
6.042642642642642725e-02 7.425276438143940672e-02
6.044044044044044606e-02 7.292905359881679539e-02
6.045445445445445792e-02 7.161401698472953659e-02
6.046846846846846979e-02 7.030807931904471675e-02
6.048248248248248859e-02 6.901169375110999260e-02
6.049649649649650046e-02 6.772534391272577725e-02
6.051051051051051233e-02 6.644954618039215777e-02
6.052452452452452419e-02 6.518485209221745735e-02
6.053853853853853606e-02 6.393185092344728926e-02
6.055255255255255487e-02 6.269032666686603916e-02
6.056656656656656673e-02 6.145070577182722149e-02
6.058058058058057860e-02 6.022454720346971657e-02
6.059459459459459740e-02 5.901261017437246792e-02
6.060860860860860927e-02 5.781570710705041805e-02
6.062262262262262114e-02 5.663470722681419184e-02
6.063663663663663994e-02 5.547054026714921121e-02
6.065065065065065181e-02 5.432420024221307903e-02
6.066466466466466367e-02 5.319674924006499023e-02
6.067867867867868248e-02 5.208769644339864002e-02
6.069269269269269435e-02 5.098579228955774090e-02
6.070670670670670621e-02 4.990596017270473861e-02
6.072072072072072502e-02 4.884955946740512228e-02
6.073473473473473688e-02 4.781803618411637619e-02
6.074874874874874875e-02 4.681292527392656722e-02
6.076276276276276755e-02 4.583585203759711624e-02
6.077677677677677942e-02 4.488853237096779303e-02
6.079079079079079129e-02 4.397277154090171308e-02
6.080480480480481009e-02 4.309046115124951642e-02
6.081881881881882196e-02 4.224357393079835460e-02
6.083283283283283382e-02 4.143415595999917767e-02
6.084684684684685263e-02 4.066431595671637922e-02
6.086086086086086450e-02 3.992452959906772625e-02
6.087487487487487636e-02 3.922469989978893262e-02
6.088888888888888823e-02 3.857056566664662095e-02
6.090290290290290703e-02 3.796434505823043787e-02
6.091691691691691890e-02 3.740822110923145566e-02
6.093093093093093077e-02 3.690430987241027916e-02
6.094494494494494263e-02 3.645462563984797760e-02
6.095895895895896144e-02 3.606104413971924355e-02
6.097297297297297330e-02 3.572526489240350489e-02
6.098698698698698517e-02 3.544877417106105655e-02
6.100100100100100398e-02 3.523281019302480083e-02
6.101501501501501584e-02 3.507833224595794525e-02
6.102902902902902771e-02 3.498599539459763125e-02
6.104304304304304651e-02 3.495460925896071158e-02
6.105705705705705838e-02 3.495231358921004755e-02
6.107107107107107025e-02 3.487033427683990799e-02
6.108508508508508905e-02 3.483512911248928118e-02
6.109909909909910092e-02 3.471295636877670676e-02
6.111311311311311278e-02 3.465506419754799117e-02
6.112712712712713159e-02 3.466166755566867097e-02
6.114114114114114346e-02 3.473262216332147212e-02
6.115515515515515532e-02 3.486240731799786913e-02
6.116916916916917413e-02 3.503987809256108032e-02
6.118318318318318599e-02 3.527941014780839463e-02
6.119719719719719786e-02 3.557963769341065952e-02
6.121121121121121667e-02 3.593892786789888022e-02
6.122522522522522853e-02 3.635541860403906922e-02
6.123923923923924040e-02 3.682705914826665816e-02
6.125325325325325920e-02 3.735165137477819419e-02
6.126726726726727107e-02 3.792689023474723337e-02
6.128128128128128294e-02 3.855040197976326855e-02
6.129529529529529480e-02 3.921977911131448863e-02
6.130930930930931361e-02 3.993261139072077498e-02
6.132332332332332547e-02 4.068651252249468053e-02
6.133733733733733734e-02 4.147914242052009454e-02
6.135135135135134921e-02 4.230822517519385734e-02
6.136536536536536801e-02 4.317156299915851647e-02
6.137937937937937988e-02 4.406704653321245890e-02
6.139339339339339174e-02 4.499266195119869943e-02
6.140740740740741055e-02 4.594649532242829626e-02
6.142142142142142242e-02 4.691437751348269403e-02
6.143543543543543428e-02 4.790081630178393696e-02
6.144944944944945309e-02 4.891083517414718945e-02
6.146346346346346495e-02 4.994291336247157209e-02
6.147747747747747682e-02 5.098116647908907534e-02
6.149149149149149562e-02 5.203896401713188624e-02
6.150550550550550749e-02 5.311514296444349442e-02
6.151951951951951936e-02 5.420852208100348374e-02
6.153353353353353816e-02 5.531799646177473079e-02
6.154754754754755003e-02 5.644253341185235390e-02
6.156156156156156189e-02 5.758116829257471647e-02
6.157557557557558070e-02 5.873300040885209156e-02
6.158958958958959257e-02 5.989718898925854018e-02
6.160360360360360443e-02 6.107294930603846678e-02
6.161761761761762324e-02 6.225954894086865171e-02
6.163163163163163510e-02 6.345630424248269175e-02
6.164564564564564697e-02 6.466257696534252752e-02
6.165965965965965884e-02 6.587777110257621305e-02
6.167367367367367764e-02 6.710132991211341380e-02
6.168768768768768951e-02 6.833273313308105279e-02
6.170170170170170137e-02 6.957149438713866596e-02
6.171571571571571324e-02 7.081715875772259805e-02
6.172972972972973205e-02 7.206930053904973821e-02
6.174374374374374391e-02 7.332752114603646731e-02
6.175775775775775578e-02 7.458595560516485812e-02
6.177177177177177458e-02 7.584376310980850411e-02
6.178578578578578645e-02 7.710671991911452472e-02
6.179979979979979832e-02 7.837023332557964406e-02
6.181381381381381712e-02 7.962920844465833092e-02
6.182782782782782899e-02 8.089256438636649449e-02
6.184184184184184085e-02 8.216003701974053386e-02
6.185585585585585966e-02 8.343137752116738803e-02
6.186986986986987153e-02 8.470635134810285127e-02
6.188388388388388339e-02 8.598473728722531850e-02
6.189789789789790220e-02 8.726632657159305584e-02
6.191191191191191406e-02 8.855092206171735758e-02
6.192592592592592593e-02 8.983833748581911138e-02
6.193993993993994474e-02 9.112839673482427127e-02
6.195395395395395660e-02 9.242093320798576428e-02
6.196796796796796847e-02 9.371578920533400747e-02
6.198198198198198727e-02 9.501281536338722356e-02
6.199599599599599914e-02 9.631187013087444404e-02
6.201001001001001101e-02 9.761281928142812037e-02
6.202402402402402981e-02 9.891553546045822598e-02
6.203803803803804168e-02 1.002136773190515640e-01
6.205205205205205354e-02 1.015114880388189450e-01
6.206606606606606541e-02 1.028107419579327303e-01
6.208008008008008421e-02 1.041068264058359616e-01
6.209409409409409608e-02 1.054029628149535242e-01
6.210810810810810795e-02 1.067002547516921890e-01
6.212212212212211981e-02 1.079986120409618389e-01
6.213613613613613862e-02 1.092979487092285013e-01
6.215015015015015049e-02 1.105981827468497658e-01
6.216416416416416235e-02 1.118992358858124370e-01
6.217817817817818116e-02 1.132010333917528727e-01
6.219219219219219302e-02 1.145035038692615303e-01
6.220620620620620489e-02 1.158065790795292788e-01
6.222022022022022369e-02 1.171101937694591782e-01
6.223423423423423556e-02 1.184142855114505982e-01
6.224824824824824743e-02 1.197169371096271223e-01
6.226226226226226623e-02 1.210163968650124627e-01
6.227627627627627810e-02 1.223161604951935183e-01
6.229029029029028997e-02 1.236145701442029898e-01
6.230430430430430877e-02 1.249072067442458245e-01
6.231831831831832064e-02 1.261999911708119593e-01
6.233233233233233250e-02 1.274928778688648179e-01
6.234634634634635131e-02 1.287858230884976751e-01
6.236036036036036317e-02 1.300787847962449340e-01
6.237437437437437504e-02 1.313717225914849129e-01
6.238838838838839385e-02 1.326645976275871996e-01
6.240240240240240571e-02 1.339573725375109159e-01
6.241641641641641758e-02 1.352500113635759227e-01
6.243043043043042944e-02 1.365424794911272166e-01
6.244444444444444825e-02 1.378347435858677250e-01
6.245845845845846012e-02 1.391252586198263308e-01
6.247247247247247198e-02 1.404105601154336247e-01
6.248648648648648385e-02 1.416955548340529114e-01
6.250050050050050265e-02 1.429802146854967371e-01
6.251451451451452146e-02 1.442645125666872918e-01
6.252852852852852639e-02 1.455484223180624759e-01
6.254254254254254519e-02 1.468313798616626420e-01
6.255655655655656400e-02 1.481082206292463621e-01
6.257057057057056892e-02 1.493845891807759063e-01
6.258458458458458773e-02 1.506604634596130643e-01
6.259859859859859266e-02 1.519358221398981468e-01
6.261261261261261146e-02 1.532106445957886198e-01
6.262662662662663027e-02 1.544849108723925779e-01
6.264064064064064907e-02 1.557572254736978301e-01
6.265465465465465400e-02 1.570277154427569544e-01
6.266866866866867281e-02 1.582975886790773390e-01
6.268268268268267773e-02 1.595668279559187830e-01
6.269669669669669654e-02 1.608354165817323655e-01
6.271071071071071534e-02 1.621033383790279614e-01
6.272472472472472027e-02 1.633692717852589515e-01
6.273873873873873908e-02 1.646332452908225719e-01
6.275275275275275788e-02 1.658945389408352789e-01
6.276676676676676281e-02 1.671550986188542198e-01
6.278078078078078161e-02 1.684149109705116443e-01
6.279479479479480042e-02 1.696736193097300449e-01
6.280880880880880535e-02 1.709309068495662998e-01
6.282282282282282415e-02 1.721869021109029563e-01
6.283683683683684296e-02 1.734413023307548318e-01
6.285085085085084788e-02 1.746948907942336149e-01
6.286486486486486669e-02 1.759476565471343179e-01
6.287887887887888549e-02 1.771981557158624487e-01
6.289289289289289042e-02 1.784468230076760586e-01
6.290690690690690923e-02 1.796946332919703293e-01
6.292092092092092803e-02 1.809415770526209000e-01
6.293493493493493296e-02 1.821876450282726156e-01
6.294894894894895176e-02 1.834328282036146729e-01
6.296296296296297057e-02 1.846771178010078451e-01
6.297697697697697550e-02 1.859205052724691443e-01
6.299099099099099430e-02 1.871629822919884389e-01
6.300500500500499923e-02 1.884045407481452772e-01
6.301901901901901804e-02 1.896451727370427331e-01
6.303303303303303684e-02 1.908848705555123981e-01
6.304704704704705565e-02 1.921236266946023674e-01
6.306106106106106057e-02 1.933614338333153049e-01
6.307507507507507938e-02 1.945982848326066605e-01
6.308908908908908431e-02 1.958341727296026291e-01
6.310310310310310311e-02 1.970690907320620244e-01
6.311711711711712192e-02 1.983030322130356071e-01
6.313113113113112684e-02 1.995359907057439042e-01
6.314514514514514565e-02 2.007679598986523706e-01
6.315915915915916445e-02 2.019989336307197736e-01
6.317317317317316938e-02 2.032289058868414489e-01
6.318718718718718819e-02 2.044578707932589445e-01
6.320120120120120699e-02 2.056858226141387025e-01
6.321521521521521192e-02 2.069127557462863698e-01
6.322922922922923072e-02 2.081386647160451409e-01
6.324324324324324953e-02 2.093635441753100013e-01
6.325725725725725446e-02 2.105873888978931630e-01
6.327127127127127326e-02 2.118101937761079356e-01
6.328528528528529207e-02 2.130319538170381277e-01
6.329929929929929699e-02 2.142526641398007914e-01
6.331331331331331580e-02 2.154723199720603444e-01
6.332732732732733461e-02 2.166909166470789294e-01
6.334134134134133953e-02 2.179084496005919969e-01
6.335535535535535834e-02 2.191249143687995782e-01
6.336936936936937714e-02 2.203403065844184439e-01
6.338338338338338207e-02 2.215546219748666390e-01
6.339739739739740088e-02 2.227678563595259231e-01
6.341141141141140580e-02 2.239800056472763812e-01
6.342542542542542461e-02 2.251910658341398364e-01
6.343943943943944341e-02 2.264010330009798289e-01
6.345345345345346222e-02 2.276099033110898506e-01
6.346746746746746715e-02 2.288176730088624100e-01
6.348148148148148595e-02 2.300243384165082672e-01
6.349549549549549088e-02 2.312298959328608072e-01
6.350950950950950968e-02 2.324343420312453279e-01
6.352352352352352849e-02 2.336376732575982662e-01
6.353753753753753342e-02 2.348398862286617539e-01
6.355155155155155222e-02 2.360409776302323792e-01
6.356556556556557103e-02 2.372409442154561066e-01
6.357957957957957595e-02 2.384397828031908084e-01
6.359359359359359476e-02 2.396374902764167314e-01
6.360760760760761356e-02 2.408340635806889840e-01
6.362162162162161849e-02 2.420294997226478673e-01
6.363563563563563730e-02 2.432237957685758345e-01
6.364964964964965610e-02 2.444169488429889514e-01
6.366366366366366103e-02 2.456089561272796762e-01
6.367767767767767983e-02 2.467998148584050200e-01
6.369169169169169864e-02 2.479895223276022687e-01
6.370570570570570357e-02 2.491780758791511119e-01
6.371971971971972237e-02 2.503654729091778774e-01
6.373373373373374118e-02 2.515517108644814703e-01
6.374774774774774611e-02 2.527367872414070793e-01
6.376176176176176491e-02 2.539206995847498871e-01
6.377577577577578372e-02 2.551034454866835111e-01
6.378978978978978864e-02 2.562850225857292719e-01
6.380380380380380745e-02 2.574654285657546060e-01
6.381781781781781238e-02 2.586446611549887975e-01
6.383183183183183118e-02 2.598227181250857276e-01
6.384584584584584999e-02 2.609995972901952843e-01
6.385985985985986879e-02 2.621752965060714091e-01
6.387387387387387372e-02 2.633498136692031255e-01
6.388788788788789252e-02 2.645231467159729344e-01
6.390190190190189745e-02 2.656952936218270334e-01
6.391591591591591626e-02 2.668662524004855596e-01
6.392992992992993506e-02 2.680360211031599937e-01
6.394394394394393999e-02 2.692045978178780330e-01
6.395795795795795879e-02 2.703719806682395310e-01
6.397197197197197760e-02 2.715381678139598964e-01
6.398598598598598253e-02 2.727031574486730170e-01
6.400000000000000133e-02 2.738669478001314328e-01
