5.999999999999999778e-02 4.514987456535836108e-01
6.001001001001000923e-02 4.503778516292387124e-01
6.002002002002002068e-02 4.492512962913958185e-01
6.003003003003002519e-02 4.481256459802409053e-01
6.004004004004003664e-02 4.470009186439492521e-01
6.005005005005004809e-02 4.458771323356272576e-01
6.006006006006005954e-02 4.447543052137902797e-01
6.007007007007007099e-02 4.436324555428283190e-01
6.008008008008007550e-02 4.425116016934863561e-01
6.009009009009008695e-02 4.413917621433251504e-01
6.010010010010009840e-02 4.402729554771978582e-01
6.011011011011010985e-02 4.391552003877087218e-01
6.012012012012012130e-02 4.380385156756801401e-01
6.013013013013012581e-02 4.369229202506102472e-01
6.014014014014013726e-02 4.358084331311291582e-01
6.015015015015014871e-02 4.346950734454559373e-01
6.016016016016016016e-02 4.335828604318485158e-01
6.017017017017016467e-02 4.324718134390498903e-01
6.018018018018017612e-02 4.313619519267304359e-01
6.019019019019018757e-02 4.302532954659297193e-01
6.020020020020019902e-02 4.291458637394913733e-01
6.021021021021021047e-02 4.280396765424924754e-01
6.022022022022021498e-02 4.269347537826695405e-01
6.023023023023022643e-02 4.258198540986267711e-01
6.024024024024023788e-02 4.247043624581844368e-01
6.025025025025024933e-02 4.235901771013447226e-01
6.026026026026026078e-02 4.224773182623328682e-01
6.027027027027026529e-02 4.213658062892801093e-01
6.028028028028027674e-02 4.202556616446369575e-01
6.029029029029028819e-02 4.191469049055881468e-01
6.030030030030029964e-02 4.180395567644585864e-01
6.031031031031031109e-02 4.169336380291071564e-01
6.032032032032031560e-02 4.158291696233284429e-01
6.033033033033032705e-02 4.147261725872237736e-01
6.034034034034033850e-02 4.136246680775924056e-01
6.035035035035034995e-02 4.125246773682929025e-01
6.036036036036036140e-02 4.114262218506093971e-01
6.037037037037036591e-02 4.103293230336028663e-01
6.038038038038037736e-02 4.092340025444534124e-01
6.039039039039038881e-02 4.081402821288015459e-01
6.040040040040040026e-02 4.070481836510681517e-01
6.041041041041041171e-02 4.059577290947741779e-01
6.042042042042041622e-02 4.048689405628425608e-01
6.043043043043042767e-02 4.037818402778947657e-01
6.044044044044043912e-02 4.026964505825337826e-01
6.045045045045045057e-02 4.016127939396182955e-01
6.046046046046046202e-02 4.005308929325148148e-01
6.047047047047046653e-02 3.994507702653540826e-01
6.048048048048047798e-02 3.983724487632581690e-01
6.049049049049048943e-02 3.972959513725628500e-01
6.050050050050050088e-02 3.962213011617188863e-01
6.051051051051050539e-02 3.951485213187230228e-01
6.052052052052051684e-02 3.940776351554144963e-01
6.053053053053052829e-02 3.930086661055662289e-01
6.054054054054053974e-02 3.919416377230707238e-01
6.055055055055055119e-02 3.908765736866466334e-01
6.056056056056055570e-02 3.898134977948024549e-01
6.057057057057056715e-02 3.887524339703601894e-01
6.058058058058057860e-02 3.876934062580258411e-01
6.059059059059059005e-02 3.866364388250666528e-01
6.060060060060060150e-02 3.855815559613518517e-01
6.061061061061060601e-02 3.845287820793646394e-01
6.062062062062061746e-02 3.834781417142029136e-01
6.063063063063062891e-02 3.824296595235534557e-01
6.064064064064064036e-02 3.813833602876424700e-01
6.065065065065065181e-02 3.803392689100036916e-01
6.066066066066065632e-02 3.792974104146005776e-01
6.067067067067066777e-02 3.782578099485012224e-01
6.068068068068067922e-02 3.772204927817095488e-01
6.069069069069069067e-02 3.761854843061644971e-01
6.070070070070070212e-02 3.751528100339709404e-01
6.071071071071070663e-02 3.741224956003538216e-01
6.072072072072071808e-02 3.730945667612993732e-01
6.073073073073072953e-02 3.720690493938070276e-01
6.074074074074074098e-02 3.710459694955768883e-01
6.075075075075075243e-02 3.700253531846807165e-01
6.076076076076075694e-02 3.690072266991894501e-01
6.077077077077076839e-02 3.679916163967734688e-01
6.078078078078077984e-02 3.669785487542766012e-01
6.079079079079079129e-02 3.659680503672460561e-01
6.080080080080080274e-02 3.649601479494371525e-01
6.081081081081080725e-02 3.639548683322761380e-01
6.082082082082081870e-02 3.629522384647317912e-01
6.083083083083083015e-02 3.619522854109511467e-01
6.084084084084084160e-02 3.609550363522438521e-01
6.085085085085084611e-02 3.599605185846507238e-01
6.086086086086085756e-02 3.589687595186543123e-01
6.087087087087086901e-02 3.579797866784222293e-01
6.088088088088088046e-02 3.569936277009947423e-01
6.089089089089089191e-02 3.560103103354411158e-01
6.090090090090089642e-02 3.550298624419681581e-01
6.091091091091090787e-02 3.540523119909826932e-01
6.092092092092091932e-02 3.530776870621170072e-01
6.093093093093093077e-02 3.521060158431950082e-01
6.094094094094094222e-02 3.511373266291640260e-01
6.095095095095094673e-02 3.501716478209657701e-01
6.096096096096095818e-02 3.492090079243710954e-01
6.097097097097096963e-02 3.482494355487525395e-01
6.098098098098098108e-02 3.472929594058140057e-01
6.099099099099099253e-02 3.463396083082631027e-01
6.100100100100099704e-02 3.453894111684294721e-01
6.101101101101100849e-02 3.444303248795638761e-01
6.102102102102101994e-02 3.434713933427522847e-01
6.103103103103103139e-02 3.425156650934681468e-01
6.104104104104104284e-02 3.415631691705277029e-01
6.105105105105104735e-02 3.406139347077243307e-01
6.106106106106105880e-02 3.396679909331208891e-01
6.107107107107107025e-02 3.387253671639628982e-01
6.108108108108108170e-02 3.377860928101513172e-01
6.109109109109109315e-02 3.368501973690405382e-01
6.110110110110109766e-02 3.359177104244929768e-01
6.111111111111110911e-02 3.349886616449497811e-01
6.112112112112112056e-02 3.340630807815496706e-01
6.113113113113113201e-02 3.331409976660764105e-01
6.114114114114113652e-02 3.322224422088926321e-01
6.115115115115114797e-02 3.313074443967917726e-01
6.116116116116115942e-02 3.303960342907871772e-01
6.117117117117117087e-02 3.294882420238265386e-01
6.118118118118118232e-02 3.285840977984395006e-01
6.119119119119118683e-02 3.276836318843128759e-01
6.120120120120119828e-02 3.267868746154924398e-01
6.121121121121120973e-02 3.258938563890016460e-01
6.122122122122122118e-02 3.250046076604180545e-01
6.123123123123123263e-02 3.241191589423296215e-01
6.124124124124123714e-02 3.232375408012470031e-01
6.125125125125124859e-02 3.223597838547225813e-01
6.126126126126126004e-02 3.214859187683998254e-01
6.127127127127127149e-02 3.206159762531848867e-01
6.128128128128128294e-02 3.197499870613014772e-01
6.129129129129128745e-02 3.188879819843391528e-01
6.130130130130129890e-02 3.180299918491454880e-01
6.131131131131131035e-02 3.171760475146767622e-01
6.132132132132132180e-02 3.163261798685499948e-01
6.133133133133133325e-02 3.154804198235149904e-01
6.134134134134133776e-02 3.146387983138396738e-01
6.135135135135134921e-02 3.138013462916096064e-01
6.136136136136136066e-02 3.129680947229420696e-01
6.137137137137137211e-02 3.121390745841137182e-01
6.138138138138138356e-02 3.113143168575929765e-01
6.139139139139138807e-02 3.104938525280000472e-01
6.140140140140139952e-02 3.096777125779566764e-01
6.141141141141141097e-02 3.088659279838656402e-01
6.142142142142142242e-02 3.080585297115913113e-01
6.143143143143142693e-02 3.072555487120512963e-01
6.144144144144143838e-02 3.064570159167147034e-01
6.145145145145144983e-02 3.056629622330190310e-01
6.146146146146146128e-02 3.048734185396886343e-01
6.147147147147147273e-02 3.040884156819618767e-01
6.148148148148147724e-02 3.033079844667310732e-01
6.149149149149148869e-02 3.025321556575895632e-01
6.150150150150150014e-02 3.017609599706599921e-01
6.151151151151151159e-02 3.009837492815999882e-01
6.152152152152152303e-02 3.002036480729471934e-01
6.153153153153152755e-02 2.994282147547244199e-01
6.154154154154153900e-02 2.986574796827060063e-01
6.155155155155155045e-02 2.978914731497567803e-01
6.156156156156156189e-02 2.971302253804887772e-01
6.157157157157157334e-02 2.963737665258295295e-01
6.158158158158157786e-02 2.956221266574959872e-01
6.159159159159158931e-02 2.948753357623876692e-01
6.160160160160160076e-02 2.941334237368836146e-01
6.161161161161161220e-02 2.933964203810571214e-01
6.162162162162162365e-02 2.926643553927998354e-01
6.163163163163162817e-02 2.919372583618660144e-01
6.164164164164163962e-02 2.912151587638168726e-01
6.165165165165165106e-02 2.904980859539031401e-01
6.166166166166166251e-02 2.897860691608462047e-01
6.167167167167167396e-02 2.890791374805445901e-01
6.168168168168167848e-02 2.883773198697028861e-01
6.169169169169168992e-02 2.876806451393727482e-01
6.170170170170170137e-02 2.869891419484862927e-01
6.171171171171171282e-02 2.863028387970703581e-01
6.172172172172172427e-02 2.856217640196968555e-01
6.173173173173172879e-02 2.849459457788214856e-01
6.174174174174174023e-02 2.842754120578050436e-01
6.175175175175175168e-02 2.836101906540761108e-01
6.176176176176176313e-02 2.829503091721758956e-01
6.177177177177177458e-02 2.822957950167345187e-01
6.178178178178177909e-02 2.816466753853918425e-01
6.179179179179179054e-02 2.810029772616560728e-01
6.180180180180180199e-02 2.803647274077057938e-01
6.181181181181181344e-02 2.797319523571429878e-01
6.182182182182181795e-02 2.791046784076880449e-01
6.183183183183182940e-02 2.784829316138319744e-01
6.184184184184184085e-02 2.778667377794447058e-01
6.185185185185185230e-02 2.772561224503384270e-01
6.186186186186186375e-02 2.766511109067957830e-01
6.187187187187186826e-02 2.760517281560596059e-01
6.188188188188187971e-02 2.754579989247951111e-01
6.189189189189189116e-02 2.748699476515225060e-01
6.190190190190190261e-02 2.742875984790240640e-01
6.191191191191191406e-02 2.737109752467338786e-01
6.192192192192191857e-02 2.731401014831101870e-01
6.193193193193193002e-02 2.725750003979933722e-01
6.194194194194194147e-02 2.720156948749587467e-01
6.195195195195195292e-02 2.714622074636643401e-01
6.196196196196196437e-02 2.709145603721965778e-01
6.197197197197196888e-02 2.703727754594256738e-01
6.198198198198198033e-02 2.698368742273654086e-01
6.199199199199199178e-02 2.693068778135478403e-01
6.200200200200200323e-02 2.687828069834199418e-01
6.201201201201201468e-02 2.682646821227583911e-01
6.202202202202201919e-02 2.677525232301164460e-01
6.203203203203203064e-02 2.672463499092986305e-01
6.204204204204204209e-02 2.667461813618818289e-01
6.205205205205205354e-02 2.662520363797697964e-01
6.206206206206206499e-02 2.657639333378018498e-01
6.207207207207206950e-02 2.652818901864127943e-01
6.208208208208208095e-02 2.648059244443470295e-01
6.209209209209209240e-02 2.643360531914479838e-01
6.210210210210210385e-02 2.638722930615000628e-01
6.211211211211210836e-02 2.634146602351606359e-01
6.212212212212211981e-02 2.629631704329562503e-01
6.213213213213213126e-02 2.625178389083767660e-01
6.214214214214214271e-02 2.620786804410511484e-01
6.215215215215215416e-02 2.616457093300216252e-01
6.216216216216215867e-02 2.612189393871212628e-01
6.217217217217217012e-02 2.607983839304481855e-01
6.218218218218218157e-02 2.603840557779665832e-01
6.219219219219219302e-02 2.599759672412089162e-01
6.220220220220220447e-02 2.595741301191108463e-01
6.221221221221220898e-02 2.591785556919677935e-01
6.222222222222222043e-02 2.587892547155303258e-01
6.223223223223223188e-02 2.584062374152284458e-01
6.224224224224224333e-02 2.580295134804352353e-01
6.225225225225225478e-02 2.576590920594330480e-01
6.226226226226225929e-02 2.572949817534185835e-01
6.227227227227227074e-02 2.569371906117769444e-01
6.228228228228228219e-02 2.565857261269673950e-01
6.229229229229229364e-02 2.562405952296866740e-01
6.230230230230230509e-02 2.559018042841978979e-01
6.231231231231230960e-02 2.555638309620106852e-01
6.232232232232232105e-02 2.552229357308508639e-01
6.233233233233233250e-02 2.548883619692853264e-01
6.234234234234234395e-02 2.545601143698612567e-01
6.235235235235235540e-02 2.542381970500494637e-01
6.236236236236235991e-02 2.539226135484609070e-01
6.237237237237237136e-02 2.536133668212718351e-01
6.238238238238238281e-02 2.533104592388308873e-01
6.239239239239239426e-02 2.530138925824745866e-01
6.240240240240239877e-02 2.527236680415477221e-01
6.241241241241241022e-02 2.524397862106224077e-01
6.242242242242242167e-02 2.521622470869360755e-01
6.243243243243243312e-02 2.518910500680379139e-01
6.244244244244244457e-02 2.516261939496528544e-01
6.245245245245244908e-02 2.513676769237653819e-01
6.246246246246246053e-02 2.511154965769216707e-01
6.247247247247247198e-02 2.508696498887579840e-01
6.248248248248248343e-02 2.506301332307566687e-01
6.249249249249249488e-02 2.503969423652229187e-01
6.250250250250249939e-02 2.501700724444984036e-01
6.251251251251251084e-02 2.499495180104005787e-01
6.252252252252252229e-02 2.497352729937889482e-01
6.253253253253253374e-02 2.495273307149083741e-01
6.254254254254254519e-02 2.493256838828759592e-01
6.255255255255255664e-02 2.491303245964940072e-01
6.256256256256256809e-02 2.489412443447500956e-01
6.257257257257256566e-02 2.487584340076678113e-01
6.258258258258257711e-02 2.485818838573874145e-01
6.259259259259258856e-02 2.484115835594858379e-01
6.260260260260260001e-02 2.482475221745304439e-01
6.261261261261261146e-02 2.480896881598671222e-01
6.262262262262262291e-02 2.479380693716426165e-01
6.263263263263263436e-02 2.477926530670592764e-01
6.264264264264264581e-02 2.476534259068616795e-01
6.265265265265265726e-02 2.475203739580518481e-01
6.266266266266266871e-02 2.473934826968360867e-01
6.267267267267266628e-02 2.472727370117921708e-01
6.268268268268267773e-02 2.471581212072678502e-01
6.269269269269268918e-02 2.470496190069964848e-01
6.270270270270270063e-02 2.469472135579343919e-01
6.271271271271271208e-02 2.468508874343132431e-01
6.272272272272272353e-02 2.467606226419084836e-01
6.273273273273273498e-02 2.466764006225165839e-01
6.274274274274274643e-02 2.465982022586419020e-01
6.275275275275275788e-02 2.465260078783850783e-01
6.276276276276276933e-02 2.464597972605345466e-01
6.277277277277276690e-02 2.463995496398532770e-01
6.278278278278277835e-02 2.463452437125576988e-01
6.279279279279278980e-02 2.462968576419878597e-01
6.280280280280280125e-02 2.462543690644588001e-01
6.281281281281281270e-02 2.462177550952941718e-01
6.282282282282282415e-02 2.461869923350341327e-01
6.283283283283283560e-02 2.461620568758152994e-01
6.284284284284284705e-02 2.461429243079154561e-01
6.285285285285285850e-02 2.461295697264586912e-01
6.286286286286285607e-02 2.461219677382805726e-01
6.287287287287286752e-02 2.461200924689381231e-01
6.288288288288287897e-02 2.461239175698712311e-01
6.289289289289289042e-02 2.461334162257000635e-01
6.290290290290290187e-02 2.461485611616625324e-01
6.291291291291291332e-02 2.461693246511741928e-01
6.292292292292292477e-02 2.461956785235198397e-01
6.293293293293293622e-02 2.462275941716572103e-01
6.294294294294294767e-02 2.462650425601384530e-01
6.295295295295295912e-02 2.463079942331346528e-01
6.296296296296295669e-02 2.463564193225635524e-01
6.297297297297296814e-02 2.464102875563143613e-01
6.298298298298297959e-02 2.464695682665593301e-01
6.299299299299299104e-02 2.465342303981516159e-01
6.300300300300300249e-02 2.466042425171000030e-01
6.301301301301301394e-02 2.466795728191182868e-01
6.302302302302302539e-02 2.467601891382381618e-01
6.303303303303303684e-02 2.468460589554848372e-01
6.304304304304304829e-02 2.469371494076091356e-01
6.305305305305305974e-02 2.470334272958670807e-01
6.306306306306305731e-02 2.471348590948422852e-01
6.307307307307306876e-02 2.472414109613094713e-01
6.308308308308308021e-02 2.473530487431291891e-01
6.309309309309309166e-02 2.474697379881668768e-01
6.310310310310310311e-02 2.475914439532382050e-01
6.311311311311311456e-02 2.477181316130669386e-01
6.312312312312312601e-02 2.478497656692549289e-01
6.313313313313313746e-02 2.479863105592559902e-01
6.314314314314314891e-02 2.481277304653523030e-01
6.315315315315314648e-02 2.482739893236234341e-01
6.316316316316315793e-02 2.484250508329080842e-01
6.317317317317316938e-02 2.485808784637478785e-01
6.318318318318318083e-02 2.487414354673138650e-01
6.319319319319319228e-02 2.489066848843063395e-01
6.320320320320320373e-02 2.490765895538286645e-01
6.321321321321321518e-02 2.492511121222238113e-01
6.322322322322322663e-02 2.494302150518742378e-01
6.323323323323323808e-02 2.496138606299621865e-01
6.324324324324324953e-02 2.498020109771768860e-01
6.325325325325324710e-02 2.499946280563775936e-01
6.326326326326325855e-02 2.501916736811993780e-01
6.327327327327327000e-02 2.503931095245972016e-01
6.328328328328328145e-02 2.505988971273349075e-01
6.329329329329329290e-02 2.508089979064009878e-01
6.330330330330330435e-02 2.510233731633607079e-01
6.331331331331331580e-02 2.512419840926314873e-01
6.332332332332332725e-02 2.514647917896854490e-01
6.333333333333333870e-02 2.516917572591707564e-01
6.334334334334335015e-02 2.519228414233202762e-01
6.335335335335334772e-02 2.521580051284340596e-01
6.336336336336335917e-02 2.523972091549618879e-01
6.337337337337337062e-02 2.526404142238014572e-01
6.338338338338338207e-02 2.528875810043562655e-01
6.339339339339339352e-02 2.531386701221253754e-01
6.340340340340340497e-02 2.533936421661966421e-01
6.341341341341341642e-02 2.536524576966442401e-01
6.342342342342342787e-02 2.539150772518194987e-01
6.343343343343343932e-02 2.541814613555443136e-01
6.344344344344345077e-02 2.544515705241968129e-01
6.345345345345344834e-02 2.547253652736902740e-01
6.346346346346345979e-02 2.550028061263487911e-01
6.347347347347347124e-02 2.552838536179656836e-01
6.348348348348348269e-02 2.555684683032664051e-01
6.349349349349349414e-02 2.558566107642438747e-01
6.350350350350350559e-02 2.561482416153884611e-01
6.351351351351351704e-02 2.564433215103072983e-01
6.352352352352352849e-02 2.567418111479249365e-01
6.353353353353353994e-02 2.570436712785731381e-01
6.354354354354355139e-02 2.573488627099630444e-01
6.355355355355354896e-02 2.576573463130407693e-01
6.356356356356356041e-02 2.579690830277316937e-01
6.357357357357357186e-02 2.582840338685607473e-01
6.358358358358358331e-02 2.586021599301620011e-01
6.359359359359359476e-02 2.589234223926692446e-01
6.360360360360360621e-02 2.592477825269906000e-01
6.361361361361361766e-02 2.595718391718190854e-01
6.362362362362362911e-02 2.598878963435961031e-01
6.363363363363364056e-02 2.602069739005047899e-01
6.364364364364363813e-02 2.605290340015207762e-01
6.365365365365364958e-02 2.608540389108091606e-01
6.366366366366366103e-02 2.611819510023768443e-01
6.367367367367367248e-02 2.615127327646195043e-01
6.368368368368368393e-02 2.618463468047522169e-01
6.369369369369369538e-02 2.621827558531324431e-01
6.370370370370370683e-02 2.625219227674726041e-01
6.371371371371371828e-02 2.628638105369431877e-01
6.372372372372372973e-02 2.632083822861666644e-01
6.373373373373374118e-02 2.635556012791051006e-01
6.374374374374373875e-02 2.639054309228366368e-01
6.375375375375375020e-02 2.642222007944821649e-01
6.376376376376376165e-02 2.645099475691947699e-01
6.377377377377377310e-02 2.648005146878562588e-01
6.378378378378378455e-02 2.650938682771759036e-01
6.379379379379379600e-02 2.653899745476679395e-01
6.380380380380380745e-02 2.656887997937748547e-01
6.381381381381381890e-02 2.659903104005322261e-01
6.382382382382383035e-02 2.662944728468289446e-01
6.383383383383384180e-02 2.666012537092443124e-01
6.384384384384383937e-02 2.669106196657998198e-01
6.385385385385385082e-02 2.672225374996253788e-01
6.386386386386386227e-02 2.675369741026030757e-01
6.387387387387387372e-02 2.678538964785847076e-01
6.388388388388388517e-02 2.681732717472184446e-01
6.389389389389389662e-02 2.684950671469897299e-01
6.390390390390390807e-02 2.688192500385305217e-01
6.391391391391391952e-02 2.691457879077735482e-01
6.392392392392393097e-02 2.694746483690237948e-01
6.393393393393392854e-02 2.698057991678275980e-01
6.394394394394393999e-02 2.701392081843576043e-01
6.395395395395395144e-02 2.704748434355250808e-01
6.396396396396396289e-02 2.708126730781977298e-01
6.397397397397397434e-02 2.711526654117479840e-01
6.398398398398398579e-02 2.714947888806373832e-01
6.399399399399399724e-02 2.718390120769265672e-01
6.400400400400400869e-02 2.721853037427053867e-01
6.401401401401402014e-02 2.725336327724454666e-01
6.402402402402403159e-02 2.728839682152796597e-01
6.403403403403402916e-02 2.732362792770861581e-01
6.404404404404404061e-02 2.735905353230879689e-01
6.405405405405405206e-02 2.739467058792091625e-01
6.406406406406406351e-02 2.743047606345218048e-01
6.407407407407407496e-02 2.746040568917392788e-01
6.408408408408408641e-02 2.749039912365192073e-01
6.409409409409409786e-02 2.752060308987110404e-01
6.410410410410410931e-02 2.755101478156430361e-01
6.411411411411412076e-02 2.758163140391277635e-01
6.412412412412413221e-02 2.761245017378222699e-01
6.413413413413412978e-02 2.764346831995269094e-01
6.414414414414414123e-02 2.767468308334259941e-01
6.415415415415415268e-02 2.770609171722629438e-01
6.416416416416416413e-02 2.773769148744577029e-01
6.417417417417417558e-02 2.776947967261650940e-01
6.418418418418418703e-02 2.780145356432720538e-01
6.419419419419419848e-02 2.783361046733387467e-01
6.420420420420420993e-02 2.786594769974793939e-01
6.421421421421422138e-02 2.789846259321861477e-01
6.422422422422421895e-02 2.793115249310980097e-01
6.423423423423423040e-02 2.796401475867117403e-01
6.424424424424424185e-02 2.799704676320378116e-01
6.425425425425425330e-02 2.803024589422006274e-01
6.426426426426426475e-02 2.806360955359866738e-01
6.427427427427427620e-02 2.809713515773374914e-01
6.428428428428428765e-02 2.813082013767899126e-01
6.429429429429429910e-02 2.816466193928646167e-01
6.430430430430431055e-02 2.819865802334040605e-01
6.431431431431432200e-02 2.823280586568557848e-01
6.432432432432431957e-02 2.826710295735110900e-01
6.433433433433433102e-02 2.830154680466925310e-01
6.434434434434434247e-02 2.833613492938881206e-01
6.435435435435435392e-02 2.837086486878446223e-01
6.436436436436436537e-02 2.840573417576098825e-01
6.437437437437437682e-02 2.844074041895284788e-01
6.438438438438438827e-02 2.847588118281939029e-01
6.439439439439439972e-02 2.851115406773519489e-01
6.440440440440441117e-02 2.854655669007649665e-01
6.441441441441442262e-02 2.858208668230278193e-01
6.442442442442442019e-02 2.861774169303421544e-01
6.443443443443443164e-02 2.865351938712527025e-01
6.444444444444444309e-02 2.868941744573347830e-01
6.445445445445445454e-02 2.872543356638475043e-01
6.446446446446446599e-02 2.876156546303443862e-01
6.447447447447447744e-02 2.879781086612437369e-01
6.448448448448448889e-02 2.883416752263650573e-01
6.449449449449450034e-02 2.887063319614206480e-01
6.450450450450451179e-02 2.890720566684763515e-01
6.451451451451450936e-02 2.894388273163724379e-01
6.452452452452452081e-02 2.898066220411129046e-01
6.453453453453453226e-02 2.901754191462120325e-01
6.454454454454454371e-02 2.905451971030159064e-01
6.455455455455455516e-02 2.909159345509835237e-01
6.456456456456456661e-02 2.912876102979391479e-01
6.457457457457457806e-02 2.916602033202896349e-01
6.458458458458458951e-02 2.920336927632130042e-01
6.459459459459460096e-02 2.924080579408138147e-01
6.460460460460461241e-02 2.927832783357728896e-01
6.461461461461460998e-02 2.931593336013453288e-01
6.462462462462462143e-02 2.935362035585799556e-01
6.463463463463463288e-02 2.939138681982566559e-01
6.464464464464464433e-02 2.942923076804221383e-01
6.465465465465465578e-02 2.946715023343762785e-01
6.466466466466466723e-02 2.950514326586305414e-01
6.467467467467467868e-02 2.954320793208415896e-01
6.468468468468469013e-02 2.958134231577158602e-01
6.469469469469470158e-02 2.961954451748969874e-01
6.470470470470471303e-02 2.965781265468213079e-01
6.471471471471471060e-02 2.969614486165561007e-01
6.472472472472472205e-02 2.973453928956123482e-01
6.473473473473473350e-02 2.977299410637339605e-01
6.474474474474474495e-02 2.981150749686689583e-01
6.475475475475475640e-02 2.985007766259165640e-01
6.476476476476476785e-02 2.988870282184555305e-01
6.477477477477477930e-02 2.992738120964519299e-01
6.478478478478479075e-02 2.996611107769455717e-01
6.479479479479480220e-02 3.000489069435223199e-01
6.480480480480479977e-02 3.004371834459608759e-01
6.481481481481481122e-02 3.008259232998708455e-01
6.482482482482482267e-02 3.012151096863033284e-01
6.483483483483483412e-02 3.016047259513514045e-01
6.484484484484484557e-02 3.019947556057324123e-01
6.485485485485485702e-02 3.023851823243543513e-01
6.486486486486486847e-02 3.027759899458647985e-01
6.487487487487487992e-02 3.031671624721885561e-01
6.488488488488489137e-02 3.035586840680457033e-01
6.489489489489490281e-02 3.039505390604614332e-01
6.490490490490490039e-02 3.043427119375156087e-01
6.491491491491491184e-02 3.047351873507880282e-01
6.492492492492492329e-02 3.051279501103780212e-01
6.493493493493493474e-02 3.055209851873236238e-01
6.494494494494494619e-02 3.059142777123012302e-01
6.495495495495495764e-02 3.063078129750577694e-01
6.496496496496496909e-02 3.067015764238291697e-01
6.497497497497498053e-02 3.070955536647484996e-01
6.498498498498499198e-02 3.074897304612435600e-01
6.499499499499500343e-02 3.078840927334249855e-01
6.500500500500500101e-02 3.082786265574635753e-01
6.501501501501501246e-02 3.086733181649588542e-01
6.502502502502502391e-02 3.090681539422971413e-01
6.503503503503503536e-02 3.094631204300035132e-01
6.504504504504504681e-02 3.098582043220813320e-01
6.505505505505505826e-02 3.102533924653481656e-01
6.506506506506506970e-02 3.106486718587602724e-01
6.507507507507508115e-02 3.110440296527317017e-01
6.508508508508509260e-02 3.114394531484443451e-01
6.509509509509509018e-02 3.118349297971525491e-01
6.510510510510510163e-02 3.122304471993900266e-01
6.511511511511511308e-02 3.126259931046281304e-01
6.512512512512512453e-02 3.130215554100057029e-01
6.513513513513513598e-02 3.134171221599812429e-01
6.514514514514514743e-02 3.138126815455115626e-01
6.515515515515515887e-02 3.142082219033218715e-01
6.516516516516517032e-02 3.146037317151690882e-01
6.517517517517518177e-02 3.149991996070977129e-01
6.518518518518519322e-02 3.153946143486980880e-01
6.519519519519519080e-02 3.157899648523523339e-01
6.520520520520520225e-02 3.161852401724828399e-01
6.521521521521521370e-02 3.165804295047919825e-01
6.522522522522522515e-02 3.169755221855006799e-01
6.523523523523523659e-02 3.173705076905836142e-01
6.524524524524524804e-02 3.177653756349064218e-01
6.525525525525525949e-02 3.181601157718294548e-01
6.526526526526527094e-02 3.185547179918694072e-01
6.527527527527528239e-02 3.189491723211823615e-01
6.528528528528529384e-02 3.193434689251559155e-01
6.529529529529529142e-02 3.197375981009271118e-01
6.530530530530530287e-02 3.201315502810676561e-01
6.531531531531531432e-02 3.205253160316774985e-01
6.532532532532532576e-02 3.209188860515999053e-01
6.533533533533533721e-02 3.213122511716307028e-01
6.534534534534534866e-02 3.217054023537290752e-01
6.535535535535536011e-02 3.220983306902238663e-01
6.536536536536537156e-02 3.224910274030214907e-01
6.537537537537538301e-02 3.228834838428120690e-01
6.538538538538538059e-02 3.232756914882727317e-01
6.539539539539539204e-02 3.236676419452747533e-01
6.540540540540540349e-02 3.240593269460845804e-01
6.541541541541541493e-02 3.244507383485683016e-01
6.542542542542542638e-02 3.248418681353943405e-01
6.543543543543543783e-02 3.252327084132368151e-01
6.544544544544544928e-02 3.256232514119775656e-01
6.545545545545546073e-02 3.260134894839093467e-01
6.546546546546547218e-02 3.264034151029380770e-01
6.547547547547548363e-02 3.267930208637868650e-01
6.548548548548549508e-02 3.271822994811984797e-01
6.549549549549549265e-02 3.275712437891395434e-01
6.550550550550550410e-02 3.279598467400073325e-01
6.551551551551551555e-02 3.283481014038305834e-01
6.552552552552552700e-02 3.287360009674797912e-01
6.553553553553553845e-02 3.291235387338711238e-01
6.554554554554554990e-02 3.295107081197477528e-01
6.555555555555556135e-02 3.298975026606005279e-01
6.556556556556557280e-02 3.302839160013071873e-01
6.557557557557558425e-02 3.306699419010594720e-01
6.558558558558558182e-02 3.310555742311442895e-01
6.559559559559559327e-02 3.314408069741602847e-01
6.560560560560560472e-02 3.318256342232304146e-01
6.561561561561561617e-02 3.322100501812181306e-01
6.562562562562562762e-02 3.325940491584278846e-01
6.563563563563563907e-02 3.329776255779056671e-01
6.564564564564565052e-02 3.333607739655334301e-01
6.565565565565566197e-02 3.337434889553387296e-01
6.566566566566567342e-02 3.341257652871982842e-01
6.567567567567567099e-02 3.345075978060628730e-01
6.568568568568568244e-02 3.348889814611888949e-01
6.569569569569569389e-02 3.352699113053653202e-01
6.570570570570570534e-02 3.356503824941488023e-01
6.571571571571571679e-02 3.360303902850971247e-01
6.572572572572572824e-02 3.364099300370058665e-01
6.573573573573573969e-02 3.367889972091478445e-01
6.574574574574575114e-02 3.371675873605126106e-01
6.575575575575576259e-02 3.375456961490525543e-01
6.576576576576577404e-02 3.379233193309244543e-01
6.577577577577578549e-02 3.383004527597399114e-01
6.578578578578578306e-02 3.386770923858140048e-01
6.579579579579579451e-02 3.390532342554202772e-01
6.580580580580580596e-02 3.394288745082830738e-01
6.581581581581581741e-02 3.398040093838735620e-01
6.582582582582582886e-02 3.401786352101108246e-01
6.583583583583584031e-02 3.405527484096661506e-01
6.584584584584585176e-02 3.409263454974650887e-01
6.585585585585586321e-02 3.412994230799559769e-01
6.586586586586587466e-02 3.416719778543793606e-01
6.587587587587587223e-02 3.420440066080394081e-01
6.588588588588588368e-02 3.424155062175819331e-01
6.589589589589589513e-02 3.427864736482689190e-01
6.590590590590590658e-02 3.431569059532582622e-01
6.591591591591591803e-02 3.435268002728910086e-01
6.592592592592592948e-02 3.438961538339728174e-01
6.593593593593594093e-02 3.442649639490646396e-01
6.594594594594595238e-02 3.446332280157723971e-01
6.595595595595596383e-02 3.450009435160416582e-01
6.596596596596596140e-02 3.453681080154535343e-01
6.597597597597597285e-02 3.457347191625267380e-01
6.598598598598598430e-02 3.461007746880145897e-01
6.599599599599599575e-02 3.464662724042149589e-01
6.600600600600600720e-02 3.468312102042742651e-01
6.601601601601601865e-02 3.471955860615010270e-01
6.602602602602603010e-02 3.475593980286773022e-01
6.603603603603604155e-02 3.479226442373747896e-01
6.604604604604605300e-02 3.482853228972749848e-01
6.605605605605606445e-02 3.486474322954909999e-01
6.606606606606607590e-02 3.490089707958904941e-01
6.607607607607607347e-02 3.493699368384252657e-01
6.608608608608608492e-02 3.497303289384613989e-01
6.609609609609609637e-02 3.500901456861116312e-01
6.610610610610610782e-02 3.504493857455716066e-01
6.611611611611611927e-02 3.508080478544595704e-01
6.612612612612613072e-02 3.511661308231577849e-01
6.613613613613614217e-02 3.515236335341582752e-01
6.614614614614615362e-02 3.518805549414081302e-01
6.615615615615616507e-02 3.522368940696638528e-01
6.616616616616616264e-02 3.525926500138401587e-01
6.617617617617617409e-02 3.529478219383709869e-01
6.618618618618618554e-02 3.533024090765652936e-01
6.619619619619619699e-02 3.536564107299697834e-01
6.620620620620620844e-02 3.540098262677350283e-01
6.621621621621621989e-02 3.543626551259824731e-01
6.622622622622623134e-02 3.547148968047546536e-01
6.623623623623624279e-02 3.550665508770746159e-01
6.624624624624625424e-02 3.554176169737875979e-01
6.625625625625626569e-02 3.557680947926348813e-01
6.626626626626626326e-02 3.561179840952107267e-01
6.627627627627627471e-02 3.564672847063479200e-01
6.628628628628628616e-02 3.568159965135049849e-01
6.629629629629629761e-02 3.571641194661573371e-01
6.630630630630630906e-02 3.575116535751918789e-01
6.631631631631632051e-02 3.578585989123010958e-01
6.632632632632633196e-02 3.582049556093850895e-01
6.633633633633634341e-02 3.585507238579517253e-01
6.634634634634635486e-02 3.588959039085230507e-01
6.635635635635636631e-02 3.592404960700415484e-01
6.636636636636636388e-02 3.595845007092816625e-01
6.637637637637637533e-02 3.599279182502650443e-01
6.638638638638638678e-02 3.602707491737200951e-01
6.639639639639639823e-02 3.606129940163113612e-01
6.640640640640640968e-02 3.609546533703537619e-01
6.641641641641642113e-02 3.612957278830403185e-01
6.642642642642643258e-02 3.616362182559174077e-01
6.643643643643644403e-02 3.619761252443169930e-01
6.644644644644645548e-02 3.623154496567886351e-01
6.645645645645645305e-02 3.626541923545344437e-01
6.646646646646646450e-02 3.629923542508509127e-01
6.647647647647647595e-02 3.633299363105656488e-01
6.648648648648648740e-02 3.636669395494847579e-01
6.649649649649649885e-02 3.640033650338383442e-01
6.650650650650651030e-02 3.643392138797300062e-01
6.651651651651652175e-02 3.646744872525887748e-01
6.652652652652653320e-02 3.650091863666242165e-01
6.653653653653654465e-02 3.653433124842849211e-01
6.654654654654655610e-02 3.656768669157174911e-01
6.655655655655655367e-02 3.660098510182299147e-01
6.656656656656656512e-02 3.663422661957584925e-01
6.657657657657657657e-02 3.666741138983344306e-01
6.658658658658658802e-02 3.670053956215554858e-01
6.659659659659659947e-02 3.673361129060596086e-01
6.660660660660661092e-02 3.676662673370021395e-01
6.661661661661662237e-02 3.679958605435338925e-01
6.662662662662663382e-02 3.683248941982825153e-01
6.663663663663664527e-02 3.686533700168375116e-01
6.664664664664665672e-02 3.689812897572380956e-01
6.665665665665665429e-02 3.693086552194583261e-01
6.666666666666666574e-02 3.696354682449062845e-01
6.667667667667667719e-02 3.699617307159113744e-01
6.668668668668668864e-02 3.702874445552273297e-01
6.669669669669670009e-02 3.706126117255283403e-01
6.670670670670671154e-02 3.709372342289137814e-01
6.671671671671672299e-02 3.712613141064117217e-01
6.672672672672673444e-02 3.715848534374878165e-01
6.673673673673674589e-02 3.719078543395537562e-01
6.674674674674674346e-02 3.722303189674814328e-01
6.675675675675675491e-02 3.725522495131185496e-01
6.676676676676676636e-02 3.728736482048037870e-01
6.677677677677677781e-02 3.731945173068892951e-01
6.678678678678678926e-02 3.735148591192630207e-01
6.679679679679680071e-02 3.738346759768732541e-01
6.680680680680681216e-02 3.741539702492572839e-01
6.681681681681682361e-02 3.744727443400702183e-01
6.682682682682683506e-02 3.747910006866201349e-01
6.683683683683684651e-02 3.751087417594006768e-01
6.684684684684684408e-02 3.754259700616294215e-01
6.685685685685685553e-02 3.757426881287907472e-01
6.686686686686686698e-02 3.760588985281728691e-01
6.687687687687687843e-02 3.763746038584185882e-01
6.688688688688688988e-02 3.766898067490688229e-01
6.689689689689690133e-02 3.770045098601143563e-01
6.690690690690691278e-02 3.773187158814513276e-01
6.691691691691692423e-02 3.776324275328212243e-01
6.692692692692693568e-02 3.779456475627887002e-01
6.693693693693694713e-02 3.782583787486896720e-01
6.694694694694694470e-02 3.785706238960926950e-01
6.695695695695695615e-02 3.788823858383689180e-01
6.696696696696696760e-02 3.791936674362521575e-01
6.697697697697697905e-02 3.795044715774130717e-01
6.698698698698699050e-02 3.798148011760273390e-01
6.699699699699700195e-02 3.801246591723526635e-01
6.700700700700701340e-02 3.804340485323005616e-01
6.701701701701702485e-02 3.807429722470197508e-01
6.702702702702703630e-02 3.810514333324725444e-01
6.703703703703703387e-02 3.813594348290216818e-01
6.704704704704704532e-02 3.816669798010132175e-01
6.705705705705705677e-02 3.819740713363656837e-01
6.706706706706706822e-02 3.822807125461593625e-01
6.707707707707707967e-02 3.825869065642292233e-01
6.708708708708709112e-02 3.828926565467598575e-01
6.709709709709710257e-02 3.831979656718824123e-01
6.710710710710711402e-02 3.835028371392731894e-01
6.711711711711712547e-02 3.838072741697557411e-01
6.712712712712713692e-02 3.841112800049055753e-01
6.713713713713713449e-02 3.844148579066544724e-01
6.714714714714714594e-02 3.847180111568072602e-01
6.715715715715715739e-02 3.850207430570276035e-01
6.716716716716716884e-02 3.853230569278842110e-01
6.717717717717718029e-02 3.856249561088465061e-01
6.718718718718719174e-02 3.859264439578040662e-01
6.719719719719720319e-02 3.862275238506903130e-01
6.720720720720721464e-02 3.865281991811010398e-01
6.721721721721722609e-02 3.868284733599196556e-01
6.722722722722723754e-02 3.871283498149447611e-01
6.723723723723723511e-02 3.874278319905166690e-01
6.724724724724724656e-02 3.877269233471502541e-01
6.725725725725725801e-02 3.880256273611658036e-01
6.726726726726726946e-02 3.883239475243265293e-01
6.727727727727728091e-02 3.886218873434734711e-01
6.728728728728729236e-02 3.889194503401670056e-01
6.729729729729730381e-02 3.892166400503282442e-01
6.730730730730731526e-02 3.895134600238830402e-01
6.731731731731732671e-02 3.898099138244067174e-01
6.732732732732732428e-02 3.901060050287742942e-01
6.733733733733733573e-02 3.904017372268109853e-01
6.734734734734734718e-02 3.906971140209424265e-01
6.735735735735735863e-02 3.909921390258527252e-01
6.736736736736737008e-02 3.912868158681385156e-01
6.737737737737738153e-02 3.915811481859707288e-01
6.738738738738739298e-02 3.918751396287531996e-01
6.739739739739740443e-02 3.921687938567889331e-01
6.740740740740741588e-02 3.924621145409421530e-01
6.741741741741742733e-02 3.927551053623095645e-01
6.742742742742742490e-02 3.930477700117967488e-01
6.743743743743743635e-02 3.933401121901564657e-01
6.744744744744744780e-02 3.936321356071123545e-01
6.745745745745745925e-02 3.939238439814033432e-01
6.746746746746747070e-02 3.942152410403695351e-01
6.747747747747748215e-02 3.945063305196316317e-01
6.748748748748749360e-02 3.947971161627751302e-01
6.749749749749750505e-02 3.950876017210332436e-01
6.750750750750751650e-02 3.953777909529752055e-01
6.751751751751752795e-02 3.956676876241939644e-01
6.752752752752752552e-02 3.959572955069959876e-01
6.753753753753753697e-02 3.962466183800978925e-01
6.754754754754754842e-02 3.965356600283166943e-01
6.755755755755755987e-02 3.968244242422707679e-01
6.756756756756757132e-02 3.971129148180764235e-01
6.757757757757758277e-02 3.974011355570510329e-01
6.758758758758759422e-02 3.976890902654152682e-01
6.759759759759760567e-02 3.979767827539980041e-01
6.760760760760761712e-02 3.982642168379460501e-01
6.761761761761761469e-02 3.985513963364291090e-01
6.762762762762762614e-02 3.988383250723586126e-01
6.763763763763763759e-02 3.991250068720923472e-01
6.764764764764764904e-02 3.994114455651573414e-01
6.765765765765766049e-02 3.996976449839634293e-01
6.766766766766767194e-02 3.999836089635256942e-01
6.767767767767768339e-02 4.002693413411825274e-01
6.768768768768769484e-02 4.005548459563234576e-01
6.769769769769770629e-02 4.008401266501124827e-01
6.770770770770771774e-02 4.011251872652165096e-01
6.771771771771772919e-02 4.014100316455340711e-01
6.772772772772772676e-02 4.016946636359297051e-01
6.773773773773773821e-02 4.019790870819658912e-01
6.774774774774774966e-02 4.022633058296384845e-01
6.775775775775776111e-02 4.025473237251151470e-01
6.776776776776777256e-02 4.028311446144767771e-01
6.777777777777778401e-02 4.031147723434566066e-01
6.778778778778779546e-02 4.033982107571862374e-01
6.779779779779780691e-02 4.036814636999394579e-01
6.780780780780781836e-02 4.039645350148827752e-01
6.781781781781781593e-02 4.042474285438218407e-01
6.782782782782782738e-02 4.045301481269567012e-01
6.783783783783783883e-02 4.048126976026331092e-01
6.784784784784785028e-02 4.050950808070989950e-01
6.785785785785786173e-02 4.053773015742621055e-01
6.786786786786787318e-02 4.056593637354496407e-01
6.787787787787788463e-02 4.059412711191708323e-01
6.788788788788789608e-02 4.062230275508785238e-01
6.789789789789790753e-02 4.065046368527369114e-01
6.790790790790790510e-02 4.067861028433871207e-01
6.791791791791791655e-02 4.070674293377185005e-01
6.792792792792792800e-02 4.073486201466386403e-01
6.793793793793793945e-02 4.076296790768470513e-01
6.794794794794795090e-02 4.079106099306106237e-01
6.795795795795796235e-02 4.081914165055405275e-01
6.796796796796797380e-02 4.084721025943725548e-01
6.797797797797798525e-02 4.087526719847456858e-01
6.798798798798799670e-02 4.090331284589879268e-01
6.799799799799800815e-02 4.093134757938996504e-01
6.800800800800801960e-02 4.095937177605403767e-01
6.801801801801801717e-02 4.098738581240185530e-01
6.802802802802802862e-02 4.101539006432810552e-01
6.803803803803804007e-02 4.104338490709065201e-01
6.804804804804805152e-02 4.107137071528992878e-01
6.805805805805806297e-02 4.109934786284872299e-01
6.806806806806807442e-02 4.112731672299174135e-01
6.807807807807808587e-02 4.115527766822582589e-01
6.808808808808809732e-02 4.118323107032028085e-01
6.809809809809810877e-02 4.121117730028678317e-01
6.810810810810810634e-02 4.123911672836052533e-01
6.811811811811811779e-02 4.126704972398073101e-01
6.812812812812812924e-02 4.129497665577161469e-01
6.813813813813814069e-02 4.132289789152341908e-01
6.814814814814815214e-02 4.135081379817409086e-01
6.815815815815816359e-02 4.137872474179040694e-01
6.816816816816817504e-02 4.140663108754992772e-01
6.817817817817818649e-02 4.143453319972285609e-01
6.818818818818819794e-02 4.146243144165404071e-01
6.819819819819819551e-02 4.149032617574525683e-01
6.820820820820820696e-02 4.151821776343774251e-01
6.821821821821821841e-02 4.154610656519476808e-01
6.822822822822822986e-02 4.157399294048439442e-01
6.823823823823824131e-02 4.160187724776248097e-01
6.824824824824825276e-02 4.162975984445601019e-01
6.825825825825826421e-02 4.165764108694629542e-01
6.826826826826827566e-02 4.168552133055264952e-01
6.827827827827828711e-02 4.171340092951591472e-01
6.828828828828829856e-02 4.174128023698268630e-01
6.829829829829831001e-02 4.176915960498902569e-01
6.830830830830830758e-02 4.179703938444499500e-01
6.831831831831831903e-02 4.182491992511919165e-01
6.832832832832833048e-02 4.185280157562295544e-01
6.833833833833834193e-02 4.188068468339571360e-01
6.834834834834835338e-02 4.190856959468946541e-01
6.835835835835836483e-02 4.193645665455444371e-01
6.836836836836837628e-02 4.196434620682388261e-01
6.837837837837838773e-02 4.199223859410020077e-01
6.838838838838839917e-02 4.202013415774004668e-01
6.839839839839839675e-02 4.204803323784071512e-01
6.840840840840840820e-02 4.207593617322592516e-01
6.841841841841841965e-02 4.210384330143204235e-01
6.842842842842843110e-02 4.213175495869456166e-01
6.843843843843844255e-02 4.215967147993460173e-01
6.844844844844845400e-02 4.218759319874577640e-01
6.845845845845846545e-02 4.221552044738108300e-01
6.846846846846847690e-02 4.224345355673984059e-01
6.847847847847848834e-02 4.227139285635522770e-01
6.848848848848848592e-02 4.229933867438144257e-01
6.849849849849849737e-02 4.232729133758170170e-01
6.850850850850850882e-02 4.235525117131557216e-01
6.851851851851852027e-02 4.238321849952721987e-01
6.852852852852853172e-02 4.241119364473346920e-01
6.853853853853854317e-02 4.243917692801208452e-01
6.854854854854855462e-02 4.246716866899024612e-01
6.855855855855856607e-02 4.249516918583325920e-01
6.856856856856857751e-02 4.252317879523317967e-01
6.857857857857858896e-02 4.255119781239788956e-01
6.858858858858860041e-02 4.257922655104032783e-01
6.859859859859859799e-02 4.260726532336763794e-01
6.860860860860860944e-02 4.263531444007075399e-01
6.861861861861862089e-02 4.266337421031396460e-01
6.862862862862863234e-02 4.269144494172469884e-01
6.863863863863864379e-02 4.271952694037744469e-01
6.864864864864865523e-02 4.274762051080841507e-01
6.865865865865866668e-02 4.277572595596885741e-01
6.866866866866867813e-02 4.280384357724026367e-01
6.867867867867868958e-02 4.283197367441877179e-01
6.868868868868868716e-02 4.286011654570586193e-01
6.869869869869869861e-02 4.288827248769949696e-01
6.870870870870871006e-02 4.291644179538507964e-01
6.871871871871872151e-02 4.294462476212662638e-01
6.872872872872873296e-02 4.297282167965841282e-01
6.873873873873874440e-02 4.300103283807057974e-01
6.874874874874875585e-02 4.302925852582415445e-01
6.875875875875876730e-02 4.305749902970805731e-01
6.876876876876877875e-02 4.308575463485454504e-01
6.877877877877877633e-02 4.311402562472527178e-01
6.878878878878878778e-02 4.314231228110411709e-01
6.879879879879879923e-02 4.317061488408922565e-01
6.880880880880881068e-02 4.319565792989314423e-01
6.881881881881882213e-02 4.321974094672206834e-01
6.882882882882883357e-02 4.324383210250111187e-01
6.883883883883884502e-02 4.326793175139292957e-01
6.884884884884885647e-02 4.329204024604032530e-01
6.885885885885886792e-02 4.331615793755721477e-01
6.886886886886887937e-02 4.334028517551962167e-01
6.887887887887889082e-02 4.336442230795679031e-01
6.888888888888888840e-02 4.338856968134252590e-01
6.889889889889889985e-02 4.341272764058666800e-01
6.890890890890891129e-02 4.343689652902653631e-01
6.891891891891892274e-02 4.346107668841848737e-01
6.892892892892893419e-02 4.348526845893004311e-01
6.893893893893894564e-02 4.350947217913143095e-01
6.894894894894895709e-02 4.353368818598794543e-01
6.895895895895896854e-02 4.355791681485187139e-01
6.896896896896897999e-02 4.358215839945482339e-01
6.897897897897897757e-02 4.360641327190034056e-01
6.898898898898898902e-02 4.363068176265615383e-01
6.899899899899900046e-02 4.365496420054711946e-01
6.900900900900901191e-02 4.367926091274328404e-01
6.901901901901902336e-02 4.370357222477065928e-01
6.902902902902903481e-02 4.372789846047771545e-01
6.903903903903904626e-02 4.375223994204621714e-01
6.904904904904905771e-02 4.377659698998002114e-01
6.905905905905906916e-02 4.380096992309839288e-01
6.906906906906906674e-02 4.382535905852973368e-01
6.907907907907909206e-02 4.384976471170506929e-01
6.908908908908908963e-02 4.387418719635178266e-01
6.909909909909910108e-02 4.389862682448750220e-01
6.910910910910911253e-02 4.392308390641430083e-01
6.911911911911912398e-02 4.394755875071237883e-01
6.912912912912913543e-02 4.397205166423456824e-01
6.913913913913914688e-02 4.399656295210081502e-01
6.914914914914915833e-02 4.402109291769231159e-01
6.915915915915916978e-02 4.404564186264630643e-01
6.916916916916918123e-02 4.407021008685067520e-01
6.917917917917917880e-02 4.409479788843880810e-01
6.918918918918919025e-02 4.411940556378468048e-01
6.919919919919920170e-02 4.414403340749747939e-01
6.920920920920921315e-02 4.416868171241720709e-01
6.921921921921922460e-02 4.419335076960967945e-01
6.922922922922923605e-02 4.421804086836214065e-01
6.923923923923924750e-02 4.424275229617848915e-01
6.924924924924925895e-02 4.426748533877517544e-01
6.925925925925927040e-02 4.429224028007670566e-01
6.926926926926926797e-02 4.431701740221166697e-01
6.927927927927927942e-02 4.434181698550859752e-01
6.928928928928929087e-02 4.436663930849207294e-01
6.929929929929930232e-02 4.439148464787880388e-01
6.930930930930931377e-02 4.441635327857406668e-01
6.931931931931932522e-02 4.444124547366812283e-01
6.932932932932933667e-02 4.446616150443236104e-01
6.933933933933934812e-02 4.449110164031662706e-01
6.934934934934935957e-02 4.451606614894511593e-01
6.935935935935935714e-02 4.454105529611396830e-01
6.936936936936938247e-02 4.456606934578772883e-01
6.937937937937938004e-02 4.459110856009652069e-01
6.938938938938939149e-02 4.461617319933341985e-01
6.939939939939940294e-02 4.464126352195134095e-01
6.940940940940941439e-02 4.466637978456078906e-01
6.941941941941942584e-02 4.469152224192711187e-01
6.942942942942943729e-02 4.471669114696816272e-01
6.943943943943944874e-02 4.474188675075202459e-01
6.944944944944946019e-02 4.476710930249477860e-01
6.945945945945947164e-02 4.479235904955842229e-01
6.946946946946946921e-02 4.481763623744871583e-01
6.947947947947948066e-02 4.484294110981367765e-01
6.948948948948949211e-02 4.486533865437030144e-01
6.949949949949950356e-02 4.488650242037097171e-01
6.950950950950951501e-02 4.490768802800516601e-01
6.951951951951952646e-02 4.492889578243527415e-01
6.952952952952953791e-02 4.495012598714606677e-01
6.953953953953954936e-02 4.497137894394104829e-01
6.954954954954956081e-02 4.499265495293795492e-01
6.955955955955955838e-02 4.501395431256744462e-01
6.956956956956956983e-02 4.503527731956625813e-01
6.957957957957958128e-02 4.505662426897558137e-01
6.958958958958959273e-02 4.507799545413737063e-01
6.959959959959960418e-02 4.509939116669092196e-01
6.960960960960961563e-02 4.512081169656957935e-01
6.961961961961962708e-02 4.514225733199757618e-01
6.962962962962963853e-02 4.516372835948699871e-01
6.963963963963964998e-02 4.518522506383468307e-01
6.964964964964966143e-02 4.520674772811943409e-01
6.965965965965967288e-02 4.522829663369901665e-01
6.966966966966967045e-02 4.524987206020747443e-01
6.967967967967968190e-02 4.527147428555256536e-01
6.968968968968969335e-02 4.529310358591301378e-01
6.969969969969970480e-02 4.531476023573602352e-01
6.970970970970971625e-02 4.533644450773490764e-01
6.971971971971972770e-02 4.535815667288672914e-01
6.972972972972973915e-02 4.537989700043005836e-01
6.973973973973975060e-02 4.540166575786262482e-01
6.974974974974976205e-02 4.542346321093952421e-01
6.975975975975975962e-02 4.544528962367087033e-01
6.976976976976977107e-02 4.546714525832181164e-01
6.977977977977978252e-02 4.548903037540365513e-01
6.978978978978979397e-02 4.551094523368243161e-01
6.979979979979980542e-02 4.553289009017046363e-01
6.980980980980981687e-02 4.555465137018538391e-01
6.981981981981982832e-02 4.557551769844702672e-01
6.982982982982983977e-02 4.559641296711937630e-01
6.983983983983985122e-02 4.561733743861005053e-01
6.984984984984984879e-02 4.563829137356587018e-01
6.985985985985986024e-02 4.565927503087141570e-01
6.986986986986987169e-02 4.568028866764757834e-01
6.987987987987988314e-02 4.570133253924989480e-01
6.988988988988989459e-02 4.572240689926760915e-01
6.989989989989990604e-02 4.574351199952204072e-01
6.990990990990991749e-02 4.576464809006571266e-01
6.991991991991992894e-02 4.578581541918102515e-01
6.992992992992994039e-02 4.580701423337943390e-01
6.993993993993995184e-02 4.582824477740024549e-01
6.994994994994996329e-02 4.584950729420995130e-01
6.995995995995996086e-02 4.587080202500138926e-01
6.996996996996997231e-02 4.589212920919303329e-01
6.997997997997998376e-02 4.591348908442822729e-01
6.998998998998999521e-02 4.593488188657469107e-01
7.000000000000000666e-02 4.595630784972407623e-01
