5.000000000000000278e-02 1.118260312181052596e+00
5.001401401401401464e-02 1.117978872089622211e+00
5.002802802802803345e-02 1.117694163496815385e+00
5.004204204204204531e-02 1.117406182434545148e+00
5.005605605605605718e-02 1.117114924964968337e+00
5.007007007007007598e-02 1.116820387180546437e+00
5.008408408408408785e-02 1.116522565204170814e+00
5.009809809809809972e-02 1.116221455189349232e+00
5.011211211211211158e-02 1.115917053320074848e+00
5.012612612612613039e-02 1.115609355811331804e+00
5.014014014014014226e-02 1.115298358908964449e+00
5.015415415415415412e-02 1.114984058889859853e+00
5.016816816816817293e-02 1.114666452062003543e+00
5.018218218218218479e-02 1.114345534764805024e+00
5.019619619619619666e-02 1.114021303369082228e+00
5.021021021021021546e-02 1.113693754277107928e+00
5.022422422422422733e-02 1.113362883922673685e+00
5.023823823823823920e-02 1.113026824029381689e+00
5.025225225225225800e-02 1.112684898538722766e+00
5.026626626626626987e-02 1.112339648882377574e+00
5.028028028028028174e-02 1.111991071677994825e+00
5.029429429429429360e-02 1.111639163575366851e+00
5.030830830830831241e-02 1.111283921256548624e+00
5.032232232232232427e-02 1.110925341435971436e+00
5.033633633633633614e-02 1.110563420860551487e+00
5.035035035035035494e-02 1.110198156309807782e+00
5.036436436436436681e-02 1.109829544595970274e+00
5.037837837837837868e-02 1.109457582564093547e+00
5.039239239239239748e-02 1.109082267092163621e+00
5.040640640640640935e-02 1.108703595091212968e+00
5.042042042042042121e-02 1.108321563505425988e+00
5.043443443443444002e-02 1.107936169312249364e+00
5.044844844844845189e-02 1.107547409522499970e+00
5.046246246246246375e-02 1.107155281180471240e+00
5.047647647647648256e-02 1.106759781364040629e+00
5.049049049049049442e-02 1.106360907184776865e+00
5.050450450450450629e-02 1.105958655788043421e+00
5.051851851851851816e-02 1.105553024353102876e+00
5.053253253253253696e-02 1.105144010093224161e+00
5.054654654654654883e-02 1.104725093527950230e+00
5.056056056056056069e-02 1.104298964546309270e+00
5.057457457457457950e-02 1.103869464167193781e+00
5.058858858858859137e-02 1.103436589873234785e+00
5.060260260260260323e-02 1.103000339181298584e+00
5.061661661661662204e-02 1.102560709642581571e+00
5.063063063063063390e-02 1.102117698842710602e+00
5.064464464464464577e-02 1.101671304401828921e+00
5.065865865865866458e-02 1.101221523974697636e+00
5.067267267267267644e-02 1.100768355250784758e+00
5.068668668668668831e-02 1.100311795954359573e+00
5.070070070070070017e-02 1.099851843844581678e+00
5.071471471471471898e-02 1.099388496715594465e+00
5.072872872872873085e-02 1.098921752396613050e+00
5.074274274274274271e-02 1.098451608752015085e+00
5.075675675675676152e-02 1.097978063681427807e+00
5.077077077077077338e-02 1.097501115119819071e+00
5.078478478478478525e-02 1.097014153192239050e+00
5.079879879879880406e-02 1.096520135188825629e+00
5.081281281281281592e-02 1.096022728530343882e+00
5.082682682682682779e-02 1.095521931424942252e+00
5.084084084084084659e-02 1.095017742116198178e+00
5.085485485485485846e-02 1.094510158883201578e+00
5.086886886886887033e-02 1.093999180040628350e+00
5.088288288288288219e-02 1.093484803938820527e+00
5.089689689689690100e-02 1.092967028963863774e+00
5.091091091091091286e-02 1.092445853537662659e+00
5.092492492492492473e-02 1.091921276118014816e+00
5.093893893893894353e-02 1.091393295198685998e+00
5.095295295295295540e-02 1.090861909309484457e+00
5.096696696696696727e-02 1.090327117016333336e+00
5.098098098098098607e-02 1.089788916921340611e+00
5.099499499499499794e-02 1.089247307662874586e+00
5.100900900900900981e-02 1.088702287915629618e+00
5.102302302302302861e-02 1.088153856390696506e+00
5.103703703703704048e-02 1.087602011835635096e+00
5.105105105105105234e-02 1.087046753034536462e+00
5.106506506506507115e-02 1.086488078808091728e+00
5.107907907907908301e-02 1.085925988013660470e+00
5.109309309309309488e-02 1.085360479545333545e+00
5.110710710710710675e-02 1.084791552333997044e+00
5.112112112112112555e-02 1.084219205347396020e+00
5.113513513513513742e-02 1.083643437590200209e+00
5.114914914914914928e-02 1.083064248104060434e+00
5.116316316316316809e-02 1.082481635967672773e+00
5.117717717717717996e-02 1.081889178339972002e+00
5.119119119119119182e-02 1.081292146921861042e+00
5.120520520520521063e-02 1.080691707349401121e+00
5.121921921921922249e-02 1.080087858946238599e+00
5.123323323323323436e-02 1.079480601073035784e+00
5.124724724724725317e-02 1.078869933127527547e+00
5.126126126126126503e-02 1.078255854544570846e+00
5.127527527527527690e-02 1.077638364796195347e+00
5.128928928928928876e-02 1.077017463391656271e+00
5.130330330330330757e-02 1.076393149877479249e+00
5.131731731731731944e-02 1.075765423837512946e+00
5.133133133133133130e-02 1.075134284892972136e+00
5.134534534534535011e-02 1.074499732702485888e+00
5.135935935935936197e-02 1.073861766962144637e+00
5.137337337337337384e-02 1.073220387405541709e+00
5.138738738738739265e-02 1.072571904108789553e+00
5.140140140140140451e-02 1.071916008373953400e+00
5.141541541541541638e-02 1.071256716450426749e+00
5.142942942942943518e-02 1.070594028319146407e+00
5.144344344344344705e-02 1.069927943998401743e+00
5.145745745745745892e-02 1.069258463543869775e+00
5.147147147147147078e-02 1.068585587048651364e+00
5.148548548548548959e-02 1.067909314643305407e+00
5.149949949949950145e-02 1.067229646495881257e+00
5.151351351351351332e-02 1.066546582811952470e+00
5.152752752752753213e-02 1.065860123834646123e+00
5.154154154154154399e-02 1.065170269844677220e+00
5.155555555555555586e-02 1.064474745089446728e+00
5.156956956956957466e-02 1.063773771531238088e+00
5.158358358358358653e-02 1.063069414706490745e+00
5.159759759759759840e-02 1.062361675100658598e+00
5.161161161161161720e-02 1.061650553236781036e+00
5.162562562562562907e-02 1.060936049675175408e+00
5.163963963963964093e-02 1.060218165013956604e+00
5.165365365365365280e-02 1.059496899888725752e+00
5.166766766766767160e-02 1.058772254972674798e+00
5.168168168168168347e-02 1.058044230976606048e+00
5.169569569569569534e-02 1.057312828648949932e+00
5.170970970970971414e-02 1.056578048775781653e+00
5.172372372372372601e-02 1.055839892180839623e+00
5.173773773773773788e-02 1.055095112505894495e+00
5.175175175175175668e-02 1.054346854815484624e+00
5.176576576576576855e-02 1.053595231722669112e+00
5.177977977977978041e-02 1.052840244243475443e+00
5.179379379379379922e-02 1.052081893431475956e+00
5.180780780780781108e-02 1.051320180377799396e+00
5.182182182182182295e-02 1.050555106211224166e+00
5.183583583583584176e-02 1.049786672097839713e+00
5.184984984984985362e-02 1.049014879241574327e+00
5.186386386386386549e-02 1.048239728883852528e+00
5.187787787787787736e-02 1.047461222303688100e+00
5.189189189189189616e-02 1.046679360817686089e+00
5.190590590590590803e-02 1.045894145780046802e+00
5.191991991991991989e-02 1.045105578582569583e+00
5.193393393393393870e-02 1.044313074782854622e+00
5.194794794794795056e-02 1.043509371376658779e+00
5.196196196196196243e-02 1.042702342778254465e+00
5.197597597597598124e-02 1.041891990633227572e+00
5.198998998998999310e-02 1.041078316624251876e+00
5.200400400400400497e-02 1.040261322471083050e+00
5.201801801801802377e-02 1.039441009930547999e+00
5.203203203203203564e-02 1.038617380796540646e+00
5.204604604604604751e-02 1.037790436900008828e+00
5.206006006006005937e-02 1.036960180109033347e+00
5.207407407407407818e-02 1.036126612328458929e+00
5.208808808808809004e-02 1.035289735500420694e+00
5.210210210210210191e-02 1.034444607265490257e+00
5.211611611611612072e-02 1.033591842243851033e+00
5.213013013013013258e-02 1.032735800018864003e+00
5.214414414414414445e-02 1.031876482792311034e+00
5.215815815815816325e-02 1.031013892802329801e+00
5.217217217217217512e-02 1.030148032323388252e+00
5.218618618618618699e-02 1.029278903666263512e+00
5.220020020020020579e-02 1.028406509178016570e+00
5.221421421421421766e-02 1.027530851241971854e+00
5.222822822822822952e-02 1.026651932277691026e+00
5.224224224224224833e-02 1.025769754740943451e+00
5.225625625625626020e-02 1.024884321123685549e+00
5.227027027027027206e-02 1.023995633954027484e+00
5.228428428428428393e-02 1.023100737375333136e+00
5.229829829829830273e-02 1.022202000389971888e+00
5.231231231231231460e-02 1.021300027917270814e+00
5.232632632632632647e-02 1.020394822671743418e+00
5.234034034034034527e-02 1.019486387403663485e+00
5.235435435435435714e-02 1.018574724899033779e+00
5.236836836836836900e-02 1.017659837979547177e+00
5.238238238238238781e-02 1.016741729502553815e+00
5.239639639639639968e-02 1.015820402361020891e+00
5.241041041041041154e-02 1.014895859483495366e+00
5.242442442442442341e-02 1.013968103834063772e+00
5.243843843843844221e-02 1.013037138412314464e+00
5.245245245245245408e-02 1.012102966253294545e+00
5.246646646646646595e-02 1.011165590427468119e+00
5.248048048048048475e-02 1.010225014040672997e+00
5.249449449449449662e-02 1.009281240234078947e+00
5.250850850850850848e-02 1.008334272184139957e+00
5.252252252252252729e-02 1.007384113102549383e+00
5.253653653653653915e-02 1.006430766236194874e+00
5.255055055055055102e-02 1.005474234867110406e+00
5.256456456456456983e-02 1.004514522312424107e+00
5.257857857857858169e-02 1.003551631924314513e+00
5.259259259259259356e-02 1.002585567089956387e+00
5.260660660660661236e-02 1.001616331231469648e+00
5.262062062062062423e-02 1.000643927805870526e+00
5.263463463463463610e-02 9.996683603050136036e-01
5.264864864864864796e-02 9.986896322555418593e-01
5.266266266266266677e-02 9.977077472188280449e-01
5.267667667667667863e-02 9.967227087909236172e-01
5.269069069069069050e-02 9.957345206024977857e-01
5.270470470470470931e-02 9.947431863187810031e-01
5.271871871871872117e-02 9.937487096395087871e-01
5.273273273273273304e-02 9.927510942988587717e-01
5.274674674674675184e-02 9.917503440653916424e-01
5.276076076076076371e-02 9.907464627419916292e-01
5.277477477477477558e-02 9.897394541658017797e-01
5.278878878878879438e-02 9.887293222081630084e-01
5.280280280280280625e-02 9.877160707745489265e-01
5.281681681681681811e-02 9.866997038045004498e-01
5.283083083083082998e-02 9.856802252715621826e-01
5.284484484484484879e-02 9.846576391832145836e-01
5.285885885885886065e-02 9.836319495808071300e-01
5.287287287287287252e-02 9.826031605394874857e-01
5.288688688688689132e-02 9.815712761681357756e-01
5.290090090090090319e-02 9.805363006092928657e-01
5.291491491491491506e-02 9.794982380390903076e-01
5.292892892892893386e-02 9.784570926671746216e-01
5.294294294294294573e-02 9.774128687366414603e-01
5.295695695695695759e-02 9.763655705239561167e-01
5.297097097097097640e-02 9.753152023388801384e-01
5.298498498498498827e-02 9.742617685244006065e-01
5.299899899899900013e-02 9.732052734566469798e-01
5.301301301301301894e-02 9.721457215448184863e-01
5.302702702702703080e-02 9.710831172311074067e-01
5.304104104104104267e-02 9.700174649906155855e-01
5.305505505505505454e-02 9.689487693312782701e-01
5.306906906906907334e-02 9.678770347937833973e-01
5.308308308308308521e-02 9.668022659514907691e-01
5.309709709709709707e-02 9.657244674103472315e-01
5.311111111111111588e-02 9.646436438088070719e-01
5.312512512512512775e-02 9.635597998177465318e-01
5.313913913913913961e-02 9.624729401403802065e-01
5.315315315315315842e-02 9.613830695121730052e-01
5.316716716716717028e-02 9.602901927008675731e-01
5.318118118118118215e-02 9.591943145059574904e-01
5.319519519519519402e-02 9.580954397592538196e-01
5.320920920920921282e-02 9.569935733243611908e-01
5.322322322322322469e-02 9.558887200966995623e-01
5.323723723723723655e-02 9.547808850034094075e-01
5.325125125125125536e-02 9.536700730033729201e-01
5.326526526526526722e-02 9.525562890866834387e-01
5.327927927927927909e-02 9.514395382752102170e-01
5.329329329329329790e-02 9.503198256220658502e-01
5.330730730730730976e-02 9.491971562116249261e-01
5.332132132132132163e-02 9.480715351594244389e-01
5.333533533533534043e-02 9.469429676120674211e-01
5.334934934934935230e-02 9.458114587471342372e-01
5.336336336336336417e-02 9.446770137730767791e-01
5.337737737737738297e-02 9.435396379291219882e-01
5.339139139139139484e-02 9.423993364851778187e-01
5.340540540540540670e-02 9.412561147417267682e-01
5.341941941941942551e-02 9.401099780297309527e-01
5.343343343343343738e-02 9.389609317105276354e-01
5.344744744744744924e-02 9.378089811757290839e-01
5.346146146146146111e-02 9.366541318471178768e-01
5.347547547547547991e-02 9.354963891765455397e-01
5.348948948948949178e-02 9.343357586458289621e-01
5.350350350350350365e-02 9.331722457666414838e-01
5.351751751751752245e-02 9.320058560805269954e-01
5.353153153153153432e-02 9.308365951583312814e-01
5.354554554554554618e-02 9.296644686007836667e-01
5.355955955955956499e-02 9.284894820379320235e-01
5.357357357357357686e-02 9.273116411291494332e-01
5.358758758758758872e-02 9.261309515630198330e-01
5.360160160160160059e-02 9.249474190572354315e-01
5.361561561561561939e-02 9.237610493584791360e-01
5.362962962962963126e-02 9.225718482423204136e-01
5.364364364364364313e-02 9.213798215130966085e-01
5.365765765765766193e-02 9.201849750038034736e-01
5.367167167167167380e-02 9.189873145759824835e-01
5.368568568568568566e-02 9.177868461196049266e-01
5.369969969969970447e-02 9.165835755529571083e-01
5.371371371371371634e-02 9.153775088225274414e-01
5.372772772772772820e-02 9.141686519028886515e-01
5.374174174174174701e-02 9.129570107965790937e-01
5.375575575575575887e-02 9.117425915339901765e-01
5.376976976976977074e-02 9.105254001732431268e-01
5.378378378378378954e-02 9.093054428000746370e-01
5.379779779779780141e-02 9.080827255277147403e-01
5.381181181181181328e-02 9.068572544967685722e-01
5.382582582582582514e-02 9.056290358750931357e-01
5.383983983983984395e-02 9.043980758576800616e-01
5.385385385385385582e-02 9.031643806665310414e-01
5.386786786786786768e-02 9.019279565505358143e-01
5.388188188188188649e-02 9.006888097853484876e-01
5.389589589589589835e-02 8.994469466732670782e-01
5.390990990990991022e-02 8.982023735431045042e-01
5.392392392392392902e-02 8.969550967500669048e-01
5.393793793793794089e-02 8.957051226756279627e-01
5.395195195195195276e-02 8.944524577274012289e-01
5.396596596596596462e-02 8.931971083390152222e-01
5.397997997997998343e-02 8.919390809699843103e-01
5.399399399399399530e-02 8.906783821055843653e-01
5.400800800800800716e-02 8.894150182567200913e-01
5.402202202202202597e-02 8.881489959599245809e-01
5.403603603603603783e-02 8.868803217767264879e-01
5.405005005005004970e-02 8.856090022942736395e-01
5.406406406406406850e-02 8.843350441246998761e-01
5.407807807807808037e-02 8.830584539051226090e-01
5.409209209209209224e-02 8.817792382975037091e-01
5.410610610610611104e-02 8.804974039885249404e-01
5.412012012012012291e-02 8.792129576894535115e-01
5.413413413413413477e-02 8.779259061360046301e-01
5.414814814814815358e-02 8.766362560882126065e-01
5.416216216216216545e-02 8.753440143302954057e-01
5.417617617617617731e-02 8.740491876705179797e-01
5.419019019019019612e-02 8.727517829410581518e-01
5.420420420420420798e-02 8.714518069978733905e-01
5.421821821821821985e-02 8.701492667205596998e-01
5.423223223223223172e-02 8.688441690122190586e-01
5.424624624624625052e-02 8.675365207994507610e-01
5.426026026026026239e-02 8.662263290316908337e-01
5.427427427427427425e-02 8.649136006818604061e-01
5.428828828828829306e-02 8.635983427457009087e-01
5.430230230230230493e-02 8.622805622417687443e-01
5.431631631631631679e-02 8.609602662112957328e-01
5.433033033033033560e-02 8.596374617180442268e-01
5.434434434434434746e-02 8.583121558481751068e-01
5.435835835835835933e-02 8.569843557100988996e-01
5.437237237237237120e-02 8.556540684343391101e-01
5.438638638638639000e-02 8.543213011733898909e-01
5.440040040040040187e-02 8.529860611015738225e-01
5.441441441441441373e-02 8.516483554148983615e-01
5.442842842842843254e-02 8.503081913309118445e-01
5.444244244244244441e-02 8.489655760885668201e-01
5.445645645645645627e-02 8.476205169480676149e-01
5.447047047047047508e-02 8.462730211907311118e-01
5.448448448448448694e-02 8.449230961188423095e-01
5.449849849849849881e-02 8.435707490555079957e-01
5.451251251251251762e-02 8.422159873445108635e-01
5.452652652652652948e-02 8.408588183503064029e-01
5.454054054054054135e-02 8.394992494573179087e-01
5.455455455455456015e-02 8.381372880706239314e-01
5.456856856856857202e-02 8.367729416152588362e-01
5.458258258258258389e-02 8.354062175362002574e-01
5.459659659659660269e-02 8.340371232982253247e-01
5.461061061061061456e-02 8.326656663857627816e-01
5.462462462462462642e-02 8.312918543027429941e-01
5.463863863863863829e-02 8.299156945724509571e-01
5.465265265265265709e-02 8.285371947373774137e-01
5.466666666666666896e-02 8.271563623590715286e-01
5.468068068068068083e-02 8.257732050179873440e-01
5.469469469469469963e-02 8.243877303133387846e-01
5.470870870870871150e-02 8.229999458629496667e-01
5.472272272272272337e-02 8.216098593030989328e-01
5.473673673673673523e-02 8.202174782885204296e-01
5.475075075075075404e-02 8.188228104916698280e-01
5.476476476476476590e-02 8.174258636034449355e-01
5.477877877877877777e-02 8.160266453324523939e-01
5.479279279279279657e-02 8.146251634050021284e-01
5.480680680680680844e-02 8.132214255651044610e-01
5.482082082082082031e-02 8.118154395737305906e-01
5.483483483483483911e-02 8.104072132095364589e-01
5.484884884884885098e-02 8.089967542681301138e-01
5.486286286286286284e-02 8.075840705620602744e-01
5.487687687687688165e-02 8.061691699206661177e-01
5.489089089089089352e-02 8.047520601899257331e-01
5.490490490490490538e-02 8.033327492322993590e-01
5.491891891891892419e-02 8.019112449265765052e-01
5.493293293293293605e-02 8.004875551677265166e-01
5.494694694694694792e-02 7.990616878668888035e-01
5.496096096096096673e-02 7.976336509506214423e-01
5.497497497497497859e-02 7.962034523616490223e-01
5.498898898898899046e-02 7.947711000581054730e-01
5.500300300300300232e-02 7.933366020135290686e-01
5.501701701701702113e-02 7.918999662167082176e-01
5.503103103103103300e-02 7.904612006715309169e-01
5.504504504504504486e-02 7.890203133968232141e-01
5.505905905905906367e-02 7.875773124261959968e-01
5.507307307307307553e-02 7.861322058078934472e-01
5.508708708708708740e-02 7.846850016046325038e-01
5.510110110110110621e-02 7.832357078934488737e-01
5.511511511511511807e-02 7.817843327655447094e-01
5.512912912912912994e-02 7.803308843261265171e-01
5.514314314314314180e-02 7.788753706942549426e-01
5.515715715715716061e-02 7.774178000026847890e-01
5.517117117117117248e-02 7.759581803977131376e-01
5.518518518518518434e-02 7.744965200390171445e-01
5.519919919919920315e-02 7.730328270995023843e-01
5.521321321321321501e-02 7.715671097651471966e-01
5.522722722722722688e-02 7.700993762348402605e-01
5.524124124124124569e-02 7.686296347202306034e-01
5.525525525525525755e-02 7.671578934455689502e-01
5.526926926926926942e-02 7.656841606475479622e-01
5.528328328328328822e-02 7.642084445751482491e-01
5.529729729729730009e-02 7.627307534896445862e-01
5.531131131131131196e-02 7.612510956638016690e-01
5.532532532532533076e-02 7.597694793826830217e-01
5.533933933933934263e-02 7.582859129428541900e-01
5.535335335335335449e-02 7.568004046523816308e-01
5.536736736736737330e-02 7.553129628306795018e-01
5.538138138138138516e-02 7.538235958083518984e-01
5.539539539539539703e-02 7.523323119270346471e-01
5.540940940940940890e-02 7.508391195392410955e-01
5.542342342342342770e-02 7.493440270082001309e-01
5.543743743743743957e-02 7.478470427077059668e-01
5.545145145145145144e-02 7.463481750219568278e-01
5.546546546546547024e-02 7.448474323453967427e-01
5.547947947947948211e-02 7.433448230825637770e-01
5.549349349349349397e-02 7.418403556479288286e-01
5.550750750750751278e-02 7.403340384657401962e-01
5.552152152152152464e-02 7.388258799698694812e-01
5.553553553553553651e-02 7.373158886036491610e-01
5.554954954954954838e-02 7.358040728197200453e-01
5.556356356356356718e-02 7.342904410798745118e-01
5.557757757757757905e-02 7.327750018548989663e-01
5.559159159159159092e-02 7.312577636244185220e-01
5.560560560560560972e-02 7.297387348767361281e-01
5.561961961961962159e-02 7.282179241086855770e-01
5.563363363363363345e-02 7.266953398254655250e-01
5.564764764764765226e-02 7.251709905404875034e-01
5.566166166166166412e-02 7.236448847752229296e-01
5.567567567567567599e-02 7.221170310590411257e-01
5.568968968968969480e-02 7.205874379290565512e-01
5.570370370370370666e-02 7.190561139299749271e-01
5.571771771771771853e-02 7.175230676139345842e-01
5.573173173173173733e-02 7.159883075403520314e-01
5.574574574574574920e-02 7.144518422757666354e-01
5.575975975975976107e-02 7.129136803936865219e-01
5.577377377377377987e-02 7.113738304744307017e-01
5.578778778778779174e-02 7.098323011049786357e-01
5.580180180180180360e-02 7.082891008788106957e-01
5.581581581581581547e-02 7.067442383957558416e-01
5.582982982982983428e-02 7.051977222618366348e-01
5.584384384384384614e-02 7.036495610891182473e-01
5.585785785785785801e-02 7.020997634955480349e-01
5.587187187187187681e-02 7.005483381048054348e-01
5.588588588588588868e-02 6.989952935461505312e-01
5.589989989989990055e-02 6.974406384542639614e-01
5.591391391391391241e-02 6.958843814690996998e-01
5.592792792792793122e-02 6.943265312357277397e-01
5.594194194194194308e-02 6.927670964041851009e-01
5.595595595595595495e-02 6.912060856293195110e-01
5.596996996996997376e-02 6.896435075706366380e-01
5.598398398398398562e-02 6.880793708921518759e-01
5.599799799799799749e-02 6.865136842622340252e-01
5.601201201201201629e-02 6.849464563534541917e-01
5.602602602602602816e-02 6.833776958424373493e-01
5.604004004004004003e-02 6.818074114097055771e-01
5.605405405405405883e-02 6.802356117395303992e-01
5.606806806806807070e-02 6.786623055197826826e-01
5.608208208208208256e-02 6.770875014417776505e-01
5.609609609609610137e-02 6.755112082001285545e-01
5.611011011011011324e-02 6.739334344925965725e-01
5.612412412412412510e-02 6.723541890199357107e-01
5.613813813813814391e-02 6.707734804857486965e-01
5.615215215215215577e-02 6.691913175963374316e-01
5.616616616616616764e-02 6.676077090605478936e-01
5.618018018018017951e-02 6.660226635896302483e-01
5.619419419419419831e-02 6.644361898970800873e-01
5.620820820820821018e-02 6.628482966985010938e-01
5.622222222222222204e-02 6.612589927114483901e-01
5.623623623623624085e-02 6.596682866552843194e-01
5.625025025025025271e-02 6.580761872510324517e-01
5.626426426426426458e-02 6.564827032212272595e-01
5.627827827827828339e-02 6.548878432897694557e-01
5.629229229229229525e-02 6.532916161817811096e-01
5.630630630630630712e-02 6.516940306234554336e-01
5.632032032032031899e-02 6.500950953419136757e-01
5.633433433433433779e-02 6.484948190650596800e-01
5.634834834834834966e-02 6.468932105214348915e-01
5.636236236236236152e-02 6.452902784400726954e-01
5.637637637637638033e-02 6.436860315503533103e-01
5.639039039039039219e-02 6.420804785818639004e-01
5.640440440440440406e-02 6.404736282642483625e-01
5.641841841841842287e-02 6.388654893270681034e-01
5.643243243243243473e-02 6.372560704996618197e-01
5.644644644644644660e-02 6.356453805109947286e-01
5.646046046046046540e-02 6.340334280895235652e-01
5.647447447447447727e-02 6.324202219630526978e-01
5.648848848848848914e-02 6.308057708585904644e-01
5.650250250250250794e-02 6.291900835022091742e-01
5.651651651651651981e-02 6.275731686189078840e-01
5.653053053053053167e-02 6.259550349324666252e-01
5.654454454454455048e-02 6.243356911653086261e-01
5.655855855855856235e-02 6.227151460383635317e-01
5.657257257257257421e-02 6.210934082709227422e-01
5.658658658658658608e-02 6.194704865805048533e-01
5.660060060060060488e-02 6.178463896827162127e-01
5.661461461461461675e-02 6.162211262911135856e-01
5.662862862862862862e-02 6.145947051170645992e-01
5.664264264264264742e-02 6.129671348696126287e-01
5.665665665665665929e-02 6.113384242553402403e-01
5.667067067067067115e-02 6.097085819782311900e-01
5.668468468468468302e-02 6.080776167395350873e-01
5.669869869869870183e-02 6.064455372376343911e-01
5.671271271271271369e-02 6.048123521679065195e-01
5.672672672672672556e-02 6.031780702225914004e-01
5.674074074074074436e-02 6.015427000906544697e-01
5.675475475475475623e-02 5.999062504576586630e-01
5.676876876876876810e-02 5.982687300056246382e-01
5.678278278278278690e-02 5.966301474129017679e-01
5.679679679679679877e-02 5.949905113540376878e-01
5.681081081081081063e-02 5.933498304996422945e-01
5.682482482482482944e-02 5.917081135162576278e-01
5.683883883883884131e-02 5.900653690662301942e-01
5.685285285285285317e-02 5.884216058075766309e-01
5.686686686686687198e-02 5.867768323938556962e-01
5.688088088088088384e-02 5.851310574740399284e-01
5.689489489489489571e-02 5.834842896923840838e-01
5.690890890890891451e-02 5.818365376882976836e-01
5.692292292292292638e-02 5.801878100962200024e-01
5.693693693693693825e-02 5.785381155454878410e-01
5.695095095095095011e-02 5.768874626602129574e-01
5.696496496496496892e-02 5.752358600591507276e-01
5.697897897897898079e-02 5.735833163555806857e-01
5.699299299299299265e-02 5.719298401571755175e-01
5.700700700700701146e-02 5.702754400658770484e-01
5.702102102102102332e-02 5.686201246777776719e-01
5.703503503503503519e-02 5.669639025829856793e-01
5.704904904904905399e-02 5.653067823655124613e-01
5.706306306306306586e-02 5.636487726031448320e-01
5.707707707707707773e-02 5.619898818673210172e-01
5.709109109109108959e-02 5.603301187230127489e-01
5.710510510510510840e-02 5.586694917286010309e-01
5.711911911911912026e-02 5.570080094357583445e-01
5.713313313313313213e-02 5.553456803893266347e-01
5.714714714714715094e-02 5.536825131271955192e-01
5.716116116116116280e-02 5.520185161801891560e-01
5.717517517517517467e-02 5.503536980719410110e-01
5.718918918918919347e-02 5.486880673187798374e-01
5.720320320320320534e-02 5.470216324296129917e-01
5.721721721721721721e-02 5.453544019058061965e-01
5.723123123123123601e-02 5.436863842410686321e-01
5.724524524524524788e-02 5.420175879213399162e-01
5.725925925925925974e-02 5.403480214246689783e-01
5.727327327327327855e-02 5.386776932211049251e-01
5.728728728728729042e-02 5.370066117725825761e-01
5.730130130130130228e-02 5.353347855328043359e-01
5.731531531531532109e-02 5.336622229471308376e-01
5.732932932932933295e-02 5.319889324524703644e-01
5.734334334334334482e-02 5.303149224771623871e-01
5.735735735735735669e-02 5.286402014408692063e-01
5.737137137137137549e-02 5.269647777544653744e-01
5.738538538538538736e-02 5.252886598199273394e-01
5.739939939939939922e-02 5.236118560302251979e-01
5.741341341341341803e-02 5.219343747692081203e-01
5.742742742742742990e-02 5.202562244115065404e-01
5.744144144144144176e-02 5.185774133224150262e-01
5.745545545545545363e-02 5.168979498577885856e-01
5.746946946946947243e-02 5.152178423639379723e-01
5.748348348348348430e-02 5.135370991775227711e-01
5.749749749749749617e-02 5.118557286254442618e-01
5.751151151151151497e-02 5.101737390247421677e-01
5.752552552552552684e-02 5.084911386824934043e-01
5.753953953953953870e-02 5.068079358957036096e-01
5.755355355355355751e-02 5.051241389512076685e-01
5.756756756756756938e-02 5.034397561255677944e-01
5.758158158158158124e-02 5.017547956849708335e-01
5.759559559559560005e-02 5.000692658851247918e-01
5.760960960960961191e-02 4.983831749711677972e-01
5.762362362362362378e-02 4.966965311775551895e-01
5.763763763763764258e-02 4.950093427279718683e-01
5.765165165165165445e-02 4.933216178352285985e-01
5.766566566566566632e-02 4.916333647011656982e-01
5.767967967967968512e-02 4.899445915165522858e-01
5.769369369369369699e-02 4.882553064609996829e-01
5.770770770770770886e-02 4.865655177028527789e-01
5.772172172172172766e-02 4.848752333991047658e-01
5.773573573573573953e-02 4.831844616952984950e-01
5.774974974974975139e-02 4.814932107254331073e-01
5.776376376376376326e-02 4.798014886118708855e-01
5.777777777777778206e-02 4.781093034652442175e-01
5.779179179179179393e-02 4.764166633843674448e-01
5.780580580580580580e-02 4.747235764561401061e-01
5.781981981981981766e-02 4.730300507554603406e-01
5.783383383383383647e-02 4.713360943451325169e-01
5.784784784784784833e-02 4.696417152757813018e-01
5.786186186186186020e-02 4.679469215857608999e-01
5.787587587587587901e-02 4.662517213010656247e-01
5.788988988988989087e-02 4.645561224352469654e-01
5.790390390390390274e-02 4.628601329893260452e-01
5.791791791791792154e-02 4.611637609517021397e-01
5.793193193193193341e-02 4.594670142980786798e-01
5.794594594594594528e-02 4.577699009913681616e-01
5.795995995995996408e-02 4.560724289816122101e-01
5.797397397397397595e-02 4.543746062059034196e-01
5.798798798798798781e-02 4.526764405882969799e-01
5.800200200200200662e-02 4.509779400397279092e-01
5.801601601601601849e-02 4.492791124579396667e-01
5.803003003003003035e-02 4.475799657273926702e-01
5.804404404404404916e-02 4.458805077191912991e-01
5.805805805805806102e-02 4.441807462910056792e-01
5.807207207207207289e-02 4.424806892869895258e-01
5.808608608608609170e-02 4.407803445377056484e-01
5.810010010010010356e-02 4.390797198600516760e-01
5.811411411411411543e-02 4.373788230571782343e-01
5.812812812812813423e-02 4.356776619184179467e-01
5.814214214214214610e-02 4.339762442192131586e-01
5.815615615615615797e-02 4.322745777210362794e-01
5.817017017017016983e-02 4.305726701713222249e-01
5.818418418418418864e-02 4.288705293033933108e-01
5.819819819819820050e-02 4.271681628363912520e-01
5.821221221221221237e-02 4.254655784752024439e-01
5.822622622622622424e-02 4.237627839103900729e-01
5.824024024024024304e-02 4.220597868181262813e-01
5.825425425425425491e-02 4.203565948601235558e-01
5.826826826826826677e-02 4.186532156835645058e-01
5.828228228228228558e-02 4.169496569210367487e-01
5.829629629629629745e-02 4.152459261904713483e-01
5.831031031031030931e-02 4.135420310950704836e-01
5.832432432432432812e-02 4.118379792232458869e-01
5.833833833833833998e-02 4.101337781485591139e-01
5.835235235235235185e-02 4.084294354296528762e-01
5.836636636636637065e-02 4.067249586101915337e-01
5.838038038038038252e-02 4.050203552188041400e-01
5.839439439439439439e-02 4.033156327690151088e-01
5.840840840840841319e-02 4.016107987591938100e-01
5.842242242242242506e-02 3.999058606724914533e-01
5.843643643643643693e-02 3.982008259767831904e-01
5.845045045045045573e-02 3.964957021246125479e-01
5.846446446446446760e-02 3.947904965531361943e-01
5.847847847847847946e-02 3.930852166840649864e-01
5.849249249249249827e-02 3.913798699236141765e-01
5.850650650650651013e-02 3.896744636624489555e-01
5.852052052052052200e-02 3.879690052756279428e-01
5.853453453453454081e-02 3.862635021225563348e-01
5.854854854854855267e-02 3.845579615469343904e-01
5.856256256256256454e-02 3.828523908767042516e-01
5.857657657657657641e-02 3.811467974240052015e-01
5.859059059059058827e-02 3.794411884851223715e-01
5.860460460460460708e-02 3.777355713404407789e-01
5.861861861861861894e-02 3.760299532544028045e-01
5.863263263263263081e-02 3.743243414754569565e-01
5.864664664664664961e-02 3.726187432360150709e-01
5.866066066066066148e-02 3.709131657524146197e-01
5.867467467467467335e-02 3.692076162248698057e-01
5.868868868868869215e-02 3.675021018374323156e-01
5.870270270270270402e-02 3.657966297579541282e-01
5.871671671671671588e-02 3.640912071380440485e-01
5.873073073073073469e-02 3.623858411130314039e-01
5.874474474474474656e-02 3.606805388019302949e-01
5.875875875875875842e-02 3.589753073074015144e-01
5.877277277277277723e-02 3.572701537157167984e-01
5.878678678678678909e-02 3.555650850967301269e-01
5.880080080080080096e-02 3.538601085038386440e-01
5.881481481481481977e-02 3.521552309739529596e-01
5.882882882882883163e-02 3.504504595274718359e-01
5.884284284284284350e-02 3.487458011682425529e-01
5.885685685685686230e-02 3.470412628835426450e-01
5.887087087087087417e-02 3.453368516440498137e-01
5.888488488488488604e-02 3.436325744038127294e-01
5.889889889889890484e-02 3.419284381002297146e-01
5.891291291291291671e-02 3.402244496540274832e-01
5.892692692692692857e-02 3.385206159692338845e-01
5.894094094094094044e-02 3.368169439331619719e-01
5.895495495495495925e-02 3.351134404163874647e-01
5.896896896896897111e-02 3.334101122727345934e-01
5.898298298298298298e-02 3.317069663392548939e-01
5.899699699699699484e-02 3.300040094362147736e-01
5.901101101101101365e-02 3.283012483670812998e-01
5.902502502502502552e-02 3.265986899185113201e-01
5.903903903903903738e-02 3.248963408603379732e-01
5.905305305305305619e-02 3.231942079455612515e-01
5.906706706706706805e-02 3.214922979103446155e-01
5.908108108108107992e-02 3.197906174740041685e-01
5.909509509509509873e-02 3.180891733390057707e-01
5.910910910910911059e-02 3.163879721909638731e-01
5.912312312312312246e-02 3.146870206986379648e-01
5.913713713713714126e-02 3.129863255139320177e-01
5.915115115115115313e-02 3.112858932719036464e-01
5.916516516516516500e-02 3.095857305907592782e-01
5.917917917917918380e-02 3.078858440718654221e-01
5.919319319319319567e-02 3.061862402997578836e-01
5.920720720720720753e-02 3.044869258421489255e-01
5.922122122122122634e-02 3.027879072499371493e-01
5.923523523523523820e-02 3.010891910572289776e-01
5.924924924924925007e-02 2.993907837813458150e-01
5.926326326326326888e-02 2.976926919228499169e-01
5.927727727727728074e-02 2.959949219655618746e-01
5.929129129129129261e-02 2.942974803765824321e-01
5.930530530530531141e-02 2.926003736063197413e-01
5.931931931931932328e-02 2.909036080885176734e-01
5.933333333333333515e-02 2.892071902402836292e-01
5.934734734734734701e-02 2.875111264621238449e-01
5.936136136136136582e-02 2.858154231379774202e-01
5.937537537537537768e-02 2.841200866352575627e-01
5.938938938938938955e-02 2.824251233048898913e-01
5.940340340340340142e-02 2.807305394813560673e-01
5.941741741741742022e-02 2.790363414827441990e-01
5.943143143143143209e-02 2.773425356107992457e-01
5.944544544544544395e-02 2.756491281509740876e-01
5.945945945945946276e-02 2.739561253724865919e-01
5.947347347347347463e-02 2.722635335283856706e-01
5.948748748748748649e-02 2.705713588556077354e-01
5.950150150150150530e-02 2.688796075750488068e-01
5.951551551551551716e-02 2.671882858916395098e-01
5.952952952952952903e-02 2.654973999944150176e-01
5.954354354354354784e-02 2.638069560565969307e-01
5.955755755755755970e-02 2.621169602356814843e-01
5.957157157157157157e-02 2.604274186735232588e-01
5.958558558558559037e-02 2.587383374964309923e-01
5.959959959959960224e-02 2.570497228152688884e-01
5.961361361361361411e-02 2.553615807255547043e-01
5.962762762762763291e-02 2.536739173075728271e-01
5.964164164164164478e-02 2.519867386264874054e-01
5.965565565565565664e-02 2.503000507324609214e-01
5.966966966966967545e-02 2.486138596607811446e-01
5.968368368368368732e-02 2.469281714319957466e-01
5.969769769769769918e-02 2.452429920520450835e-01
5.971171171171171105e-02 2.435583275124132974e-01
5.972572572572572985e-02 2.418741837902753933e-01
5.973973973973974172e-02 2.401905668486633560e-01
5.975375375375375359e-02 2.385074826366258838e-01
5.976776776776776545e-02 2.368249370894072725e-01
5.978178178178178426e-02 2.351429361286319075e-01
5.979579579579579612e-02 2.334614856624979140e-01
5.980980980980980799e-02 2.317805915859705579e-01
5.982382382382382680e-02 2.301002597810010153e-01
5.983783783783783866e-02 2.284204961167463077e-01
5.985185185185185053e-02 2.267413064497972586e-01
5.986586586586586933e-02 2.250626966244222149e-01
5.987987987987988120e-02 2.233846724728237310e-01
5.989389389389389307e-02 2.217072398154005530e-01
5.990790790790791187e-02 2.200304044610257581e-01
5.992192192192192374e-02 2.183541722073446822e-01
5.993593593593593560e-02 2.166785488410730709e-01
5.994994994994995441e-02 2.150035401383223743e-01
5.996396396396396627e-02 2.133291518649340912e-01
5.997797797797797814e-02 2.116553897768323478e-01
5.999199199199199695e-02 2.099822596203910763e-01
6.000600600600600881e-02 2.083097671328250911e-01
6.002002002002002068e-02 2.066379180425924056e-01
6.003403403403403948e-02 2.049667180698204194e-01
6.004804804804805135e-02 2.032961729267567519e-01
6.006206206206206322e-02 2.016262883182342036e-01
6.007607607607608202e-02 1.999570699421628073e-01
6.009009009009009389e-02 1.982885234900532978e-01
6.010410410410410575e-02 1.966206546475528505e-01
6.011811811811811762e-02 1.949534690950201765e-01
6.013213213213213643e-02 1.932869725081236278e-01
6.014614614614614829e-02 1.916211705584766056e-01
6.016016016016016016e-02 1.899560689142944236e-01
6.017417417417417203e-02 1.882916732410964133e-01
6.018818818818819083e-02 1.866279892024401699e-01
6.020220220220220270e-02 1.849650224606961824e-01
6.021621621621621456e-02 1.833027786778607116e-01
6.023023023023023337e-02 1.816412635164134093e-01
6.024424424424424523e-02 1.799804826402269797e-01
6.025825825825825710e-02 1.783204417155169752e-01
6.027227227227227591e-02 1.766611464118491293e-01
6.028628628628628777e-02 1.750026024032046990e-01
6.030030030030029964e-02 1.733448153691008464e-01
6.031431431431431844e-02 1.716877909957731929e-01
6.032832832832833031e-02 1.700315349774332851e-01
6.034234234234234218e-02 1.683760530175895942e-01
6.035635635635636098e-02 1.667213508304476177e-01
6.037037037037037285e-02 1.650674341423992164e-01
6.038438438438438471e-02 1.634143086935861688e-01
6.039839839839840352e-02 1.617619802395636741e-01
6.041241241241241539e-02 1.601104545530730172e-01
6.042642642642642725e-02 1.584597374259027469e-01
6.044044044044044606e-02 1.568098346708775015e-01
6.045445445445445792e-02 1.551607521239710685e-01
6.046846846846846979e-02 1.535124956465383772e-01
6.048248248248248859e-02 1.518650711277046150e-01
6.049649649649650046e-02 1.502184844868968139e-01
6.051051051051051233e-02 1.485727416765393605e-01
6.052452452452452419e-02 1.469278486849299736e-01
6.053853853853853606e-02 1.452838115393003671e-01
6.055255255255255487e-02 1.436406363090854676e-01
6.056656656656656673e-02 1.419983291094093492e-01
6.058058058058057860e-02 1.403568961048071995e-01
6.059459459459459740e-02 1.387163435132094669e-01
6.060860860860860927e-02 1.370766776102019802e-01
6.062262262262262114e-02 1.354379047335797781e-01
6.063663663663663994e-02 1.338000312882354492e-01
6.065065065065065181e-02 1.321630637513971362e-01
6.066466466466466367e-02 1.305270086782442662e-01
6.067867867867868248e-02 1.288918727079461646e-01
6.069269269269269435e-02 1.272576625701530295e-01
6.070670670670670621e-02 1.256243850919694094e-01
6.072072072072072502e-02 1.239920472054748396e-01
6.073473473473473688e-02 1.223606559558263196e-01
6.074874874874874875e-02 1.207302185099968783e-01
6.076276276276276755e-02 1.191007421662128446e-01
6.077677677677677942e-02 1.174722343641615568e-01
6.079079079079079129e-02 1.158447026960270076e-01
6.080480480480481009e-02 1.142181549184501099e-01
6.081881881881882196e-02 1.125925989655001264e-01
6.083283283283283382e-02 1.109680429627494247e-01
6.084684684684685263e-02 1.093444952425737388e-01
6.086086086086086450e-02 1.077219643608048338e-01
6.087487487487487636e-02 1.061004591148607956e-01
6.088888888888888823e-02 1.044799885635334658e-01
6.090290290290290703e-02 1.028605620485891631e-01
6.091691691691691890e-02 1.012421892183995586e-01
6.093093093093093077e-02 9.962488005380933098e-02
6.094494494494494263e-02 9.800864489650487621e-02
6.095895895895896144e-02 9.639349448017017763e-02
6.097297297297297330e-02 9.477943996474753885e-02
6.098698698698698517e-02 9.316649297416874920e-02
6.100100100100100398e-02 9.155466563798371482e-02
6.101501501501501584e-02 8.994397063736037090e-02
6.102902902902902771e-02 8.833442125598391093e-02
6.104304304304304651e-02 8.672603143650095547e-02
6.105705705705705838e-02 8.511881584321076555e-02
6.107107107107107025e-02 8.351278993181784904e-02
6.108508508508508905e-02 8.190797002720059949e-02
6.109909909909910092e-02 8.030437341029211806e-02
6.111311311311311278e-02 7.870201841532668829e-02
6.112712712712713159e-02 7.710092453893263587e-02
6.114114114114114346e-02 7.550111256278851934e-02
6.115515515515515532e-02 7.390260469183193570e-02
6.116916916916917413e-02 7.230542471038174657e-02
6.118318318318318599e-02 7.070959815892802203e-02
6.119719719719719786e-02 6.911515253484055987e-02
6.121121121121121667e-02 6.752211752085408858e-02
6.122522522522522853e-02 6.593052524590982399e-02
6.123923923923924040e-02 6.434041058379050271e-02
6.125325325325325920e-02 6.275181149610070674e-02
6.126726726726727107e-02 6.116476942742494344e-02
6.128128128128128294e-02 5.957932976212010345e-02
6.129529529529529480e-02 5.799554235423339671e-02
6.130930930930931361e-02 5.641346214449822344e-02
6.132332332332332547e-02 5.483314988149910751e-02
6.133733733733733734e-02 5.325467296800617811e-02
6.135135135135134921e-02 5.167810645845594825e-02
6.136536536536536801e-02 5.010353423984104798e-02
6.137937937937937988e-02 4.853105043636846139e-02
6.139339339339339174e-02 4.696076108860931103e-02
6.140740740740741055e-02 4.539278617141673244e-02
6.142142142142142242e-02 4.382726203247518104e-02
6.143543543543543428e-02 4.226434435660512273e-02
6.144944944944945309e-02 4.070421179180295362e-02
6.146346346346346495e-02 3.914707041429597856e-02
6.147747747747747682e-02 3.759315926572809330e-02
6.149149149149149562e-02 3.604275727175957483e-02
6.150550550550550749e-02 3.449619195629724522e-02
6.151951951951951936e-02 3.295218033710887312e-02
6.153353353353353816e-02 3.140679070051799471e-02
6.154754754754755003e-02 2.986286196571564383e-02
6.156156156156156189e-02 2.832060155742543300e-02
6.157557557557558070e-02 2.678008690536383407e-02
6.158958958958959257e-02 2.524453703640765212e-02
6.160360360360360443e-02 2.371459572803490123e-02
6.161761761761762324e-02 2.219048585118462910e-02
6.163163163163163510e-02 2.067987334498117696e-02
6.164564564564564697e-02 1.917779891073973300e-02
6.165965965965965884e-02 1.769694290112345039e-02
6.167367367367367764e-02 1.624011820393097411e-02
6.168768768768768951e-02 1.480673367448805816e-02
6.170170170170170137e-02 1.341757777752243357e-02
6.171571571571571324e-02 1.208601748608618270e-02
6.172972972972973205e-02 1.082636411649760648e-02
6.174374374374374391e-02 9.667039206680830971e-03
6.175775775775775578e-02 8.654729980028844430e-03
6.177177177177177458e-02 7.846181812374982203e-03
6.178578578578578645e-02 7.305677624287658031e-03
6.179979979979979832e-02 7.104614243460403294e-03
6.181381381381381712e-02 7.056822167429083539e-03
6.182782782782782899e-02 7.207719946700305406e-03
6.184184184184184085e-02 7.702659278274942740e-03
6.185585585585585966e-02 8.490915772476086490e-03
6.186986986986987153e-02 9.498155311605955761e-03
6.188388388388388339e-02 1.063869204839994198e-02
6.189789789789790220e-02 1.188477277543712948e-02
6.191191191191191406e-02 1.321355384541830595e-02
6.192592592592592593e-02 1.460210594729757956e-02
6.193993993993994474e-02 1.602325408370193147e-02
6.195395395395395660e-02 1.746242189551507409e-02
6.196796796796796847e-02 1.892783472430120337e-02
6.198198198198198727e-02 2.041045206976445023e-02
6.199599599599599914e-02 2.189766437380148700e-02
6.201001001001001101e-02 2.339672077115885832e-02
6.202402402402402981e-02 2.489764452586963259e-02
6.203803803803804168e-02 2.640008556704523390e-02
6.205205205205205354e-02 2.790498407041654486e-02
6.206606606606606541e-02 2.940667208120249787e-02
6.208008008008008421e-02 3.090748144876828349e-02
6.209409409409409608e-02 3.240564156121872319e-02
6.210810810810810795e-02 3.390101666682264481e-02
6.212212212212211981e-02 3.539665760331691530e-02
6.213613613613613862e-02 3.689384405903919917e-02
6.215015015015015049e-02 3.839224735708453989e-02
6.216416416416416235e-02 3.989158781017835415e-02
6.217817817817818116e-02 4.139162593157606762e-02
6.219219219219219302e-02 4.289215545917224315e-02
6.220620620620620489e-02 4.439299777407339220e-02
6.222022022022022369e-02 4.589399740107689973e-02
6.223423423423423556e-02 4.739501835556790554e-02
6.224824824824824743e-02 4.889594115779846012e-02
6.226226226226226623e-02 5.039666037726351494e-02
6.227627627627627810e-02 5.189708260108771842e-02
6.229029029029028997e-02 5.339712474380131635e-02
6.230430430430430877e-02 5.489671263369641507e-02
6.231831831831832064e-02 5.639577982457796845e-02
6.233233233233233250e-02 5.789426659224537058e-02
6.234634634634635131e-02 5.939211908315950028e-02
6.236036036036036317e-02 6.088928858912948106e-02
6.237437437437437504e-02 6.238573092685748001e-02
6.238838838838839385e-02 6.388140590512375594e-02
6.240240240240240571e-02 6.537627686553962314e-02
6.241641641641641758e-02 6.687031028532904042e-02
6.243043043043042944e-02 6.836347543259697901e-02
6.244444444444444825e-02 6.985574406618981491e-02
6.245845845845846012e-02 7.134709017357589167e-02
6.247247247247247198e-02 7.283748974126662279e-02
6.248648648648648385e-02 7.432692055315050228e-02
6.250050050050050265e-02 7.581536201288800736e-02
6.251451451451452146e-02 7.730279498707370855e-02
6.252852852852852639e-02 7.878920166640562828e-02
6.254254254254254519e-02 8.027456544249340908e-02
6.255655655655656400e-02 8.175887079828025872e-02
6.257057057057056892e-02 8.324210321037806004e-02
6.258458458458458773e-02 8.472424906182619841e-02
6.259859859859859266e-02 8.620529556398116855e-02
6.261261261261261146e-02 8.768523068648270691e-02
6.262662662662663027e-02 8.916404309429287744e-02
6.264064064064064907e-02 9.064172209103117661e-02
6.265465465465465400e-02 9.211825756785153863e-02
6.266866866866867281e-02 9.359363995726857621e-02
6.268268268268267773e-02 9.506786019134598475e-02
6.269669669669669654e-02 9.654090966381952132e-02
6.271071071071071534e-02 9.801278019568628042e-02
6.272472472472472027e-02 9.948346400392647781e-02
6.273873873873873908e-02 1.009529536730189442e-01
6.275275275275275788e-02 1.024212421289540237e-01
6.276676676676676281e-02 1.038883226155084688e-01
6.278078078078078161e-02 1.053541886725533200e-01
6.279479479479480042e-02 1.068188341161748767e-01
6.280880880880880535e-02 1.082822530204603784e-01
6.282282282282282415e-02 1.097444397007786426e-01
6.283683683683684296e-02 1.112053886983974949e-01
6.285085085085084788e-02 1.126650947663426494e-01
6.286486486486486669e-02 1.141235528563682433e-01
6.287887887887888549e-02 1.155807581069260431e-01
6.289289289289289042e-02 1.170367058320737202e-01
6.290690690690690923e-02 1.184913915112159460e-01
6.292092092092092803e-02 1.199448107796033114e-01
6.293493493493493296e-02 1.213969594195445922e-01
6.294894894894895176e-02 1.228478333522575322e-01
6.296296296296297057e-02 1.242974286302949843e-01
6.297697697697697550e-02 1.257457414305192811e-01
6.299099099099099430e-02 1.271927680475727351e-01
6.300500500500499923e-02 1.286385048877845549e-01
6.301901901901901804e-02 1.300829484635167566e-01
6.303303303303303684e-02 1.315260953878733263e-01
6.304704704704705565e-02 1.329679423697781859e-01
6.306106106106106057e-02 1.344084862093666566e-01
6.307507507507507938e-02 1.358477237936935311e-01
6.308908908908908431e-02 1.372856520926957757e-01
6.310310310310310311e-02 1.387222681554395598e-01
6.311711711711712192e-02 1.401575691065810314e-01
6.313113113113112684e-02 1.415915521430606838e-01
6.314514514514514565e-02 1.430242145310043345e-01
6.315915915915916445e-02 1.444555536027992970e-01
6.317317317317316938e-02 1.458855667543603185e-01
6.318718718718718819e-02 1.473142514425580807e-01
6.320120120120120699e-02 1.487416051827863128e-01
6.321521521521521192e-02 1.501676255466859733e-01
6.322922922922923072e-02 1.515923101599976064e-01
6.324324324324324953e-02 1.530156567005271917e-01
6.325725725725725446e-02 1.544376628962357834e-01
6.327127127127127326e-02 1.558583265234399773e-01
6.328528528528529207e-02 1.572776454050955341e-01
6.329929929929929699e-02 1.586956174091901928e-01
6.331331331331331580e-02 1.601122404472209437e-01
6.332732732732733461e-02 1.615275124727445499e-01
6.334134134134133953e-02 1.629414314800099184e-01
6.335535535535535834e-02 1.643539955026711852e-01
6.336936936936937714e-02 1.657652026125477351e-01
6.338338338338338207e-02 1.671750509184629641e-01
6.339739739739740088e-02 1.685835385651428542e-01
6.341141141141140580e-02 1.699906637321538239e-01
6.342542542542542461e-02 1.713964246329170715e-01
6.343943943943944341e-02 1.728008195137459013e-01
6.345345345345346222e-02 1.742038466529494123e-01
6.346746746746746715e-02 1.756055043599692445e-01
6.348148148148148595e-02 1.770057909745644253e-01
6.349549549549549088e-02 1.784047048660213353e-01
6.350950950950950968e-02 1.798022444324209324e-01
6.352352352352352849e-02 1.811984080999153868e-01
6.353753753753753342e-02 1.825931943220580334e-01
6.355155155155155222e-02 1.839866015791559728e-01
6.356556556556557103e-02 1.853786283776453492e-01
6.357957957957957595e-02 1.867692732495019603e-01
6.359359359359359476e-02 1.881585347516807893e-01
6.360760760760761356e-02 1.895464114655644738e-01
6.362162162162161849e-02 1.909329019964488283e-01
6.363563563563563730e-02 1.923180049730505714e-01
6.364964964964965610e-02 1.937017190470231576e-01
6.366366366366366103e-02 1.950840428925015302e-01
6.367767767767767983e-02 1.964649752056705778e-01
6.369169169169169864e-02 1.978445147043348118e-01
6.370570570570570357e-02 1.992226601275178810e-01
6.371971971971972237e-02 2.005994102350791564e-01
6.373373373373374118e-02 2.019747638073315366e-01
6.374774774774774611e-02 2.033487196446869261e-01
6.376176176176176491e-02 2.047212765673142310e-01
6.377577577577578372e-02 2.060924334147979375e-01
6.378978978978978864e-02 2.074621890458237805e-01
6.380380380380380745e-02 2.088305423378701009e-01
6.381781781781781238e-02 2.101974921869052548e-01
6.383183183183183118e-02 2.115630375071071434e-01
6.384584584584584999e-02 2.129271772305784405e-01
6.385985985985986879e-02 2.142899103070837474e-01
6.387387387387387372e-02 2.156512357037883298e-01
6.388788788788789252e-02 2.170111524050137852e-01
6.390190190190189745e-02 2.183696594119871048e-01
6.391591591591591626e-02 2.197267557426158258e-01
6.392992992992993506e-02 2.210824404312556057e-01
6.394394394394393999e-02 2.224367125284914537e-01
6.395795795795795879e-02 2.237895711009331712e-01
6.397197197197197760e-02 2.251410152309995527e-01
6.398598598598598253e-02 2.264910440167224315e-01
6.400000000000000133e-02 2.278396565715589406e-01
