5.999999999999999778e-02 4.426201175077513206e-01
6.001001001001000923e-02 4.410140201076478417e-01
6.002002002002002068e-02 4.394065476874797760e-01
6.003003003003002519e-02 4.377977146068925962e-01
6.004004004004003664e-02 4.361875354037246244e-01
6.005005005005004809e-02 4.345760247965667067e-01
6.006006006006005954e-02 4.329631976873668520e-01
6.007007007007007099e-02 4.313490691640928798e-01
6.008008008008007550e-02 4.297336545035601030e-01
6.009009009009008695e-02 4.281169691737938821e-01
6.010010010010009840e-02 4.264990288374969629e-01
6.011011011011010985e-02 4.248798493545318244e-01
6.012012012012012130e-02 4.232594467849967734e-01
6.013013013013012581e-02 4.216378373922551326e-01
6.014014014014013726e-02 4.200150376460333179e-01
6.015015015015014871e-02 4.183910642255945223e-01
6.016016016016016016e-02 4.167608025464168420e-01
6.017017017017016467e-02 4.151293855683884093e-01
6.018018018018017612e-02 4.134968427238122080e-01
6.019019019019018757e-02 4.118631917823329935e-01
6.020020020020019902e-02 4.102284507432860661e-01
6.021021021021021047e-02 4.085926378393884284e-01
6.022022022022021498e-02 4.069557715405128784e-01
6.023023023023022643e-02 4.053178705575438689e-01
6.024024024024023788e-02 4.036745701727241231e-01
6.025025025025024933e-02 4.020293262195157036e-01
6.026026026026026078e-02 4.003831025830754120e-01
6.027027027027026529e-02 3.987359191956177384e-01
6.028028028028027674e-02 3.970877962542364026e-01
6.029029029029028819e-02 3.954387542254178545e-01
6.030030030030029964e-02 3.937888138496501989e-01
6.031031031031031109e-02 3.921379961461415320e-01
6.032032032032031560e-02 3.904863224176570169e-01
6.033033033033032705e-02 3.888332789521697919e-01
6.034034034034033850e-02 3.871776198547255965e-01
6.035035035035034995e-02 3.855211696004607336e-01
6.036036036036036140e-02 3.838639507644821536e-01
6.037037037037036591e-02 3.822059862327177870e-01
6.038038038038037736e-02 3.805472992075223937e-01
6.039039039039038881e-02 3.788879132134411742e-01
6.040040040040040026e-02 3.772278521030963949e-01
6.041041041041041171e-02 3.755671400632278889e-01
6.042042042042041622e-02 3.739058016208848256e-01
6.043043043043042767e-02 3.722438616497661945e-01
6.044044044044043912e-02 3.705813453767325960e-01
6.045045045045045057e-02 3.689182783884652483e-01
6.046046046046046202e-02 3.672546866388129438e-01
6.047047047047046653e-02 3.655905964537660702e-01
6.048048048048047798e-02 3.639260345416899245e-01
6.049049049049048943e-02 3.622610279986624993e-01
6.050050050050050088e-02 3.605956043165368108e-01
6.051051051051050539e-02 3.589261911759373813e-01
6.052052052052051684e-02 3.572524793196303894e-01
6.053053053053052829e-02 3.555784341263810711e-01
6.054054054054053974e-02 3.539040849744465866e-01
6.055055055055055119e-02 3.522236473204666263e-01
6.056056056056055570e-02 3.505404083223134792e-01
6.057057057057056715e-02 3.488569547855571162e-01
6.058058058058057860e-02 3.471733181240555521e-01
6.059059059059059005e-02 3.454895302319476169e-01
6.060060060060060150e-02 3.438056234936496813e-01
6.061061061061060601e-02 3.421216307941140067e-01
6.062062062062061746e-02 3.404375855293594322e-01
6.063063063063062891e-02 3.387535216172958275e-01
6.064064064064064036e-02 3.370694735088209382e-01
6.065065065065065181e-02 3.353854761992267064e-01
6.066066066066065632e-02 3.337015652399115684e-01
6.067067067067066777e-02 3.320177767504042254e-01
6.068068068068067922e-02 3.303341474307207037e-01
6.069069069069069067e-02 3.286507145740502067e-01
6.070070070070070212e-02 3.269661183554721240e-01
6.071071071071070663e-02 3.252805404016261281e-01
6.072072072072071808e-02 3.235952734690299981e-01
6.073073073073072953e-02 3.219103573913429384e-01
6.074074074074074098e-02 3.202258326647334230e-01
6.075075075075075243e-02 3.185417404628315685e-01
6.076076076076075694e-02 3.168581226520915672e-01
6.077077077077076839e-02 3.151750218080710542e-01
6.078078078078077984e-02 3.134924812296459029e-01
6.079079079079079129e-02 3.118105449586992539e-01
6.080080080080080274e-02 3.101292577952387552e-01
6.081081081081080725e-02 3.084486653155004698e-01
6.082082082082081870e-02 3.067688138900444006e-01
6.083083083083083015e-02 3.050897507023594413e-01
6.084084084084084160e-02 3.034115237679721466e-01
6.085085085085084611e-02 3.017277658082024860e-01
6.086086086086085756e-02 3.000427081713554212e-01
6.087087087087086901e-02 2.983586289072309161e-01
6.088088088088088046e-02 2.966695772445818169e-01
6.089089089089089191e-02 2.949796094996601781e-01
6.090090090090089642e-02 2.932907694197510184e-01
6.091091091091090787e-02 2.916031112933643032e-01
6.092092092092091932e-02 2.899166904133327338e-01
6.093093093093093077e-02 2.882315631015708868e-01
6.094094094094094222e-02 2.865477867345417318e-01
6.095095095095094673e-02 2.848654197694457380e-01
6.096096096096095818e-02 2.831845217711504992e-01
6.097097097097096963e-02 2.815051534398881339e-01
6.098098098098098108e-02 2.798273766397358919e-01
6.099099099099099253e-02 2.781512544279017285e-01
6.100100100100099704e-02 2.764768510848430449e-01
6.101101101101100849e-02 2.748042321452243697e-01
6.102102102102101994e-02 2.731334644297652714e-01
6.103103103103103139e-02 2.714646160779688455e-01
6.104104104104104284e-02 2.697977565817745726e-01
6.105105105105104735e-02 2.681329568201581415e-01
6.106106106106105880e-02 2.664702890951541892e-01
6.107107107107107025e-02 2.648098271665288994e-01
6.108108108108108170e-02 2.631516462921791311e-01
6.109109109109109315e-02 2.614958232648375569e-01
6.110110110110109766e-02 2.598424364522171071e-01
6.111111111111110911e-02 2.581915658377569311e-01
6.112112112112112056e-02 2.565432930624976238e-01
6.113113113113113201e-02 2.548977014680668951e-01
6.114114114114113652e-02 2.532548761408467408e-01
6.115115115115114797e-02 2.516081950989800253e-01
6.116116116116115942e-02 2.499603021616169651e-01
6.117117117117117087e-02 2.483154094755923580e-01
6.118118118118118232e-02 2.466736088731807386e-01
6.119119119119118683e-02 2.450349941629431649e-01
6.120120120120119828e-02 2.433996611817612898e-01
6.121121121121120973e-02 2.417677078482345643e-01
6.122122122122122118e-02 2.401392342174464012e-01
6.123123123123123263e-02 2.385139696395289499e-01
6.124124124124123714e-02 2.368770490368079795e-01
6.125125125125124859e-02 2.352438608737147385e-01
6.126126126126126004e-02 2.336145129504760276e-01
6.127127127127127149e-02 2.319891154852539161e-01
6.128128128128128294e-02 2.303677811785181662e-01
6.129129129129128745e-02 2.287506252789719974e-01
6.130130130130129890e-02 2.271377656510798204e-01
6.131131131131131035e-02 2.255293228441882236e-01
6.132132132132132180e-02 2.239254201632447927e-01
6.133133133133133325e-02 2.223261837411273645e-01
6.134134134134133776e-02 2.207317426125590121e-01
6.135135135135134921e-02 2.191422287896170884e-01
6.136136136136136066e-02 2.175577773388271963e-01
6.137137137137137211e-02 2.159785264598087506e-01
6.138138138138138356e-02 2.144046175654429065e-01
6.139139139139138807e-02 2.128361953636847270e-01
6.140140140140139952e-02 2.112734079401832610e-01
6.141141141141141097e-02 2.097164068435896089e-01
6.142142142142142242e-02 2.081653471709462300e-01
6.143143143143142693e-02 2.066203876549918272e-01
6.144144144144143838e-02 2.050816907525458144e-01
6.145145145145144983e-02 2.035494227340098605e-01
6.146146146146146128e-02 2.020237537738767131e-01
6.147147147147147273e-02 2.005048580421289195e-01
6.148148148148147724e-02 1.989929137964047412e-01
6.149149149149148869e-02 1.974881034747675290e-01
6.150150150150150014e-02 1.959906137889262101e-01
6.151151151151151159e-02 1.945006358177143457e-01
6.152152152152152303e-02 1.930183651006166512e-01
6.153153153153152755e-02 1.915440017323284116e-01
6.154154154154153900e-02 1.900777504511804716e-01
6.155155155155155045e-02 1.886103026315365805e-01
6.156156156156156189e-02 1.871423208607796707e-01
6.157157157157157334e-02 1.856829388087773147e-01
6.158158158158157786e-02 1.842323778658475630e-01
6.159159159159158931e-02 1.827908645567221380e-01
6.160160160160160076e-02 1.813586306286946448e-01
6.161161161161161220e-02 1.799359131474139450e-01
6.162162162162162365e-02 1.785229545785835537e-01
6.163163163163162817e-02 1.771200028718605268e-01
6.164164164164163962e-02 1.757273115396776608e-01
6.165165165165165106e-02 1.743451397315425866e-01
6.166166166166166251e-02 1.729737523031346369e-01
6.167167167167167396e-02 1.716134198795581378e-01
6.168168168168167848e-02 1.702644189119980334e-01
6.169169169169168992e-02 1.689270317279980838e-01
6.170170170170170137e-02 1.676015465686473693e-01
6.171171171171171282e-02 1.662882576264922696e-01
6.172172172172172427e-02 1.649874650646218355e-01
6.173173173173172879e-02 1.636994750249739783e-01
6.174174174174174023e-02 1.624245996330755670e-01
6.175175175175175168e-02 1.611429562342596988e-01
6.176176176176176313e-02 1.598716241702672902e-01
6.177177177177177458e-02 1.586141155140011194e-01
6.178178178178177909e-02 1.573707633944453899e-01
6.179179179179179054e-02 1.561419069635481827e-01
6.180180180180180199e-02 1.549278913224623744e-01
6.181181181181181344e-02 1.537290674284738090e-01
6.182182182182181795e-02 1.525457919811057106e-01
6.183183183183182940e-02 1.513784272857289781e-01
6.184184184184184085e-02 1.502273410935474618e-01
6.185185185185185230e-02 1.490929064171309937e-01
6.186186186186186375e-02 1.479755013155433230e-01
6.187187187187186826e-02 1.468755086590578240e-01
6.188188188188187971e-02 1.457933158568490706e-01
6.189189189189189116e-02 1.447293145577304430e-01
6.190190190190190261e-02 1.436839003180778174e-01
6.191191191191191406e-02 1.426574722364873649e-01
6.192192192192191857e-02 1.416504325540639264e-01
6.193193193193193002e-02 1.406631862193268578e-01
6.194194194194194147e-02 1.396961404168879650e-01
6.195195195195195292e-02 1.387497040592014230e-01
6.196196196196196437e-02 1.378242872408836084e-01
6.197197197197196888e-02 1.369203006553041391e-01
6.198198198198198033e-02 1.360381549734017981e-01
6.199199199199199178e-02 1.351782601849260135e-01
6.200200200200200323e-02 1.343410249026072145e-01
6.201201201201201468e-02 1.335268556300650555e-01
6.202202202202201919e-02 1.327361559945967606e-01
6.203203203203203064e-02 1.319674357894523586e-01
6.204204204204204209e-02 1.312033574089432331e-01
6.205205205205205354e-02 1.304636910535159344e-01
6.206206206206206499e-02 1.297488261300105694e-01
6.207207207207206950e-02 1.290591455320333203e-01
6.208208208208208095e-02 1.283950247134440781e-01
6.209209209209209240e-02 1.277568307421244331e-01
6.210210210210210385e-02 1.271449213380374532e-01
6.211211211211210836e-02 1.265596439000298834e-01
6.212212212212211981e-02 1.260013345261696283e-01
6.213213213213213126e-02 1.254703170331522843e-01
6.214214214214214271e-02 1.249669019781357165e-01
6.215215215215215416e-02 1.244913856940514790e-01
6.216216216216215867e-02 1.240440493373271280e-01
6.217217217217217012e-02 1.236251579594892930e-01
6.218218218218218157e-02 1.232349596068076369e-01
6.219219219219219302e-02 1.228736844546486906e-01
6.220220220220220447e-02 1.225415439828477920e-01
6.221221221221220898e-02 1.222387301982978680e-01
6.222222222222222043e-02 1.219654149107708974e-01
6.223223223223223188e-02 1.217217490677274666e-01
6.224224224224224333e-02 1.215078621535455733e-01
6.225225225225225478e-02 1.213238616581706619e-01
6.226226226226225929e-02 1.211698326197138548e-01
6.227227227227227074e-02 1.210458372449611103e-01
6.228228228228228219e-02 1.209519146111596166e-01
6.229229229229229364e-02 1.208880804517615259e-01
6.230230230230230509e-02 1.208543270282018134e-01
6.231231231231230960e-02 1.208506230884319743e-01
6.232232232232232105e-02 1.208769139140101895e-01
6.233233233233233250e-02 1.209331214536819021e-01
6.234234234234234395e-02 1.210191445437652641e-01
6.235235235235235540e-02 1.211348592129834756e-01
6.236236236236235991e-02 1.212801190693276465e-01
6.237237237237237136e-02 1.214547557657444238e-01
6.238238238238238281e-02 1.216585795408120368e-01
6.239239239239239426e-02 1.218783755045549366e-01
6.240240240240239877e-02 1.221100033347952002e-01
6.241241241241241022e-02 1.223701089058631536e-01
6.242242242242242167e-02 1.225430898662438345e-01
6.243243243243243312e-02 1.226813703451164750e-01
6.244244244244244457e-02 1.228481498789585763e-01
6.245245245245244908e-02 1.230432577828206586e-01
6.246246246246246053e-02 1.232665037761155602e-01
6.247247247247247198e-02 1.235176785734947991e-01
6.248248248248248343e-02 1.236126337072259995e-01
6.249249249249249488e-02 1.237278005641283124e-01
6.250250250250249939e-02 1.238706358604432095e-01
6.251251251251251084e-02 1.240410009275320219e-01
6.252252252252252229e-02 1.242387383736910378e-01
6.253253253253253374e-02 1.244636725593398358e-01
6.254254254254254519e-02 1.247156101259238453e-01
6.255255255255255664e-02 1.249943405746254815e-01
6.256256256256256809e-02 1.252996368907006719e-01
6.257257257257256566e-02 1.256312562090020069e-01
6.258258258258257711e-02 1.259889405160790898e-01
6.259259259259258856e-02 1.263724173841087317e-01
6.260260260260260001e-02 1.267814007318454061e-01
6.261261261261261146e-02 1.272155916077494231e-01
6.262262262262262291e-02 1.276672741550102241e-01
6.263263263263263436e-02 1.281258763275406609e-01
6.264264264264264581e-02 1.286087789093579015e-01
6.265265265265265726e-02 1.291156504795013538e-01
6.266266266266266871e-02 1.296461503328469600e-01
6.267267267267266628e-02 1.301999292848892986e-01
6.268268268268267773e-02 1.307766304713524341e-01
6.269269269269268918e-02 1.313758901390196798e-01
6.270270270270270063e-02 1.319973384244522985e-01
6.271271271271271208e-02 1.326406001171845095e-01
6.272272272272272353e-02 1.333052954067264761e-01
6.273273273273273498e-02 1.339910406053007874e-01
6.274274274274274643e-02 1.346974488532645398e-01
6.275275275275275788e-02 1.354241307947064155e-01
6.276276276276276933e-02 1.361706952309029162e-01
6.277277277277276690e-02 1.369367497445667381e-01
6.278278278278277835e-02 1.377219012960064770e-01
6.279279279279278980e-02 1.385257567900122222e-01
6.280280280280280125e-02 1.393479236129380461e-01
6.281281281281281270e-02 1.401880101396331124e-01
6.282282282282282415e-02 1.410456262101057456e-01
6.283283283283283560e-02 1.419203835759782484e-01
6.284284284284284705e-02 1.428118963169829891e-01
6.285285285285285850e-02 1.437197812278899200e-01
6.286286286286285607e-02 1.446436581763995144e-01
6.287287287287286752e-02 1.455831504326604853e-01
6.288288288288287897e-02 1.465378849711582443e-01
6.289289289289289042e-02 1.475074927458428220e-01
6.290290290290290187e-02 1.484916089394001659e-01
6.291291291291291332e-02 1.494898731876593279e-01
6.292292292292292477e-02 1.505019297801544198e-01
6.293293293293293622e-02 1.515274278379220574e-01
6.294294294294294767e-02 1.525660214695971628e-01
6.295295295295295912e-02 1.536173699069308118e-01
6.296296296296295669e-02 1.546811376208210020e-01
6.297297297297296814e-02 1.557569944189759192e-01
6.298298298298297959e-02 1.568446155262733510e-01
6.299299299299299104e-02 1.579436816489277196e-01
6.300300300300300249e-02 1.590538790235009881e-01
6.301301301301301394e-02 1.601748994517817881e-01
6.302302302302302539e-02 1.613064403225474563e-01
6.303303303303303684e-02 1.624482046211667974e-01
6.304304304304304829e-02 1.635999009279726635e-01
6.305305305305305974e-02 1.647612434063057407e-01
6.306306306306305731e-02 1.659319517810820821e-01
6.307307307307306876e-02 1.671117513087053419e-01
6.308308308308308021e-02 1.683003727390842974e-01
6.309309309309309166e-02 1.694975522705187143e-01
6.310310310310310311e-02 1.707030314981287655e-01
6.311311311311311456e-02 1.719165573564987448e-01
6.312312312312312601e-02 1.731378820571439492e-01
6.313313313313313746e-02 1.743667630213887876e-01
6.314314314314314891e-02 1.756029628092045658e-01
6.315315315315314648e-02 1.768462490445003588e-01
6.316316316316315793e-02 1.780963943373593261e-01
6.317317317317316938e-02 1.793531762036431609e-01
6.318318318318318083e-02 1.806163769823931342e-01
6.319319319319319228e-02 1.818857837513921938e-01
6.320320320320320373e-02 1.831611882412404468e-01
6.321321321321321518e-02 1.844423867482746227e-01
6.322322322322322663e-02 1.857291800466163156e-01
6.323323323323323808e-02 1.870213732996293676e-01
6.324324324324324953e-02 1.883187759705445552e-01
6.325325325325324710e-02 1.896212017353962054e-01
6.326326326326325855e-02 1.909284683911887104e-01
6.327327327327327000e-02 1.922403977691849175e-01
6.328328328328328145e-02 1.935568156462193212e-01
6.329329329329329290e-02 1.948775516570885880e-01
6.330330330330330435e-02 1.962024392076687218e-01
6.331331331331331580e-02 1.975313153888871021e-01
6.332332332332332725e-02 1.988640208916504781e-01
6.333333333333333870e-02 2.002003999228326725e-01
6.334334334334335015e-02 2.015389508038279431e-01
6.335335335335334772e-02 2.028642300236072060e-01
6.336336336336335917e-02 2.041928524165744496e-01
6.337337337337337062e-02 2.055246741681911182e-01
6.338338338338338207e-02 2.068595545722937135e-01
6.339339339339339352e-02 2.081973559572488641e-01
6.340340340340340497e-02 2.095379436133820161e-01
6.341341341341341642e-02 2.108811857217001429e-01
6.342342342342342787e-02 2.122269532839534956e-01
6.343343343343343932e-02 2.135751200540366157e-01
6.344344344344345077e-02 2.149255624707656631e-01
6.345345345345344834e-02 2.162781595920296451e-01
6.346346346346345979e-02 2.176327930303332825e-01
6.347347347347347124e-02 2.189893468897154694e-01
6.348348348348348269e-02 2.203477077040751630e-01
6.349349349349349414e-02 2.217077643768743667e-01
6.350350350350350559e-02 2.230694081222208414e-01
6.351351351351351704e-02 2.244325324068445759e-01
6.352352352352352849e-02 2.257970328958406048e-01
6.353353353353353994e-02 2.271628073949458482e-01
6.354354354354355139e-02 2.285297557989599548e-01
6.355355355355354896e-02 2.298873483744249269e-01
6.356356356356356041e-02 2.312439293209656022e-01
6.357357357357357186e-02 2.326014735372906594e-01
6.358358358358358331e-02 2.339598880364544553e-01
6.359359359359359476e-02 2.353190816812853192e-01
6.360360360360360621e-02 2.366789651389522298e-01
6.361361361361361766e-02 2.380394508366852624e-01
6.362362362362362911e-02 2.394004529186196384e-01
6.363363363363364056e-02 2.407618872037566859e-01
6.364364364364363813e-02 2.421236711450039381e-01
6.365365365365364958e-02 2.434857237892948112e-01
6.366366366366366103e-02 2.448479657387337138e-01
6.367367367367367248e-02 2.462103191127835156e-01
6.368368368368368393e-02 2.475727075114471099e-01
6.369369369369369538e-02 2.489350559794250572e-01
6.370370370370370683e-02 2.502972909712385952e-01
6.371371371371371828e-02 2.516593403172821541e-01
6.372372372372372973e-02 2.530211331907955552e-01
6.373373373373374118e-02 2.543826000757231642e-01
6.374374374374373875e-02 2.557436727354467920e-01
6.375375375375375020e-02 2.571042841823760750e-01
6.376376376376376165e-02 2.584643686483510949e-01
6.377377377377377310e-02 2.598238615558683406e-01
6.378378378378378455e-02 2.611826994900875998e-01
6.379379379379379600e-02 2.625408201716113998e-01
6.380380380380380745e-02 2.638981624300060780e-01
6.381381381381381890e-02 2.652546661780565973e-01
6.382382382382383035e-02 2.666102723867285196e-01
6.383383383383384180e-02 2.679649230608216470e-01
6.384384384384383937e-02 2.693185612152919628e-01
6.385385385385385082e-02 2.706711308523256365e-01
6.386386386386386227e-02 2.720225769386075965e-01
6.387387387387387372e-02 2.733728453840650885e-01
6.388388388388388517e-02 2.747218830203720374e-01
6.389389389389389662e-02 2.760696375804556624e-01
6.390390390390390807e-02 2.774160576784904797e-01
6.391391391391391952e-02 2.787610927904456415e-01
6.392392392392393097e-02 2.801046932351715091e-01
6.393393393393392854e-02 2.814468101560084756e-01
6.394394394394393999e-02 2.827873955029123754e-01
6.395395395395395144e-02 2.841264020150578440e-01
6.396396396396396289e-02 2.854637832039399470e-01
6.397397397397397434e-02 2.867994933369332755e-01
6.398398398398398579e-02 2.881334874213073993e-01
6.399399399399399724e-02 2.894657211886853543e-01
6.400400400400400869e-02 2.907961510799263460e-01
6.401401401401402014e-02 2.921247342304291728e-01
6.402402402402403159e-02 2.934514284558371044e-01
6.403403403403402916e-02 2.947761922381360589e-01
6.404404404404404061e-02 2.960989847121421326e-01
6.405405405405405206e-02 2.974197656523396294e-01
6.406406406406406351e-02 2.987384954601065568e-01
6.407407407407407496e-02 3.000551351512680265e-01
6.408408408408408641e-02 3.013696463440001527e-01
6.409409409409409786e-02 3.026819912470608553e-01
6.410410410410410931e-02 3.039921326483434050e-01
6.411411411411412076e-02 3.053000339037365563e-01
6.412412412412413221e-02 3.066056589262926568e-01
6.413413413413412978e-02 3.079089721756861908e-01
6.414414414414414123e-02 3.092099386479622014e-01
6.415415415415415268e-02 3.105085238655487245e-01
6.416416416416416413e-02 3.118046938675577140e-01
6.417417417417417558e-02 3.130984152003296050e-01
6.418418418418418703e-02 3.143896549082438874e-01
6.419419419419419848e-02 3.156783805247675989e-01
6.420420420420420993e-02 3.169645600637508998e-01
6.421421421421422138e-02 3.182481620109497977e-01
6.422422422422421895e-02 3.195291553157750264e-01
6.423423423423423040e-02 3.208075093832644664e-01
6.424424424424424185e-02 3.220831940662619575e-01
6.425425425425425330e-02 3.233561796578113823e-01
6.426426426426426475e-02 3.246264368837400438e-01
6.427427427427427620e-02 3.258939368954545390e-01
6.428428428428428765e-02 3.271586512629076071e-01
6.429429429429429910e-02 3.284205519677632079e-01
6.430430430430431055e-02 3.296796113967306319e-01
6.431431431431432200e-02 3.309358023350823519e-01
6.432432432432431957e-02 3.321890979603283056e-01
6.433433433433433102e-02 3.334394718360708665e-01
6.434434434434434247e-02 3.346868979060005911e-01
6.435435435435435392e-02 3.359313504880609424e-01
6.436436436436436537e-02 3.371728042687570093e-01
6.437437437437437682e-02 3.384112342976120513e-01
6.438438438438438827e-02 3.396466159817643216e-01
6.439439439439439972e-02 3.408789250807070514e-01
6.440440440440441117e-02 3.421081377011518931e-01
6.441441441441442262e-02 3.433342302920359690e-01
6.442442442442442019e-02 3.445571796396455500e-01
6.443443443443443164e-02 3.457769628628681313e-01
6.444444444444444309e-02 3.469935574085594721e-01
6.445445445445445454e-02 3.482069410470297055e-01
6.446446446446446599e-02 3.494170918676417492e-01
6.447447447447447744e-02 3.506239882745192382e-01
6.448448448448448889e-02 3.518276089823632602e-01
6.449449449449450034e-02 3.530279330123673454e-01
6.450450450450451179e-02 3.542249396882359291e-01
6.451451451451450936e-02 3.554186086323022908e-01
6.452452452452452081e-02 3.566089197617458018e-01
6.453453453453453226e-02 3.577958532848831141e-01
6.454454454454454371e-02 3.589793896975696508e-01
6.455455455455455516e-02 3.601595097796823075e-01
6.456456456456456661e-02 3.613361945916818141e-01
6.457457457457457806e-02 3.625094254712595276e-01
6.458458458458458951e-02 3.636791840300721002e-01
6.459459459459460096e-02 3.648454521505405945e-01
6.460460460460461241e-02 3.660082119827366420e-01
6.461461461461460998e-02 3.671674459413331593e-01
6.462462462462462143e-02 3.683231367026454928e-01
6.463463463463463288e-02 3.694752672017066475e-01
6.464464464464464433e-02 3.706238206294485416e-01
6.465465465465465578e-02 3.717687804299242837e-01
6.466466466466466723e-02 3.729101302976056687e-01
6.467467467467467868e-02 3.740478541747363495e-01
6.468468468468469013e-02 3.751819362487495702e-01
6.469469469469470158e-02 3.763123609497427968e-01
6.470470470470471303e-02 3.774391129480114127e-01
6.471471471471471060e-02 3.785621771516329281e-01
6.472472472472472205e-02 3.796815387041159728e-01
6.473473473473473350e-02 3.807971829820842036e-01
6.474474474474474495e-02 3.819090955930287135e-01
6.475475475475475640e-02 3.830172623730986881e-01
6.476476476476476785e-02 3.841216693849476838e-01
6.477477477477477930e-02 3.852223029156197076e-01
6.478478478478479075e-02 3.863191494744865895e-01
6.479479479479480220e-02 3.874121957912282088e-01
6.480480480480479977e-02 3.885014288138502470e-01
6.481481481481481122e-02 3.895868357067561183e-01
6.482482482482482267e-02 3.906684038488462685e-01
6.483483483483483412e-02 3.917461208316613819e-01
6.484484484484484557e-02 3.928199744575719410e-01
6.485485485485485702e-02 3.938899527379939314e-01
6.486486486486486847e-02 3.949560438916461247e-01
6.487487487487487992e-02 3.960182363428436658e-01
6.488488488488489137e-02 3.970765187198234680e-01
6.489489489489490281e-02 3.981308798531023041e-01
6.490490490490490039e-02 3.991813087738743104e-01
6.491491491491491184e-02 4.002277947124304180e-01
6.492492492492492329e-02 4.012703270966130331e-01
6.493493493493493474e-02 4.023088955503025255e-01
6.494494494494494619e-02 4.033434898919283640e-01
6.495495495495495764e-02 4.043741001330129481e-01
6.496496496496496909e-02 4.054007164767372551e-01
6.497497497497498053e-02 4.064233293165406824e-01
6.498498498498499198e-02 4.074419292347380983e-01
6.499499499499500343e-02 4.084565070011694221e-01
6.500500500500500101e-02 4.094670535718669679e-01
6.501501501501501246e-02 4.104735600877574830e-01
6.502502502502502391e-02 4.114760178733699592e-01
6.503503503503503536e-02 4.124744184355823018e-01
6.504504504504504681e-02 4.134687534623818772e-01
6.505505505505505826e-02 4.144590148216472092e-01
6.506506506506506970e-02 4.154451945600239893e-01
6.507507507507508115e-02 4.164272849014677980e-01
6.508508508508509260e-02 4.174052782465051958e-01
6.509509509509509018e-02 4.183791671708163573e-01
6.510510510510510163e-02 4.193489444241929043e-01
6.511511511511511308e-02 4.203146029294195785e-01
6.512512512512512453e-02 4.212761357812065399e-01
6.513513513513513598e-02 4.222335362451101193e-01
6.514514514514514743e-02 4.231867977564869876e-01
6.515515515515515887e-02 4.241359139194568195e-01
6.516516516516517032e-02 4.250808785058800554e-01
6.517517517517518177e-02 4.260216854543548703e-01
6.518518518518519322e-02 4.269583288692265777e-01
6.519519519519519080e-02 4.278908030196057477e-01
6.520520520520520225e-02 4.288191023384158584e-01
6.521521521521521370e-02 4.297432214214298440e-01
6.522522522522522515e-02 4.306631550263403385e-01
6.523523523523523659e-02 4.315788980718364143e-01
6.524524524524524804e-02 4.324904456366871486e-01
6.525525525525525949e-02 4.333977929588407330e-01
6.526526526526527094e-02 4.343009354345407913e-01
6.527527527527528239e-02 4.351998686174417541e-01
6.528528528528529384e-02 4.360945882177437727e-01
6.529529529529529142e-02 4.369850901013349609e-01
6.530530530530530287e-02 4.378713702889485693e-01
6.531531531531531432e-02 4.387534249553187160e-01
6.532532532532532576e-02 4.396312504283563238e-01
6.533533533533533721e-02 4.405048431883319404e-01
6.534534534534534866e-02 4.413741998670656641e-01
6.535535535535536011e-02 4.422393172471234535e-01
6.536536536536537156e-02 4.431001922610267596e-01
6.537537537537538301e-02 4.439568219904687085e-01
6.538538538538538059e-02 4.448092036655363346e-01
6.539539539539539204e-02 4.456573346639431943e-01
6.540540540540540349e-02 4.465012125102650886e-01
6.541541541541541493e-02 4.473408348751892749e-01
6.542542542542542638e-02 4.481761995747648442e-01
6.543543543543543783e-02 4.490073045696619247e-01
6.544544544544544928e-02 4.498341479644380470e-01
6.545545545545546073e-02 4.506567280068118353e-01
6.546546546546547218e-02 4.514750430869375331e-01
6.547547547547548363e-02 4.522890917366926278e-01
6.548548548548549508e-02 4.530988726289663093e-01
6.549549549549549265e-02 4.539043845769530350e-01
6.550550550550550410e-02 4.547056265334587510e-01
6.551551551551551555e-02 4.555025975901987323e-01
6.552552552552552700e-02 4.562952969771152945e-01
6.553553553553553845e-02 4.570837240616867359e-01
6.554554554554554990e-02 4.578678783482548753e-01
6.555555555555556135e-02 4.586477594773449296e-01
6.556556556556557280e-02 4.594233672249953271e-01
6.557557557557558425e-02 4.601947015020930176e-01
6.558558558558558182e-02 4.609617623537063946e-01
6.559559559559559327e-02 4.617245499584344270e-01
6.560560560560560472e-02 4.624830646277400814e-01
6.561561561561561617e-02 4.632373068053116660e-01
6.562562562562562762e-02 4.639872770664043578e-01
6.563563563563563907e-02 4.647329761172022677e-01
6.564564564564565052e-02 4.654744047941743457e-01
6.565565565565566197e-02 4.662115640634384994e-01
6.566566566566567342e-02 4.669444550201243826e-01
6.567567567567567099e-02 4.676730788877398459e-01
6.568568568568568244e-02 4.683974370175474911e-01
6.569569569569569389e-02 4.691175308879341754e-01
6.570570570570570534e-02 4.698333621037837360e-01
6.571571571571571679e-02 4.705449323958626473e-01
6.572572572572572824e-02 4.712522436201972975e-01
6.573573573573573969e-02 4.719552977574555941e-01
6.574574574574575114e-02 4.726540969123350089e-01
6.575575575575576259e-02 4.733486433129491799e-01
6.576576576576577404e-02 4.740389393102188431e-01
6.577577577577578549e-02 4.747249873772612094e-01
6.578578578578578306e-02 4.754067901087856152e-01
6.579579579579579451e-02 4.760843502204888389e-01
6.580580580580580596e-02 4.767576705484510846e-01
6.581581581581581741e-02 4.774267540485328531e-01
6.582582582582582886e-02 4.780916037957812503e-01
6.583583583583584031e-02 4.787522229838275245e-01
6.584584584584585176e-02 4.794086149241337247e-01
6.585585585585586321e-02 4.800607830460232317e-01
6.586586586586587466e-02 4.807087308951532023e-01
6.587587587587587223e-02 4.813524621335403819e-01
6.588588588588588368e-02 4.819919805388220846e-01
6.589589589589589513e-02 4.826272900036561175e-01
6.590590590590590658e-02 4.832583945351381916e-01
6.591591591591591803e-02 4.838852982542137804e-01
6.592592592592592948e-02 4.845080053950905352e-01
6.593593593593594093e-02 4.851265203046492003e-01
6.594594594594595238e-02 4.857408474418635769e-01
6.595595595595596383e-02 4.863509913772126603e-01
6.596596596596596140e-02 4.869569567920993269e-01
6.597597597597597285e-02 4.875587484782689662e-01
6.598598598598598430e-02 4.881563713372246704e-01
6.599599599599599575e-02 4.887498303796477539e-01
6.600600600600600720e-02 4.893391307248193267e-01
6.601601601601601865e-02 4.899242776000364841e-01
6.602602602602603010e-02 4.905052763400378213e-01
6.603603603603604155e-02 4.910821323864223431e-01
6.604604604604605300e-02 4.916548512870733689e-01
6.605605605605606445e-02 4.922234386955786634e-01
6.606606606606607590e-02 4.927879003706571726e-01
6.607607607607607347e-02 4.933482421755785996e-01
6.608608608608608492e-02 4.939044700775923613e-01
6.609609609609609637e-02 4.944565901473470526e-01
6.610610610610610782e-02 4.950046085583202360e-01
6.611611611611611927e-02 4.955485315862412365e-01
6.612612612612613072e-02 4.960883656085142701e-01
6.613613613613614217e-02 4.966241171036520630e-01
6.614614614614615362e-02 4.971557926506949832e-01
6.615615615615616507e-02 4.976833989286412185e-01
6.616616616616616264e-02 4.982069427158710151e-01
6.617617617617617409e-02 4.987264308895800191e-01
6.618618618618618554e-02 4.992418704251990746e-01
6.619619619619619699e-02 4.997532683958282873e-01
6.620620620620620844e-02 5.002606319716603744e-01
6.621621621621621989e-02 5.007639684194113983e-01
6.622622622622623134e-02 5.012632851017505553e-01
6.623623623623624279e-02 5.017585894767239152e-01
6.624624624624625424e-02 5.022498890971900387e-01
6.625625625625626569e-02 5.027371916102431060e-01
6.626626626626626326e-02 5.032205047566435940e-01
6.627627627627627471e-02 5.036998363702518411e-01
6.628628628628628616e-02 5.041751943774509526e-01
6.629629629629629761e-02 5.046465867965806984e-01
6.630630630630630906e-02 5.051140217373651931e-01
6.631631631631632051e-02 5.055775074003453495e-01
6.632632632632633196e-02 5.060370520763073365e-01
6.633633633633634341e-02 5.064926641457127010e-01
6.634634634634635486e-02 5.069443520781293788e-01
6.635635635635636631e-02 5.073921244316607071e-01
6.636636636636636388e-02 5.078359898523768790e-01
6.637637637637637533e-02 5.082759570737507282e-01
6.638638638638638678e-02 5.087120349160761945e-01
6.639639639639639823e-02 5.091442322859124348e-01
6.640640640640640968e-02 5.095725581755085054e-01
6.641641641641642113e-02 5.099970216622339292e-01
6.642642642642643258e-02 5.104176319080133695e-01
6.643643643643644403e-02 5.108343981587550875e-01
6.644644644644645548e-02 5.112473297437852837e-01
6.645645645645645305e-02 5.116564360752773322e-01
6.646646646646646450e-02 5.120617266476867879e-01
6.647647647647647595e-02 5.124632110371785121e-01
6.648648648648648740e-02 5.128608989010663421e-01
6.649649649649649885e-02 5.132547999772364422e-01
6.650650650650651030e-02 5.136449240835883057e-01
6.651651651651652175e-02 5.140312811174605478e-01
6.652652652652653320e-02 5.144138810550680230e-01
6.653653653653654465e-02 5.147927339509333899e-01
6.654654654654655610e-02 5.151678499373201214e-01
6.655655655655655367e-02 5.155392392236680665e-01
6.656656656656656512e-02 5.159069120960226851e-01
6.657657657657657657e-02 5.162708789164730527e-01
6.658658658658658802e-02 5.166311501225829828e-01
6.659659659659659947e-02 5.169877362268259224e-01
6.660660660660661092e-02 5.173406478160206268e-01
6.661661661661662237e-02 5.176898955507645006e-01
6.662662662662663382e-02 5.180354901648683841e-01
6.663663663663664527e-02 5.183774424647925594e-01
6.664664664664665672e-02 5.187157633290820913e-01
6.665665665665665429e-02 5.190504637077989480e-01
6.666666666666666574e-02 5.193815546219648915e-01
6.667667667667667719e-02 5.197090471629910446e-01
6.668668668668668864e-02 5.200329524921174507e-01
6.669669669669670009e-02 5.203532818398473037e-01
6.670670670670671154e-02 5.206700465053899496e-01
6.671671671671672299e-02 5.209832578560911198e-01
6.672672672672673444e-02 5.212929273268736008e-01
6.673673673673674589e-02 5.215990664196765714e-01
6.674674674674674346e-02 5.219016867028904993e-01
6.675675675675675491e-02 5.222007998108013638e-01
6.676676676676676636e-02 5.224964174430231090e-01
6.677677677677677781e-02 5.227885513639424220e-01
6.678678678678678926e-02 5.230772134021557385e-01
6.679679679679680071e-02 5.233624154499104675e-01
6.680680680680681216e-02 5.236441694625438847e-01
6.681681681681682361e-02 5.239224874579272440e-01
6.682682682682683506e-02 5.241973815159056693e-01
6.683683683683684651e-02 5.244688637777390472e-01
6.684684684684684408e-02 5.247369464455458044e-01
6.685685685685685553e-02 5.250016417817463532e-01
6.686686686686686698e-02 5.252629621085048717e-01
6.687687687687687843e-02 5.255209198071719712e-01
6.688688688688688988e-02 5.257755273177320277e-01
6.689689689689690133e-02 5.260267971382464047e-01
6.690690690690691278e-02 5.262747418242993414e-01
6.691691691691692423e-02 5.265193739884409529e-01
6.692692692692693568e-02 5.267607062996383371e-01
6.693693693693694713e-02 5.269987514827183528e-01
6.694694694694694470e-02 5.272335223178173935e-01
6.695695695695695615e-02 5.274650316398288297e-01
6.696696696696696760e-02 5.276932923378515605e-01
6.697697697697697905e-02 5.279183173546376784e-01
6.698698698698699050e-02 5.281401196860445735e-01
6.699699699699700195e-02 5.283587123804848185e-01
6.700700700700701340e-02 5.285741085383754978e-01
6.701701701701702485e-02 5.287863213115923111e-01
6.702702702702703630e-02 5.289953639029194576e-01
6.703703703703703387e-02 5.292012495655045168e-01
6.704704704704704532e-02 5.294039916023109971e-01
6.705705705705705677e-02 5.296036033655741049e-01
6.706706706706706822e-02 5.298000982562518502e-01
6.707707707707707967e-02 5.299934897234853670e-01
6.708708708708709112e-02 5.301837912640517958e-01
6.709709709709710257e-02 5.303710164218246037e-01
6.710710710710711402e-02 5.305551787872276881e-01
6.711711711711712547e-02 5.307362919966965853e-01
6.712712712712713692e-02 5.309143697321373478e-01
6.713713713713713449e-02 5.310894257201593804e-01
6.714714714714714594e-02 5.312614737324409253e-01
6.715715715715715739e-02 5.314305275838338005e-01
6.716716716716716884e-02 5.315966011327356577e-01
6.717717717717718029e-02 5.317597082803159347e-01
6.718718718718719174e-02 5.319198629699892766e-01
6.719719719719720319e-02 5.320770791868764116e-01
6.720720720720721464e-02 5.322313709572704665e-01
6.721721721721722609e-02 5.323827523481025059e-01
6.722722722722723754e-02 5.325312374664106230e-01
6.723723723723723511e-02 5.326768404588072547e-01
6.724724724724724656e-02 5.328195755110091136e-01
6.725725725725725801e-02 5.329594568470590321e-01
6.726726726726726946e-02 5.330964987291713086e-01
6.727727727727728091e-02 5.332307154569518870e-01
6.728728728728729236e-02 5.333621213669357264e-01
6.729729729729730381e-02 5.334907308320570030e-01
6.730730730730731526e-02 5.336165582611273051e-01
6.731731731731732671e-02 5.337396180983078331e-01
6.732732732732732428e-02 5.338599248225863736e-01
6.733733733733733573e-02 5.339774929472542730e-01
6.734734734734734718e-02 5.340923370193856323e-01
6.735735735735735863e-02 5.342044716193143916e-01
6.736736736736737008e-02 5.343139113601769186e-01
6.737737737737738153e-02 5.344206708871452882e-01
6.738738738738739298e-02 5.345247648772825100e-01
6.739739739739740443e-02 5.346262080387735871e-01
6.740740740740741588e-02 5.347250151104736560e-01
6.741741741741742733e-02 5.348212008613939528e-01
6.742742742742742490e-02 5.349147800901855598e-01
6.743743743743743635e-02 5.350057676246260385e-01
6.744744744744744780e-02 5.350941783211096148e-01
6.745745745745745925e-02 5.351800270641329238e-01
6.746746746746747070e-02 5.352633287657868610e-01
6.747747747747748215e-02 5.353440983652483220e-01
6.748748748748749360e-02 5.354223508282688337e-01
6.749749749749750505e-02 5.354981011466714014e-01
6.750750750750751650e-02 5.355713643378400279e-01
6.751751751751752795e-02 5.356421554442193367e-01
6.752752752752752552e-02 5.357104895328059779e-01
6.753753753753753697e-02 5.357763816946521374e-01
6.754754754754754842e-02 5.358398470443571648e-01
6.755755755755755987e-02 5.359009007195710828e-01
6.756756756756757132e-02 5.359595578804924321e-01
6.757757757757758277e-02 5.360146048279306186e-01
6.758758758758759422e-02 5.360554492329741016e-01
6.759759759759760567e-02 5.360938853399382920e-01
6.760760760760761712e-02 5.361299285606291321e-01
6.761761761761761469e-02 5.361635943277457406e-01
6.762762762762762614e-02 5.361948980943846976e-01
6.763763763763763759e-02 5.362238553335444413e-01
6.764764764764764904e-02 5.362504815376326617e-01
6.765765765765766049e-02 5.362747922179690319e-01
6.766766766766767194e-02 5.362968029042978202e-01
6.767767767767768339e-02 5.363165291442955063e-01
6.768768768768769484e-02 5.363339865030805065e-01
6.769769769769770629e-02 5.363491905627265632e-01
6.770770770770771774e-02 5.363621569217716933e-01
6.771771771771772919e-02 5.363729011947384606e-01
6.772772772772772676e-02 5.363814390116423692e-01
6.773773773773773821e-02 5.363877860175151335e-01
6.774774774774774966e-02 5.363919578719156256e-01
6.775775775775776111e-02 5.363939702484546990e-01
6.776776776776777256e-02 5.363938388343107988e-01
6.777777777777778401e-02 5.363915793297550083e-01
6.778778778778779546e-02 5.363872074476683238e-01
6.779779779779780691e-02 5.363807389130711423e-01
6.780780780780781836e-02 5.363721894626444220e-01
6.781781781781781593e-02 5.363615748442578379e-01
6.782782782782782738e-02 5.363489108164946062e-01
6.783783783783783883e-02 5.363342131481825259e-01
6.784784784784785028e-02 5.363174976179249098e-01
6.785785785785786173e-02 5.362987800136260752e-01
6.786786786786787318e-02 5.362780761320289358e-01
6.787787787787788463e-02 5.362554017782468208e-01
6.788788788788789608e-02 5.362307727652977363e-01
6.789789789789790753e-02 5.362042049136406252e-01
6.790790790790790510e-02 5.361757140507116270e-01
6.791791791791791655e-02 5.361453160104640014e-01
6.792792792792792800e-02 5.361130266329079408e-01
6.793793793793793945e-02 5.360788617636478293e-01
6.794794794794795090e-02 5.360428372534289387e-01
6.795795795795796235e-02 5.360049689576794618e-01
6.796796796796797380e-02 5.359652727360519897e-01
6.797797797797798525e-02 5.359237644519726507e-01
6.798798798798799670e-02 5.358804599721881390e-01
6.799799799799800815e-02 5.358353751663104125e-01
6.800800800800801960e-02 5.357885259063711603e-01
6.801801801801801717e-02 5.357399280663678320e-01
6.802802802802802862e-02 5.356895975216352523e-01
6.803803803803804007e-02 5.356375501491318358e-01
6.804804804804805152e-02 5.355838018258923805e-01
6.805805805805806297e-02 5.355283684293179469e-01
6.806806806806807442e-02 5.354712658365508027e-01
6.807807807807808587e-02 5.354125099240281127e-01
6.808808808808809732e-02 5.353521165670465098e-01
6.809809809809810877e-02 5.352901016393187827e-01
6.810810810810810634e-02 5.352264810125383354e-01
6.811811811811811779e-02 5.351612705559400940e-01
6.812812812812812924e-02 5.350944861358665205e-01
6.813813813813814069e-02 5.350261436153309624e-01
6.814814814814815214e-02 5.349562588535854424e-01
6.815815815815816359e-02 5.348848477056892259e-01
6.816816816816817504e-02 5.348119260220758342e-01
6.817817817817818649e-02 5.347198278801950089e-01
6.818818818818819794e-02 5.346256804909893523e-01
6.819819819819819551e-02 5.345300092714437845e-01
6.820820820820820696e-02 5.344328302781918838e-01
6.821821821821821841e-02 5.343341595619516271e-01
6.822822822822822986e-02 5.342340131671059478e-01
6.823823823823824131e-02 5.341324071312779642e-01
6.824824824824825276e-02 5.340293574849097613e-01
6.825825825825826421e-02 5.339248802508426150e-01
6.826826826826827566e-02 5.338189914438994377e-01
6.827827827827828711e-02 5.337117070704645583e-01
6.828828828828829856e-02 5.336030431280709418e-01
6.829829829829831001e-02 5.334930156049814132e-01
6.830830830830830758e-02 5.333816404797776523e-01
6.831831831831831903e-02 5.332689337209460811e-01
6.832832832832833048e-02 5.331549112864687467e-01
6.833833833833834193e-02 5.330395891234102068e-01
6.834834834834835338e-02 5.329229831675106333e-01
6.835835835835836483e-02 5.328051093427771390e-01
6.836836836836837628e-02 5.326859835610799898e-01
6.837837837837838773e-02 5.325656217217451527e-01
6.838838838838839917e-02 5.324440397111491752e-01
6.839839839839839675e-02 5.323212534023217257e-01
6.840840840840840820e-02 5.321972786545369205e-01
6.841841841841841965e-02 5.320721313129199714e-01
6.842842842842843110e-02 5.319458272080426209e-01
6.843843843843844255e-02 5.318183821555292345e-01
6.844844844844845400e-02 5.316898119556593416e-01
6.845845845845846545e-02 5.315601323929720623e-01
6.846846846846847690e-02 5.314293592358698692e-01
6.847847847847848834e-02 5.312975082362286772e-01
6.848848848848848592e-02 5.311645951290054901e-01
6.849849849849849737e-02 5.310306356318459375e-01
6.850850850850850882e-02 5.308956454446970286e-01
6.851851851851852027e-02 5.307596402494185739e-01
6.852852852852853172e-02 5.306226357093951629e-01
6.853853853853854317e-02 5.304846474691514713e-01
6.854854854854855462e-02 5.303456911539680130e-01
6.855855855855856607e-02 5.302057823694958927e-01
6.856856856856857751e-02 5.300649367013757773e-01
6.857857857857858896e-02 5.299231697148580889e-01
6.858858858858860041e-02 5.297804969544209763e-01
6.859859859859859799e-02 5.296369339433937284e-01
6.860860860860860944e-02 5.294924961835767441e-01
6.861861861861862089e-02 5.293471991548671651e-01
6.862862862862863234e-02 5.292010583148842873e-01
6.863863863863864379e-02 5.290540890985929723e-01
6.864864864864865523e-02 5.289063069179333887e-01
6.865865865865866668e-02 5.287577271614481988e-01
6.866866866866867813e-02 5.286083651939134098e-01
6.867867867867868958e-02 5.284582363559663376e-01
6.868868868868868716e-02 5.283073559637407879e-01
6.869869869869869861e-02 5.281557393084970187e-01
6.870870870870871006e-02 5.280034016562581423e-01
6.871871871871872151e-02 5.278503582474455280e-01
6.872872872872873296e-02 5.276966242965144271e-01
6.873873873873874440e-02 5.275422149915901526e-01
6.874874874874875585e-02 5.273871454941556625e-01
6.875875875875876730e-02 5.272314309385112141e-01
6.876876876876877875e-02 5.270750864316809947e-01
6.877877877877877633e-02 5.269181270528794370e-01
6.878878878878878778e-02 5.267605678531982472e-01
6.879879879879879923e-02 5.266024238552527992e-01
6.880880880880881068e-02 5.264437100528264191e-01
6.881881881881882213e-02 5.262844414105168900e-01
6.882882882882883357e-02 5.261246328633886193e-01
6.883883883883884502e-02 5.259642993166158131e-01
6.884884884884885647e-02 5.258034556451367525e-01
6.885885885885886792e-02 5.256421166933067379e-01
6.886886886886887937e-02 5.254802972745468148e-01
6.887887887887889082e-02 5.253180121710016026e-01
6.888888888888888840e-02 5.251552761331915731e-01
6.889889889889889985e-02 5.249921038796724337e-01
6.890890890890891129e-02 5.248285100966900707e-01
6.891891891891892274e-02 5.246645094378402652e-01
6.892892892892893419e-02 5.245001165237296314e-01
6.893893893893894564e-02 5.243353459416342233e-01
6.894894894894895709e-02 5.241702122451640244e-01
6.895895895895896854e-02 5.240047299539256631e-01
6.896896896896897999e-02 5.238389135532267593e-01
6.897897897897897757e-02 5.236727774935835411e-01
6.898898898898898902e-02 5.235063361906249213e-01
6.899899899899900046e-02 5.233396040246010017e-01
6.900900900900901191e-02 5.231725953400964135e-01
6.901901901901902336e-02 5.230053244456969175e-01
6.902902902902903481e-02 5.228378056136632202e-01
6.903903903903904626e-02 5.226700530796021260e-01
6.904904904904905771e-02 5.225020810421453499e-01
6.905905905905906916e-02 5.223339036626185594e-01
6.906906906906906674e-02 5.221655350647234073e-01
6.907907907907909206e-02 5.219969893342110145e-01
6.908908908908908963e-02 5.218282805185679996e-01
6.909909909909910108e-02 5.216594226266890733e-01
6.910910910910911253e-02 5.214904296285644003e-01
6.911911911911912398e-02 5.213213154549594108e-01
6.912912912912913543e-02 5.211520939971007182e-01
6.913913913913914688e-02 5.209827791063612601e-01
6.914914914914915833e-02 5.208133845939463269e-01
6.915915915915916978e-02 5.206439242305823667e-01
6.916916916916918123e-02 5.204744117462052344e-01
6.917917917917917880e-02 5.203048608296538813e-01
6.918918918918919025e-02 5.201352851283572720e-01
6.919919919919920170e-02 5.199656982480669321e-01
6.920920920920921315e-02 5.197961137524121922e-01
6.921921921921922460e-02 5.196265451627989362e-01
6.922922922922923605e-02 5.194570059579753929e-01
6.923923923923924750e-02 5.192875095737595759e-01
6.924924924924925895e-02 5.191180694027430764e-01
6.925925925925927040e-02 5.189486987939901930e-01
6.926926926926926797e-02 5.187794110526037228e-01
6.927927927927927942e-02 5.186102194399774268e-01
6.928928928928929087e-02 5.184411371726793671e-01
6.929929929929930232e-02 5.182721774227059264e-01
6.930930930930931377e-02 5.181033533170524841e-01
6.931931931931932522e-02 5.179346779374258691e-01
6.932932932932933667e-02 5.177661643199508168e-01
6.933933933933934812e-02 5.175978254548861957e-01
6.934934934934935957e-02 5.174296742863371268e-01
6.935935935935935714e-02 5.172617237119707667e-01
6.936936936936938247e-02 5.170939865827305360e-01
6.937937937937938004e-02 5.169264757025591184e-01
6.938938938938939149e-02 5.167592038281126898e-01
6.939939939939940294e-02 5.165921836684874702e-01
6.940940940940941439e-02 5.164254278849363944e-01
6.941941941941942584e-02 5.162589490905969969e-01
6.942942942942943729e-02 5.160927598502195179e-01
6.943943943943944874e-02 5.159268726798874605e-01
6.944944944944946019e-02 5.157613000467511366e-01
6.945945945945947164e-02 5.155960543687563291e-01
6.946946946946946921e-02 5.154311480143771718e-01
6.947947947947948066e-02 5.152665933023474754e-01
6.948948948948949211e-02 5.151024025013974939e-01
6.949949949949950356e-02 5.149385878299920227e-01
6.950950950950951501e-02 5.147751614560646116e-01
6.951951951951952646e-02 5.146121354967602146e-01
6.952952952952953791e-02 5.144495220181765083e-01
6.953953953953954936e-02 5.142873330351065420e-01
6.954954954954956081e-02 5.141255805107839416e-01
6.955955955955955838e-02 5.139642763566290018e-01
6.956956956956956983e-02 5.138034324319971091e-01
6.957957957957958128e-02 5.136430605439304964e-01
6.958958958958959273e-02 5.134831724469062220e-01
6.959959959959960418e-02 5.133237798425922538e-01
6.960960960960961563e-02 5.131648943796023321e-01
6.961961961961962708e-02 5.130065276532538299e-01
6.962962962962963853e-02 5.128486912053227265e-01
6.963963963963964998e-02 5.126913965238095727e-01
6.964964964964966143e-02 5.125346550426976844e-01
6.965965965965967288e-02 5.123784781417193290e-01
6.966966966966967045e-02 5.122228771461208030e-01
6.967967967967968190e-02 5.120678633264318380e-01
6.968968968968969335e-02 5.119134478982330094e-01
6.969969969969970480e-02 5.117596420219298059e-01
6.970970970970971625e-02 5.116064568025251447e-01
6.971971971971972770e-02 5.114539032893938852e-01
6.972972972972973915e-02 5.113019924760641155e-01
6.973973973973975060e-02 5.111507352999903331e-01
6.974974974974976205e-02 5.110001426423428361e-01
6.975975975975975962e-02 5.108502253277813487e-01
6.976976976976977107e-02 5.107009941242505180e-01
6.977977977977978252e-02 5.105524597427602007e-01
6.978978978978979397e-02 5.104046328371780739e-01
6.979979979979980542e-02 5.102575240040204685e-01
6.980980980980981687e-02 5.101111437822453132e-01
6.981981981981982832e-02 5.099655026530494073e-01
6.982982982982983977e-02 5.098206110396651392e-01
6.983983983983985122e-02 5.096764793071597577e-01
6.984984984984984879e-02 5.095331177622387520e-01
6.985985985985986024e-02 5.093905366530497858e-01
6.986986986986987169e-02 5.092487461689876316e-01
6.987987987987988314e-02 5.091077564405056544e-01
6.988988988988989459e-02 5.089675775389239654e-01
6.989989989989990604e-02 5.088282194762436816e-01
6.990990990990991749e-02 5.086896922049619629e-01
6.991991991991992894e-02 5.085520056178882697e-01
6.992992992992994039e-02 5.084151695479677269e-01
6.993993993993995184e-02 5.082791937680977146e-01
6.994994994994996329e-02 5.081440879909585595e-01
6.995995995995996086e-02 5.080098618688353440e-01
6.996996996996997231e-02 5.078765249934487080e-01
6.997997997997998376e-02 5.077440868957865394e-01
6.998998998998999521e-02 5.076125570459379954e-01
7.000000000000000666e-02 5.074819448529285237e-01
