5.000000000000000278e-02 1.123535615880024707e+00
5.001401401401401464e-02 1.123267589679211920e+00
5.002802802802803345e-02 1.122996287549484329e+00
5.004204204204204531e-02 1.122721705348928012e+00
5.005605605605605718e-02 1.122443838965578422e+00
5.007007007007007598e-02 1.122162684317552728e+00
5.008408408408408785e-02 1.121878237353175711e+00
5.009809809809809972e-02 1.121590494051109888e+00
5.011211211211211158e-02 1.121299450420483401e+00
5.012612612612613039e-02 1.121005102501015260e+00
5.014014014014014226e-02 1.120707446363144788e+00
5.015415415415415412e-02 1.120406478108155968e+00
5.016816816816817293e-02 1.120102193868303564e+00
5.018218218218218479e-02 1.119794589806938800e+00
5.019619619619619666e-02 1.119483662118633704e+00
5.021021021021021546e-02 1.119169407029250607e+00
5.022422422422422733e-02 1.118851820796285423e+00
5.023823823823823920e-02 1.118526612626879579e+00
5.025225225225225800e-02 1.118197889164677994e+00
5.026626626626626987e-02 1.117865831010083522e+00
5.028028028028028174e-02 1.117530434604581790e+00
5.029429429429429360e-02 1.117191696421656388e+00
5.030830830830831241e-02 1.116849612966905880e+00
5.032232232232232427e-02 1.116504180778160604e+00
5.033633633633633614e-02 1.116155396425603019e+00
5.035035035035035494e-02 1.115803256511882280e+00
5.036436436436436681e-02 1.115447757672230367e+00
5.037837837837837868e-02 1.115088896574522925e+00
5.039239239239239748e-02 1.114726669919563262e+00
5.040640640640640935e-02 1.114361074441083899e+00
5.042042042042042121e-02 1.113992106905745905e+00
5.043443443443444002e-02 1.113619764113424004e+00
5.044844844844845189e-02 1.113244042897259201e+00
5.046246246246246375e-02 1.112864940123775792e+00
5.047647647647648256e-02 1.112482452692987511e+00
5.049049049049049442e-02 1.112096577538511655e+00
5.050450450450450629e-02 1.111707311627677885e+00
5.051851851851851816e-02 1.111314651961636812e+00
5.053253253253253696e-02 1.110915245976421550e+00
5.054654654654654883e-02 1.110505278085355263e+00
5.056056056056056069e-02 1.110091926852992517e+00
5.057457457457457950e-02 1.109675189552159713e+00
5.058858858858859137e-02 1.109255063489778426e+00
5.060260260260260323e-02 1.108831546006967095e+00
5.061661661661662204e-02 1.108404634479143169e+00
5.063063063063063390e-02 1.107974326316120361e+00
5.064464464464464577e-02 1.107540618962211454e+00
5.065865865865866458e-02 1.107103509896320892e+00
5.067267267267267644e-02 1.106662996632049811e+00
5.068668668668668831e-02 1.106219076717787075e+00
5.070070070070070017e-02 1.105771747736808308e+00
5.071471471471471898e-02 1.105321007307370484e+00
5.072872872872873085e-02 1.104866853082807854e+00
5.074274274274274271e-02 1.104409282751624533e+00
5.075675675675676152e-02 1.103948294037588873e+00
5.077077077077077338e-02 1.103479100425155179e+00
5.078478478478478525e-02 1.103000835786427380e+00
5.079879879879880406e-02 1.102519166619987834e+00
5.081281281281281592e-02 1.102034090925765542e+00
5.082682682682682779e-02 1.101545606739085414e+00
5.084084084084084659e-02 1.101053712130757534e+00
5.085485485485485846e-02 1.100558405207159085e+00
5.086886886886887033e-02 1.100059684110317848e+00
5.088288288288288219e-02 1.099557547017995018e+00
5.089689689689690100e-02 1.099051992143766698e+00
5.091091091091091286e-02 1.098543017737103833e+00
5.092492492492492473e-02 1.098030622083452146e+00
5.093893893893894353e-02 1.097514803504313186e+00
5.095295295295295540e-02 1.096995560357321153e+00
5.096696696696696727e-02 1.096472891036319064e+00
5.098098098098098607e-02 1.095946793971439348e+00
5.099499499499499794e-02 1.095417267629176017e+00
5.100900900900900981e-02 1.094884310512461489e+00
5.102302302302302861e-02 1.094347921160740089e+00
5.103703703703704048e-02 1.093808098150042873e+00
5.105105105105105234e-02 1.093264840093057577e+00
5.106506506506507115e-02 1.092718145639203220e+00
5.107907907907908301e-02 1.092168013474699162e+00
5.109309309309309488e-02 1.091614442322635492e+00
5.110710710710710675e-02 1.091057430943043194e+00
5.112112112112112555e-02 1.090496978132958095e+00
5.113513513513513742e-02 1.089933082726496583e+00
5.114914914914914928e-02 1.089365743594974401e+00
5.116316316316316809e-02 1.088788163936065700e+00
5.117717717717717996e-02 1.088206224786909537e+00
5.119119119119119182e-02 1.087620855564013667e+00
5.120520520520521063e-02 1.087032055386706331e+00
5.121921921921922249e-02 1.086439823411470718e+00
5.123323323323323436e-02 1.085844158832000694e+00
5.124724724724725317e-02 1.085245060879260981e+00
5.126126126126126503e-02 1.084642528821543550e+00
5.127527527527527690e-02 1.084036561964520695e+00
5.128928928928928876e-02 1.083427159651300986e+00
5.130330330330330757e-02 1.082814321262486335e+00
5.131731731731731944e-02 1.082198046216220622e+00
5.133133133133133130e-02 1.081578333968241656e+00
5.134534534534535011e-02 1.080955184011936021e+00
5.135935935935936197e-02 1.080328595878387254e+00
5.137337337337337384e-02 1.079693542797119044e+00
5.138738738738739265e-02 1.079052244769224567e+00
5.140140140140140451e-02 1.078407525379358134e+00
5.141541541541541638e-02 1.077759384409639587e+00
5.142942942942943518e-02 1.077107821679770927e+00
5.144344344344344705e-02 1.076452837047078726e+00
5.145745745745745892e-02 1.075794430406552538e+00
5.147147147147147078e-02 1.075132601690885981e+00
5.148548548548548959e-02 1.074467350870518256e+00
5.149949949949950145e-02 1.073798677953667013e+00
5.151351351351351332e-02 1.073126582986369204e+00
5.152752752752753213e-02 1.072451066052515500e+00
5.154154154154154399e-02 1.071768634283442267e+00
5.155555555555555586e-02 1.071081859950065107e+00
5.156956956956957466e-02 1.070391674701300699e+00
5.158358358358358653e-02 1.069698078828591248e+00
5.159759759759759840e-02 1.069001072661184715e+00
5.161161161161161720e-02 1.068300656566225193e+00
5.162562562562562907e-02 1.067596830948523312e+00
5.163963963963964093e-02 1.066889596250972128e+00
5.165365365365365280e-02 1.066178952954313752e+00
5.166766766766767160e-02 1.065464901577228174e+00
5.168168168168168347e-02 1.064747442676359679e+00
5.169569569569569534e-02 1.064026576846335281e+00
5.170970970970971414e-02 1.063301122343347060e+00
5.172372372372372601e-02 1.062570019593723547e+00
5.173773773773773788e-02 1.061835520432189206e+00
5.175175175175175668e-02 1.061097625648554255e+00
5.176576576576576855e-02 1.060356336070532812e+00
5.177977977977978041e-02 1.059611652563760664e+00
5.179379379379379922e-02 1.058863576031808584e+00
5.180780780780781108e-02 1.058112107416197656e+00
5.182182182182182295e-02 1.057357247696413038e+00
5.183583583583584176e-02 1.056598997889912406e+00
5.184984984984985362e-02 1.055837359052142155e+00
5.186386386386386549e-02 1.055072332276543401e+00
5.187787787787787736e-02 1.054303918694562858e+00
5.189189189189189616e-02 1.053532119475659501e+00
5.190590590590590803e-02 1.052756935827316109e+00
5.191991991991991989e-02 1.051973310862878597e+00
5.193393393393393870e-02 1.051182754745722425e+00
5.194794794794795056e-02 1.050388840452697758e+00
5.196196196196196243e-02 1.049591569450359252e+00
5.197597597597598124e-02 1.048790943242806195e+00
5.198998998998999310e-02 1.047986963371678959e+00
5.200400400400400497e-02 1.047179631416159440e+00
5.201801801801802377e-02 1.046368948992963288e+00
5.203203203203203564e-02 1.045554917756339908e+00
5.204604604604604751e-02 1.044737539398063131e+00
5.206006006006005937e-02 1.043916815647426555e+00
5.207407407407407818e-02 1.043091215753363610e+00
5.208808808808809004e-02 1.042254312158131802e+00
5.210210210210210191e-02 1.041414094108445765e+00
5.211611611611612072e-02 1.040570563599977350e+00
5.213013013013013258e-02 1.039723722665291339e+00
5.214414414414414445e-02 1.038873573373823911e+00
5.215815815815816325e-02 1.038020117831869538e+00
5.217217217217217512e-02 1.037163358182564332e+00
5.218618618618618699e-02 1.036303296605864066e+00
5.220020020020020579e-02 1.035439935318529292e+00
5.221421421421421766e-02 1.034573276574102030e+00
5.222822822822822952e-02 1.033703322662885116e+00
5.224224224224224833e-02 1.032830075911920220e+00
5.225625625625626020e-02 1.031951394162092583e+00
5.227027027027027206e-02 1.031067932547641064e+00
5.228428428428428393e-02 1.030181195466003397e+00
5.229829829829830273e-02 1.029291185434823230e+00
5.231231231231231460e-02 1.028397905008124003e+00
5.232632632632632647e-02 1.027501356776271857e+00
5.234034034034034527e-02 1.026601543365950997e+00
5.235435435435435714e-02 1.025698467440131711e+00
5.236836836836836900e-02 1.024792131698036179e+00
5.238238238238238781e-02 1.023882538875107828e+00
5.239639639639639968e-02 1.022969691742976917e+00
5.241041041041041154e-02 1.022053593109427005e+00
5.242442442442442341e-02 1.021134245818354769e+00
5.243843843843844221e-02 1.020211652749738462e+00
5.245245245245245408e-02 1.019285816819598844e+00
5.246646646646646595e-02 1.018356740979958985e+00
5.248048048048048475e-02 1.017424428218804300e+00
5.249449449449449662e-02 1.016488881560046798e+00
5.250850850850850848e-02 1.015550104063477566e+00
5.252252252252252729e-02 1.014608098824727689e+00
5.253653653653653915e-02 1.013662868975225617e+00
5.255055055055055102e-02 1.012714417682151202e+00
5.256456456456456983e-02 1.011762748148388624e+00
5.257857857857858169e-02 1.010807863612486202e+00
5.259259259259259356e-02 1.009849767348604210e+00
5.260660660660661236e-02 1.008888462666465369e+00
5.262062062062062423e-02 1.007923952911314869e+00
5.263463463463463610e-02 1.006956241463858648e+00
5.264864864864864796e-02 1.005985331740221866e+00
5.266266266266266677e-02 1.005011227191891621e+00
5.267667667667667863e-02 1.004033931305667648e+00
5.269069069069069050e-02 1.003053447603605930e+00
5.270470470470470931e-02 1.002069779643046665e+00
5.271871871871872117e-02 1.001082931016235911e+00
5.273273273273273304e-02 1.000092905350753014e+00
5.274674674674675184e-02 9.990997063091292540e-01
5.276076076076076371e-02 9.981033375888724857e-01
5.277477477477477558e-02 9.971038029224066346e-01
5.278878878878879438e-02 9.961011060770929015e-01
5.280280280280280625e-02 9.950952508548440711e-01
5.281681681681681811e-02 9.940862410925502823e-01
5.283083083083082998e-02 9.930740806616910055e-01
5.284484484484484879e-02 9.920587734683510295e-01
5.285885885885886065e-02 9.910403234531593997e-01
5.287287287287287252e-02 9.900187345912209169e-01
5.288688688688689132e-02 9.889940108920494133e-01
5.290090090090090319e-02 9.879661563995033591e-01
5.291491491491491506e-02 9.869351751917142535e-01
5.292892892892893386e-02 9.859010713810187898e-01
5.294294294294294573e-02 9.848638491138907991e-01
5.295695695695695759e-02 9.838235125708667539e-01
5.297097097097097640e-02 9.827800659664762684e-01
5.298498498498498827e-02 9.817335135491687126e-01
5.299899899899900013e-02 9.806838596012394937e-01
5.301301301301301894e-02 9.796311084387562262e-01
5.302702702702703080e-02 9.785752644114833476e-01
5.304104104104104267e-02 9.775163319028894460e-01
5.305505505505505454e-02 9.764543153297321476e-01
5.306906906906907334e-02 9.753892191424877733e-01
5.308308308308308521e-02 9.743210478249362261e-01
5.309709709709709707e-02 9.732498058941621011e-01
5.311111111111111588e-02 9.721754979004767483e-01
5.312512512512512775e-02 9.710981284273367820e-01
5.313913913913913961e-02 9.700177020912601478e-01
5.315315315315315842e-02 9.689342235417439664e-01
5.316716716716717028e-02 9.678476974611817107e-01
5.318118118118118215e-02 9.667581285647768308e-01
5.319519519519519402e-02 9.656655216004570441e-01
5.320920920920921282e-02 9.645698813487877388e-01
5.322322322322322469e-02 9.634712126228884843e-01
5.323723723723723655e-02 9.623695202683378858e-01
5.325125125125125536e-02 9.612648091630887626e-01
5.326526526526526722e-02 9.601570842173814402e-01
5.327927927927927909e-02 9.590463503736453843e-01
5.329329329329329790e-02 9.579326126064128255e-01
5.330730730730730976e-02 9.568158759222288312e-01
5.332132132132132163e-02 9.556961453595492761e-01
5.333533533533534043e-02 9.545734259886564654e-01
5.334934934934935230e-02 9.534477229115602137e-01
5.336336336336336417e-02 9.523190412619013667e-01
5.337737737737738297e-02 9.511873862048572104e-01
5.339139139139139484e-02 9.500527629370446592e-01
5.340540540540540670e-02 9.489151766864203363e-01
5.341941941941942551e-02 9.477746327121832071e-01
5.343343343343343738e-02 9.466311363046766569e-01
5.344744744744744924e-02 9.454846927852851302e-01
5.346146146146146111e-02 9.443353075063345425e-01
5.347547547547547991e-02 9.431829858509914732e-01
5.348948948948949178e-02 9.420277332331591369e-01
5.350350350350350365e-02 9.408695550973741328e-01
5.351751751751752245e-02 9.397084569187034164e-01
5.353153153153153432e-02 9.385444442026400491e-01
5.354554554554554618e-02 9.373775224849938414e-01
5.355955955955956499e-02 9.362076973318820272e-01
5.357357357357357686e-02 9.350349743392489810e-01
5.358758758758758872e-02 9.338593591333145261e-01
5.360160160160160059e-02 9.326808573700979821e-01
5.361561561561561939e-02 9.314994747353951832e-01
5.362962962962963126e-02 9.303152169446761155e-01
5.364364364364364313e-02 9.291280897429671226e-01
5.365765765765766193e-02 9.279380989047431028e-01
5.367167167167167380e-02 9.267452502338165976e-01
5.368568568568568566e-02 9.255495495632217740e-01
5.369969969969970447e-02 9.243510027551018471e-01
5.371371371371371634e-02 9.231496157005963932e-01
5.372772772772772820e-02 9.219453943197237766e-01
5.374174174174174701e-02 9.207383445612679074e-01
5.375575575575575887e-02 9.195284724026613343e-01
5.376976976976977074e-02 9.183157838498658965e-01
5.378378378378378954e-02 9.171002849373552923e-01
5.379779779779780141e-02 9.158819817276071529e-01
5.381181181181181328e-02 9.146608803115656716e-01
5.382582582582582514e-02 9.134369868081341215e-01
5.383983983983984395e-02 9.122103073641528725e-01
5.385385385385385582e-02 9.109808481542758241e-01
5.386786786786786768e-02 9.097486153808521658e-01
5.388188188188188649e-02 9.085136152737989246e-01
5.389589589589589835e-02 9.072758540904843905e-01
5.390990990990991022e-02 9.060353381155992203e-01
5.392392392392392902e-02 9.047920736610348680e-01
5.393793793793794089e-02 9.035460670657590176e-01
5.395195195195195276e-02 9.022973246956882409e-01
5.396596596596596462e-02 9.010458529435630970e-01
5.397997997997998343e-02 8.997916582288210119e-01
5.399399399399399530e-02 8.985347469974718226e-01
5.400800800800800716e-02 8.972751257219646615e-01
5.402202202202202597e-02 8.960128009010623895e-01
5.403603603603603783e-02 8.947477790597151426e-01
5.405005005005004970e-02 8.934800667489255499e-01
5.406406406406406850e-02 8.922096705457234211e-01
5.407807807807808037e-02 8.909365970526277323e-01
5.409209209209209224e-02 8.896608528981239106e-01
5.410610610610611104e-02 8.883824447361278187e-01
5.412012012012012291e-02 8.871013792459530034e-01
5.413413413413413477e-02 8.858176631321788008e-01
5.414814814814815358e-02 8.845313031245150004e-01
5.416216216216216545e-02 8.832423059776701724e-01
5.417617617617617731e-02 8.819506784712156655e-01
5.419019019019019612e-02 8.806564274094483835e-01
5.420420420420420798e-02 8.793595596212618881e-01
5.421821821821821985e-02 8.780600819600008489e-01
5.423223223223223172e-02 8.767580013033318131e-01
5.424624624624625052e-02 8.754533245531017638e-01
5.426026026026026239e-02 8.741460586352035600e-01
5.427427427427427425e-02 8.728362104995417425e-01
5.428828828828829306e-02 8.715237871194660979e-01
5.430230230230230493e-02 8.702087954922774760e-01
5.431631631631631679e-02 8.688912426386571353e-01
5.433033033033033560e-02 8.675711356027424603e-01
5.434434434434434746e-02 8.662484814515544196e-01
5.435835835835835933e-02 8.649232872755039381e-01
5.437237237237237120e-02 8.635955601878184673e-01
5.438638638638639000e-02 8.622653073245094557e-01
5.440040040040040187e-02 8.609325358442290188e-01
5.441441441441441373e-02 8.595972529281252772e-01
5.442842842842843254e-02 8.582594657797010251e-01
5.444244244244244441e-02 8.569191816246696236e-01
5.445645645645645627e-02 8.555764077108116705e-01
5.447047047047047508e-02 8.542311513079381413e-01
5.448448448448448694e-02 8.528834197073059675e-01
5.449849849849849881e-02 8.515332202221344016e-01
5.451251251251251762e-02 8.501805601870168205e-01
5.452652652652652948e-02 8.488254469578883077e-01
5.454054054054054135e-02 8.474678879118743291e-01
5.455455455455456015e-02 8.461078904471457385e-01
5.456856856856857202e-02 8.447454619827734490e-01
5.458258258258258389e-02 8.433806099585768878e-01
5.459659659659660269e-02 8.420133418349775578e-01
5.461061061061061456e-02 8.406436650928534871e-01
5.462462462462462642e-02 8.392715872333852412e-01
5.463863863863863829e-02 8.378971157779088186e-01
5.465265265265265709e-02 8.365202582677687682e-01
5.466666666666666896e-02 8.351410222641656445e-01
5.468068068068068083e-02 8.337594153480044623e-01
5.469469469469469963e-02 8.323754451197477033e-01
5.470870870870871150e-02 8.309891191992628823e-01
5.472272272272272337e-02 8.296004452256700024e-01
5.473673673673673523e-02 8.282094308571930075e-01
5.475075075075075404e-02 8.268160837710043509e-01
5.476476476476476590e-02 8.254204116630790011e-01
5.477877877877877777e-02 8.240224222480336813e-01
5.479279279279279657e-02 8.226221232589802090e-01
5.480680680680680844e-02 8.212195224473735067e-01
5.482082082082082031e-02 8.198146275829726326e-01
5.483483483483483911e-02 8.184074464532125059e-01
5.484884884884885098e-02 8.169979868637693432e-01
5.486286286286286284e-02 8.155862566379239453e-01
5.487687687687688165e-02 8.141722636165291682e-01
5.489089089089089352e-02 8.127560156578583772e-01
5.490490490490490538e-02 8.113375206374453530e-01
5.491891891891892419e-02 8.099167864479333012e-01
5.493293293293293605e-02 8.084938209989182001e-01
5.494694694694694792e-02 8.070686322167947013e-01
5.496096096096096673e-02 8.056412280445969243e-01
5.497497497497497859e-02 8.042116164418496860e-01
5.498898898898899046e-02 8.027798053844046322e-01
5.500300300300300232e-02 8.013458028642891362e-01
5.501701701701702113e-02 7.999096168895475367e-01
5.503103103103103300e-02 7.984712554840871501e-01
5.504504504504504486e-02 7.970307266875192864e-01
5.505905905905906367e-02 7.955880385550004874e-01
5.507307307307307553e-02 7.941431991570833127e-01
5.508708708708708740e-02 7.926962165795488069e-01
5.510110110110110621e-02 7.912470989232560648e-01
5.511511511511511807e-02 7.897958543039834689e-01
5.512912912912912994e-02 7.883424908522694841e-01
5.514314314314314180e-02 7.868870167132550053e-01
5.515715715715716061e-02 7.854294400465268167e-01
5.517117117117117248e-02 7.839697690259604945e-01
5.518518518518518434e-02 7.825080118395580930e-01
5.519919919919920315e-02 7.810441766892923798e-01
5.521321321321321501e-02 7.795782717909517379e-01
5.522722722722722688e-02 7.781103053739746311e-01
5.524124124124124569e-02 7.766402856812957278e-01
5.525525525525525755e-02 7.751682209691883596e-01
5.526926926926926942e-02 7.736941195071016519e-01
5.528328328328328822e-02 7.722179895775032055e-01
5.529729729729730009e-02 7.707398394757232207e-01
5.531131131131131196e-02 7.692596775097907402e-01
5.532532532532533076e-02 7.677775120002776621e-01
5.533933933933934263e-02 7.662933512801398672e-01
5.535335335335335449e-02 7.648072036945561258e-01
5.536736736736737330e-02 7.633190776007691136e-01
5.538138138138138516e-02 7.618289813679295364e-01
5.539539539539539703e-02 7.603369233769322610e-01
5.540940940940940890e-02 7.588429120202596634e-01
5.542342342342342770e-02 7.573469557018217557e-01
5.543743743743743957e-02 7.558490628367980912e-01
5.545145145145145144e-02 7.543492418514763376e-01
5.546546546546547024e-02 7.528475011830945141e-01
5.547947947947948211e-02 7.513438492796801205e-01
5.549349349349349397e-02 7.498382945998945948e-01
5.550750750750751278e-02 7.483308456128664465e-01
5.552152152152152464e-02 7.468215107980437084e-01
5.553553553553553651e-02 7.453102986450216294e-01
5.554954954954954838e-02 7.437972176533935720e-01
5.556356356356356718e-02 7.422822763325852558e-01
5.557757757757757905e-02 7.407654832017021018e-01
5.559159159159159092e-02 7.392468467893635875e-01
5.560560560560560972e-02 7.377263756335462608e-01
5.561961961961962159e-02 7.362040782814301965e-01
5.563363363363363345e-02 7.346799632892302423e-01
5.564764764764765226e-02 7.331540392220462499e-01
5.566166166166166412e-02 7.316263146536992057e-01
5.567567567567567599e-02 7.300967981665734685e-01
5.568968968968969480e-02 7.285654983514602279e-01
5.570370370370370666e-02 7.270324238073961887e-01
5.571771771771771853e-02 7.254975831415075849e-01
5.573173173173173733e-02 7.239609849688489751e-01
5.574574574574574920e-02 7.224226379122500319e-01
5.575975975975976107e-02 7.208825506021514506e-01
5.577377377377377987e-02 7.193407316764504067e-01
5.578778778778779174e-02 7.177971897803446799e-01
5.580180180180180360e-02 7.162519335661695630e-01
5.581581581581581547e-02 7.147049716932459829e-01
5.582982982982983428e-02 7.131563128277172980e-01
5.584384384384384614e-02 7.116059656423988633e-01
5.585785785785785801e-02 7.100539388166161592e-01
5.587187187187187681e-02 7.085002410360450309e-01
5.588588588588588868e-02 7.069448809925663602e-01
5.589989989989990055e-02 7.053878673840957569e-01
5.591391391391391241e-02 7.038292089144353447e-01
5.592792792792793122e-02 7.022689142931158868e-01
5.594194194194194308e-02 7.007069922352400226e-01
5.595595595595595495e-02 6.991434514613276141e-01
5.596996996996997376e-02 6.975783006971555400e-01
5.598398398398398562e-02 6.960115486736107027e-01
5.599799799799799749e-02 6.944432041265264921e-01
5.601201201201201629e-02 6.928732757965310185e-01
5.602602602602602816e-02 6.913017724288942345e-01
5.604004004004004003e-02 6.897287027733695064e-01
5.605405405405405883e-02 6.881540755840410695e-01
5.606806806806807070e-02 6.865778996191705952e-01
5.608208208208208256e-02 6.850001836410416489e-01
5.609609609609610137e-02 6.834209364158050359e-01
5.611011011011011324e-02 6.818401667133315858e-01
5.612412412412412510e-02 6.802578833070490605e-01
5.613813813813814391e-02 6.786740949737957163e-01
5.615215215215215577e-02 6.770888104936688690e-01
5.616616616616616764e-02 6.755020386498662432e-01
5.618018018018017951e-02 6.739137882285395342e-01
5.619419419419419831e-02 6.723240680186366447e-01
5.620820820820821018e-02 6.707328868117596876e-01
5.622222222222222204e-02 6.691402534020026716e-01
5.623623623623624085e-02 6.675461765858053953e-01
5.625025025025025271e-02 6.659506651618050110e-01
5.626426426426426458e-02 6.643537279306814813e-01
5.627827827827828339e-02 6.627553736950080321e-01
5.629229229229229525e-02 6.611556112591040479e-01
5.630630630630630712e-02 6.595544494288824167e-01
5.632032032032031899e-02 6.579518970117010923e-01
5.633433433433433779e-02 6.563479628162141033e-01
5.634834834834834966e-02 6.547426556522260022e-01
5.636236236236236152e-02 6.531359843305369894e-01
5.637637637637638033e-02 6.515279576628003610e-01
5.639039039039039219e-02 6.499185844613747376e-01
5.640440440440440406e-02 6.483078735391721859e-01
5.641841841841842287e-02 6.466958337095159992e-01
5.643243243243243473e-02 6.450824737859934821e-01
5.644644644644644660e-02 6.434678025823064029e-01
5.646046046046046540e-02 6.418518289121269982e-01
5.647447447447447727e-02 6.402345615889558639e-01
5.648848848848848914e-02 6.386160094259711872e-01
5.650250250250250794e-02 6.369961812358856390e-01
5.651651651651651981e-02 6.353750858308048199e-01
5.653053053053053167e-02 6.337527320220797122e-01
5.654454454454455048e-02 6.321291286201636828e-01
5.655855855855856235e-02 6.305042844344713737e-01
5.657257257257257421e-02 6.288782082732338186e-01
5.658658658658658608e-02 6.272509089433552232e-01
5.660060060060060488e-02 6.256223952502723007e-01
5.661461461461461675e-02 6.239926759978139392e-01
5.662862862862862862e-02 6.223617599880559847e-01
5.664264264264264742e-02 6.207296560211830183e-01
5.665665665665665929e-02 6.190963728953491341e-01
5.667067067067067115e-02 6.174619194065337213e-01
5.668468468468468302e-02 6.158263043484047961e-01
5.669869869869870183e-02 6.141895365121795569e-01
5.671271271271271369e-02 6.125516246864860515e-01
5.672672672672672556e-02 6.109125776572226219e-01
5.674074074074074436e-02 6.092724042074207924e-01
5.675475475475475623e-02 6.076311131171111546e-01
5.676876876876876810e-02 6.059887131631800372e-01
5.678278278278278690e-02 6.043452131192367238e-01
5.679679679679679877e-02 6.027006217554811141e-01
5.681081081081081063e-02 6.010549478385577293e-01
5.682482482482482944e-02 5.994082001314302577e-01
5.683883883883884131e-02 5.977603873932425538e-01
5.685285285285285317e-02 5.961115183791841909e-01
5.686686686686687198e-02 5.944616018403569013e-01
5.688088088088088384e-02 5.928106465236427924e-01
5.689489489489489571e-02 5.911586611715690109e-01
5.690890890890891451e-02 5.895056545221752931e-01
5.692292292292292638e-02 5.878516353088871771e-01
5.693693693693693825e-02 5.861966122603757823e-01
5.695095095095095011e-02 5.845405941004349071e-01
5.696496496496496892e-02 5.828835895478450269e-01
5.697897897897898079e-02 5.812256073162469505e-01
5.699299299299299265e-02 5.795666561140105921e-01
5.700700700700701146e-02 5.779067446441038536e-01
5.702102102102102332e-02 5.762458816039710552e-01
5.703503503503503519e-02 5.745840756853962672e-01
5.704904904904905399e-02 5.729213355743798530e-01
5.706306306306306586e-02 5.712576699510157896e-01
5.707707707707707773e-02 5.695930874893568863e-01
5.709109109109108959e-02 5.679275968572934374e-01
5.710510510510510840e-02 5.662612067164281004e-01
5.711911911911912026e-02 5.645939257219516616e-01
5.713313313313313213e-02 5.629257625225133621e-01
5.714714714714715094e-02 5.612567257601034365e-01
5.716116116116116280e-02 5.595868240699278795e-01
5.717517517517517467e-02 5.579160660802829907e-01
5.718918918918919347e-02 5.562444604124360259e-01
5.720320320320320534e-02 5.545720156805030721e-01
5.721721721721721721e-02 5.528987404913274784e-01
5.723123123123123601e-02 5.512246434443576204e-01
5.724524524524524788e-02 5.495497331315309930e-01
5.725925925925925974e-02 5.478740181371509754e-01
5.727327327327327855e-02 5.461975070377667052e-01
5.728728728728729042e-02 5.445202084020619449e-01
5.730130130130130228e-02 5.428421307907286275e-01
5.731531531531532109e-02 5.411632827563535031e-01
5.732932932932933295e-02 5.394836728433035633e-01
5.734334334334334482e-02 5.378033095876059155e-01
5.735735735735735669e-02 5.361222015168334298e-01
5.737137137137137549e-02 5.344403571499894978e-01
5.738538538538538736e-02 5.327577849973988977e-01
5.739939939939939922e-02 5.310744935605840045e-01
5.741341341341341803e-02 5.293904913321579864e-01
5.742742742742742990e-02 5.277057867957142268e-01
5.744144144144144176e-02 5.260203884257065310e-01
5.745545545545545363e-02 5.243343046873458757e-01
5.746946946946947243e-02 5.226475440364818370e-01
5.748348348348348430e-02 5.209601149195001168e-01
5.749749749749749617e-02 5.192720257732056366e-01
5.751151151151151497e-02 5.175832850247172878e-01
5.752552552552552684e-02 5.158939010913596857e-01
5.753953953953953870e-02 5.142038823805539227e-01
5.755355355355355751e-02 5.125132372897079902e-01
5.756756756756756938e-02 5.108219742061160806e-01
5.758158158158158124e-02 5.091301015068467883e-01
5.759559559559560005e-02 5.074376275586390816e-01
5.760960960960961191e-02 5.057445607178003844e-01
5.762362362362362378e-02 5.040509093300971077e-01
5.763763763763764258e-02 5.023566817306539534e-01
5.765165165165165445e-02 5.006618862438538820e-01
5.766566566566566632e-02 4.989665311832288674e-01
5.767967967967968512e-02 4.972706248513612537e-01
5.769369369369369699e-02 4.955741755397864989e-01
5.770770770770770886e-02 4.938771915288850400e-01
5.772172172172172766e-02 4.921796810877882566e-01
5.773573573573573953e-02 4.904816524742773853e-01
5.774974974974975139e-02 4.887831139346827114e-01
5.776376376376376326e-02 4.870840737037903101e-01
5.777777777777778206e-02 4.853845400047377412e-01
5.779179179179179393e-02 4.836845210489252866e-01
5.780580580580580580e-02 4.819840250359134215e-01
5.781981981981981766e-02 4.802830601533296107e-01
5.783383383383383647e-02 4.785816345767741065e-01
5.784784784784784833e-02 4.768797564697251357e-01
5.786186186186186020e-02 4.751774339834456962e-01
5.787587587587587901e-02 4.734746752568880779e-01
5.788988988988989087e-02 4.717714884166076539e-01
5.790390390390390274e-02 4.700678815766634600e-01
5.791791791791792154e-02 4.683638628385328739e-01
5.793193193193193341e-02 4.666594402910213546e-01
5.794594594594594528e-02 4.649546220101668514e-01
5.795995995995996408e-02 4.632494160591587584e-01
5.797397397397397595e-02 4.615438304882447662e-01
5.798798798798798781e-02 4.598378733346448755e-01
5.800200200200200662e-02 4.581315526224609691e-01
5.801601601601601849e-02 4.564248763625982086e-01
5.803003003003003035e-02 4.547178525526718862e-01
5.804404404404404916e-02 4.530104891769239361e-01
5.805805805805806102e-02 4.513027942061430542e-01
5.807207207207207289e-02 4.495947755975764348e-01
5.808608608608609170e-02 4.478864412948468376e-01
5.810010010010010356e-02 4.461777992278750382e-01
5.811411411411411543e-02 4.444688573127937303e-01
5.812812812812813423e-02 4.427596234518663132e-01
5.814214214214214610e-02 4.410501055334115073e-01
5.815615615615615797e-02 4.393403114317193103e-01
5.817017017017016983e-02 4.376302490069734485e-01
5.818418418418418864e-02 4.359199261051728835e-01
5.819819819819820050e-02 4.342093505580580381e-01
5.821221221221221237e-02 4.324985301830271966e-01
5.822622622622622424e-02 4.307874727830681150e-01
5.824024024024024304e-02 4.290761861466751426e-01
5.825425425425425491e-02 4.273646780477837193e-01
5.826826826826826677e-02 4.256529562456868310e-01
5.828228228228228558e-02 4.239410284849660093e-01
5.829629629629629745e-02 4.222289024954247183e-01
5.831031031031030931e-02 4.205165859920064197e-01
5.832432432432432812e-02 4.188040866747273494e-01
5.833833833833833998e-02 4.170914122286121239e-01
5.835235235235235185e-02 4.153785703236148041e-01
5.836636636636637065e-02 4.136655686145565558e-01
5.838038038038038252e-02 4.119524147410563719e-01
5.839439439439439439e-02 4.102391163274607400e-01
5.840840840840841319e-02 4.085256809827791935e-01
5.842242242242242506e-02 4.068121163006216401e-01
5.843643643643643693e-02 4.050984298591261412e-01
5.845045045045045573e-02 4.033846292209000706e-01
5.846446446446446760e-02 4.016707219329559431e-01
5.847847847847847946e-02 3.999567155266457452e-01
5.849249249249249827e-02 3.982426175176005390e-01
5.850650650650651013e-02 3.965284354056717864e-01
5.852052052052052200e-02 3.948141766748650139e-01
5.853453453453454081e-02 3.930998487932825802e-01
5.854854854854855267e-02 3.913854592130706633e-01
5.856256256256256454e-02 3.896710153703490387e-01
5.857657657657657641e-02 3.879565246851642835e-01
5.859059059059058827e-02 3.862419945614266048e-01
5.860460460460460708e-02 3.845274323868566047e-01
5.861861861861861894e-02 3.828128455329340429e-01
5.863263263263263081e-02 3.810982413548339998e-01
5.864664664664664961e-02 3.793836271913803015e-01
5.866066066066066148e-02 3.776690103649949504e-01
5.867467467467467335e-02 3.759543981816383940e-01
5.868868868868869215e-02 3.742397979307652833e-01
5.870270270270270402e-02 3.725252168852724588e-01
5.871671671671671588e-02 3.708106623014478798e-01
5.873073073073073469e-02 3.690961414189240508e-01
5.874474474474474656e-02 3.673816614606305042e-01
5.875875875875875842e-02 3.656672296327465044e-01
5.877277277277277723e-02 3.639528531246531973e-01
5.878678678678678909e-02 3.622385391088928097e-01
5.880080080080080096e-02 3.605242947411212429e-01
5.881481481481481977e-02 3.588101271600644959e-01
5.882882882882883163e-02 3.570960434874815848e-01
5.884284284284284350e-02 3.553820508281153590e-01
5.885685685685686230e-02 3.536681562696561421e-01
5.887087087087087417e-02 3.519543668827048721e-01
5.888488488488488604e-02 3.502406897207296921e-01
5.889889889889890484e-02 3.485271318200280355e-01
5.891291291291291671e-02 3.468137001996957625e-01
5.892692692692692857e-02 3.451004018615849711e-01
5.894094094094094044e-02 3.433872437902718566e-01
5.895495495495495925e-02 3.416742329530239597e-01
5.896896896896897111e-02 3.399613762997664157e-01
5.898298298298298298e-02 3.382486807630490921e-01
5.899699699699699484e-02 3.365361532580178339e-01
5.901101101101101365e-02 3.348238006823821555e-01
5.902502502502502552e-02 3.331116299163912609e-01
5.903903903903903738e-02 3.313996478228011799e-01
5.905305305305305619e-02 3.296878612468507885e-01
5.906706706706706805e-02 3.279762770162382157e-01
5.908108108108107992e-02 3.262649019410936435e-01
5.909509509509509873e-02 3.245537428139560476e-01
5.910910910910911059e-02 3.228428064097561001e-01
5.912312312312312246e-02 3.211320994857893574e-01
5.913713713713714126e-02 3.194216287816996069e-01
5.915115115115115313e-02 3.177114010194630467e-01
5.916516516516516500e-02 3.160014229033656918e-01
5.917917917917918380e-02 3.142917011199903854e-01
5.919319319319319567e-02 3.125822423382070281e-01
5.920720720720720753e-02 3.108730532091502075e-01
5.922122122122122634e-02 3.091641403662134246e-01
5.923523523523523820e-02 3.074555104250399906e-01
5.924924924924925007e-02 3.057471699835075940e-01
5.926326326326326888e-02 3.040391256217279681e-01
5.927727727727728074e-02 3.023313839020356775e-01
5.929129129129129261e-02 3.006239513689863974e-01
5.930530530530531141e-02 2.989168345493513068e-01
5.931931931931932328e-02 2.972100399521201419e-01
5.933333333333333515e-02 2.955035740684950341e-01
5.934734734734734701e-02 2.937974433718967271e-01
5.936136136136136582e-02 2.920916543179672975e-01
5.937537537537537768e-02 2.903862133445750393e-01
5.938938938938938955e-02 2.886811268718215140e-01
5.940340340340340142e-02 2.869764013020490445e-01
5.941741741741742022e-02 2.852720430198532608e-01
5.943143143143143209e-02 2.835680583920969222e-01
5.944544544544544395e-02 2.818644537679196316e-01
5.945945945945946276e-02 2.801612354787583747e-01
5.947347347347347463e-02 2.784584098383685036e-01
5.948748748748748649e-02 2.767559831428376693e-01
5.950150150150150530e-02 2.750539616706147994e-01
5.951551551551551716e-02 2.733523516825334676e-01
5.952952952952952903e-02 2.716511594218412040e-01
5.954354354354354784e-02 2.699503911142259738e-01
5.955755755755755970e-02 2.682500529678548684e-01
5.957157157157157157e-02 2.665501511734045259e-01
5.958558558558559037e-02 2.648506919040995999e-01
5.959959959959960224e-02 2.631516813157594448e-01
5.961361361361361411e-02 2.614531255468339754e-01
5.962762762762763291e-02 2.597550307184560703e-01
5.964164164164164478e-02 2.580574029344893106e-01
5.965565565565565664e-02 2.563602482815821593e-01
5.966966966966967545e-02 2.546635728292231948e-01
5.968368368368368732e-02 2.529673826298031170e-01
5.969769769769769918e-02 2.512716837186761976e-01
5.971171171171171105e-02 2.495764821142284484e-01
5.972572572572572985e-02 2.478817838179487587e-01
5.973973973973974172e-02 2.461875948145073323e-01
5.975375375375375359e-02 2.444939210718279077e-01
5.976776776776776545e-02 2.428007685411799343e-01
5.978178178178178426e-02 2.411081431572587308e-01
5.979579579579579612e-02 2.394160508382888741e-01
5.980980980980980799e-02 2.377244974861115745e-01
5.982382382382382680e-02 2.360334889862933938e-01
5.983783783783783866e-02 2.343430312082381284e-01
5.985185185185185053e-02 2.326531300052936402e-01
5.986586586586586933e-02 2.309637912148782557e-01
5.987987987987988120e-02 2.292750206586040285e-01
5.989389389389389307e-02 2.275868241424106875e-01
5.990790790790791187e-02 2.258992074567036934e-01
5.992192192192192374e-02 2.242121763765060893e-01
5.993593593593593560e-02 2.225257366616041066e-01
5.994994994994995441e-02 2.208398940567150859e-01
5.996396396396396627e-02 2.191546542916575357e-01
5.997797797797797814e-02 2.174700230815249657e-01
5.999199199199199695e-02 2.157860061268770946e-01
6.000600600600600881e-02 2.141026091139367482e-01
6.002002002002002068e-02 2.124198377147929473e-01
6.003403403403403948e-02 2.107376975876203984e-01
6.004804804804805135e-02 2.090561943769106978e-01
6.006206206206206322e-02 2.073753337137035635e-01
6.007607607607608202e-02 2.056951212158435460e-01
6.009009009009009389e-02 2.040155624882463714e-01
6.010410410410410575e-02 2.023366631231705570e-01
6.011811811811811762e-02 2.006584287005140355e-01
6.013213213213213643e-02 1.989808647881166626e-01
6.014614614614614829e-02 1.973039769420888989e-01
6.016016016016016016e-02 1.956277707071442939e-01
6.017417417417417203e-02 1.939522516169592259e-01
6.018818818818819083e-02 1.922774251945478796e-01
6.020220220220220270e-02 1.906032969526592347e-01
6.021621621621621456e-02 1.889298723941884306e-01
6.023023023023023337e-02 1.872571570126181917e-01
6.024424424424424523e-02 1.855851562924796805e-01
6.025825825825825710e-02 1.839138757098383314e-01
6.027227227227227591e-02 1.822433207328043037e-01
6.028628628628628777e-02 1.805734968220768788e-01
6.030030030030029964e-02 1.789044094315116185e-01
6.031431431431431844e-02 1.772360640087213002e-01
6.032832832832833031e-02 1.755684659957149896e-01
6.034234234234234218e-02 1.739016208295650068e-01
6.035635635635636098e-02 1.722355339431165533e-01
6.037037037037037285e-02 1.705702107657401378e-01
6.038438438438438471e-02 1.689056567241211948e-01
6.039839839839840352e-02 1.672418772430974143e-01
6.041241241241241539e-02 1.655788777465522221e-01
6.042642642642642725e-02 1.639166636583504755e-01
6.044044044044044606e-02 1.622552404033353879e-01
6.045445445445445792e-02 1.605946134083888477e-01
6.046846846846846979e-02 1.589347881035486909e-01
6.048248248248248859e-02 1.572757699231995820e-01
6.049649649649650046e-02 1.556175643073402781e-01
6.051051051051051233e-02 1.539601767029220858e-01
6.052452452452452419e-02 1.523036125652793005e-01
6.053853853853853606e-02 1.506478773596500176e-01
6.055255255255255487e-02 1.489929765627912850e-01
6.056656656656656673e-02 1.473389156647071097e-01
6.058058058058057860e-02 1.456857001704825461e-01
6.059459459459459740e-02 1.440333356022433231e-01
6.060860860860860927e-02 1.423818275012563861e-01
6.062262262262262114e-02 1.407311814301547837e-01
6.063663663663663994e-02 1.390814029753373038e-01
6.065065065065065181e-02 1.374324977495221811e-01
6.066466466466466367e-02 1.357844713944855730e-01
6.067867867867868248e-02 1.341373295839963509e-01
6.069269269269269435e-02 1.324910780269659694e-01
6.070670670670670621e-02 1.308457224708220457e-01
6.072072072072072502e-02 1.292012687051373732e-01
6.073473473473473688e-02 1.275577225655382674e-01
6.074874874874874875e-02 1.259150899378925492e-01
6.076276276276276755e-02 1.242733767628389357e-01
6.077677677677677942e-02 1.226325890406615993e-01
6.079079079079079129e-02 1.209927328365486415e-01
6.080480480480481009e-02 1.193538142862772128e-01
6.081881881881882196e-02 1.177158396023602061e-01
6.083283283283283382e-02 1.160788150806948971e-01
6.084684684684685263e-02 1.144427471077723302e-01
6.086086086086086450e-02 1.128076421684996583e-01
6.087487487487487636e-02 1.111735068546844257e-01
6.088888888888888823e-02 1.095403478742712766e-01
6.090290290290290703e-02 1.079081720613894874e-01
6.091691691691691890e-02 1.062769863873056914e-01
6.093093093093093077e-02 1.046467979723744307e-01
6.094494494494494263e-02 1.030176140990945732e-01
6.095895895895896144e-02 1.013894422263985490e-01
6.097297297297297330e-02 9.976229000530512092e-02
6.098698698698698517e-02 9.813616529608924777e-02
6.100100100100100398e-02 9.651107618715126790e-02
6.101501501501501584e-02 9.488703101578258026e-02
6.102902902902902771e-02 9.326403839104376037e-02
6.104304304304304651e-02 9.164210721902157908e-02
6.105705705705705838e-02 9.002124673076383754e-02
6.107107107107107025e-02 8.840146651320382465e-02
6.108508508508508905e-02 8.678277654348202919e-02
6.109909909909910092e-02 8.516518722709785771e-02
6.111311311311311278e-02 8.354870944038893243e-02
6.112712712712713159e-02 8.193335457793854415e-02
6.114114114114114346e-02 8.031913460558334772e-02
6.115515515515515532e-02 7.870606211979920552e-02
6.116916916916917413e-02 7.709415041439517113e-02
6.118318318318318599e-02 7.548341355557189325e-02
6.119719719719719786e-02 7.387386646659940825e-02
6.121121121121121667e-02 7.226552502357612429e-02
6.122522522522522853e-02 7.065840616401201923e-02
6.123923923923924040e-02 6.905252801025205112e-02
6.125325325325325920e-02 6.744791001019342924e-02
6.126726726726727107e-02 6.584457309816370285e-02
6.128128128128128294e-02 6.424253987940391208e-02
6.129529529529529480e-02 6.264183484230807786e-02
6.130930930930931361e-02 6.104248460339067872e-02
6.132332332332332547e-02 5.944451819102340023e-02
6.133733733733733734e-02 5.784796737525769311e-02
6.135135135135134921e-02 5.625286705271605875e-02
6.136536536536536801e-02 5.465925569752582563e-02
6.137937937937937988e-02 5.306717589189739737e-02
6.139339339339339174e-02 5.147667495316693431e-02
6.140740740740741055e-02 4.988780567837916569e-02
6.142142142142142242e-02 4.830062723281923487e-02
6.143543543543543428e-02 4.671520621593042849e-02
6.144944944944945309e-02 4.513161794718480169e-02
6.146346346346346495e-02 4.354994802650553193e-02
6.147747747747747682e-02 4.197029423981771951e-02
6.149149149149149562e-02 4.039276890173818663e-02
6.150550550550550749e-02 3.881750175636940192e-02
6.151951951951951936e-02 3.724464359675290492e-02
6.153353353353353816e-02 3.567437081823971595e-02
6.154754754754755003e-02 3.410689119740400316e-02
6.156156156156156189e-02 3.254245129618018456e-02
6.157557557557558070e-02 3.098134604573163364e-02
6.158958958958959257e-02 2.942393128948274719e-02
6.160360360360360443e-02 2.787064039654984365e-02
6.161761761761762324e-02 2.632200655411210538e-02
6.163163163163163510e-02 2.477598651758191814e-02
6.164564564564564697e-02 2.322922080448555290e-02
6.165965965965965884e-02 2.168397247310973469e-02
6.167367367367367764e-02 2.014127036526088335e-02
6.168768768768768951e-02 1.860629569549560741e-02
6.170170170170170137e-02 1.707651565489867393e-02
6.171571571571571324e-02 1.556281279517309282e-02
6.172972972972973205e-02 1.406454293986291772e-02
6.174374374374374391e-02 1.259718225052479379e-02
6.175775775775775578e-02 1.116207829793136423e-02
6.177177177177177458e-02 9.788551665478952696e-03
6.178578578578578645e-02 8.497471348533170571e-03
6.179979979979979832e-02 7.332540321678071571e-03
6.181381381381381712e-02 6.370976152111963199e-03
6.182782782782782899e-02 5.708804119298903704e-03
6.184184184184184085e-02 5.469560579979069158e-03
6.185585585585585966e-02 5.444272876824209594e-03
6.186986986986987153e-02 5.772249880276795163e-03
6.188388388388388339e-02 6.512515144398267619e-03
6.189789789789790220e-02 7.541281565664550296e-03
6.191191191191191406e-02 8.735716752206162949e-03
6.192592592592592593e-02 1.005221538545276842e-02
6.193993993993994474e-02 1.145115439996608787e-02
6.195395395395395660e-02 1.288648544397910482e-02
6.196796796796796847e-02 1.435344810313571307e-02
6.198198198198198727e-02 1.584573676894205849e-02
6.199599599599599914e-02 1.734681757317289158e-02
6.201001001001001101e-02 1.885999560335143224e-02
6.202402402402402981e-02 2.037344163332689001e-02
6.203803803803804168e-02 2.189027126262060516e-02
6.205205205205205354e-02 2.340303022940642269e-02
6.206606606606606541e-02 2.491465256667531325e-02
6.208008008008008421e-02 2.642306807748657366e-02
6.209409409409409608e-02 2.793312106967659261e-02
6.210810810810810795e-02 2.944534633350109898e-02
6.212212212212211981e-02 3.095924152156940418e-02
6.213613613613613862e-02 3.247439729859860624e-02
6.215015015015015049e-02 3.399047681496802226e-02
6.216416416416416235e-02 3.550720035282304426e-02
6.217817817817818116e-02 3.702433369455399720e-02
6.219219219219219302e-02 3.854167920751165599e-02
6.220620620620620489e-02 4.005906893641051486e-02
6.222022022022022369e-02 4.157635919746370534e-02
6.223423423423423556e-02 4.309342630831744514e-02
6.224824824824824743e-02 4.461016318590781127e-02
6.226226226226226623e-02 4.612647661391382908e-02
6.227627627627627810e-02 4.764228503147320548e-02
6.229029029029028997e-02 4.915751673110931724e-02
6.230430430430430877e-02 5.067210838040864251e-02
6.231831831831832064e-02 5.218600380177371156e-02
6.233233233233233250e-02 5.369915295930378224e-02
6.234634634634635131e-02 5.521151111302085440e-02
6.236036036036036317e-02 5.672303810912398409e-02
6.237437437437437504e-02 5.823369778148479448e-02
6.238838838838839385e-02 5.974345744458418178e-02
6.240240240240240571e-02 6.125228746204075536e-02
6.241641641641641758e-02 6.276016087792619935e-02
6.243043043043042944e-02 6.426705310046990083e-02
6.244444444444444825e-02 6.577294162969422875e-02
6.245845845845846012e-02 6.727780582202139148e-02
6.247247247247247198e-02 6.878162668615186992e-02
6.248648648648648385e-02 7.028438670545952838e-02
6.250050050050050265e-02 7.178606968298911761e-02
6.251451451451452146e-02 7.328666060576585761e-02
6.252852852852852639e-02 7.478614552567626472e-02
6.254254254254254519e-02 7.628451145460790617e-02
6.255655655655656400e-02 7.778174627188497170e-02
6.257057057057056892e-02 7.927783864236982725e-02
6.258458458458458773e-02 8.077277794381926279e-02
6.259859859859859266e-02 8.226655420227926840e-02
6.261261261261261146e-02 8.375915803453909403e-02
6.262662662662663027e-02 8.525058059671382360e-02
6.264064064064064907e-02 8.674081353825177643e-02
6.265465465465465400e-02 8.822984896067495586e-02
6.266866866866867281e-02 8.971767938052636893e-02
6.268268268268267773e-02 9.120429769599310010e-02
6.269669669669669654e-02 9.268969715683163246e-02
6.271071071071071534e-02 9.417387133717798620e-02
6.272472472472472027e-02 9.565681411095493247e-02
6.273873873873873908e-02 9.713851962958157393e-02
6.275275275275275788e-02 9.861898230172463919e-02
6.276676676676676281e-02 1.000981967748979656e-01
6.278078078078078161e-02 1.015761579187062086e-01
6.279479479479480042e-02 1.030528608095544613e-01
6.280880880880880535e-02 1.045283007166897121e-01
6.282282282282282415e-02 1.060024730894437023e-01
6.283683683683684296e-02 1.074753735455310083e-01
6.285085085085084788e-02 1.089469978603366668e-01
6.286486486486486669e-02 1.104173419570784187e-01
6.287887887887888549e-02 1.118864018977511060e-01
6.289289289289289042e-02 1.133541738748072014e-01
6.290690690690690923e-02 1.148206542034887756e-01
6.292092092092092803e-02 1.162858393147410269e-01
6.293493493493493296e-02 1.177497257486841697e-01
6.294894894894895176e-02 1.192123101485734332e-01
6.296296296296297057e-02 1.206735892552001088e-01
6.297697697697697550e-02 1.221335599017157464e-01
6.299099099099099430e-02 1.235922190088304951e-01
6.300500500500499923e-02 1.250495635803459682e-01
6.301901901901901804e-02 1.265055906990192602e-01
6.303303303303303684e-02 1.279602975227022710e-01
6.304704704704705565e-02 1.294136812807553938e-01
6.306106106106106057e-02 1.308657392707032185e-01
6.307507507507507938e-02 1.323164688551208557e-01
6.308908908908908431e-02 1.337658674587126617e-01
6.310310310310310311e-02 1.352139325656046276e-01
6.311711711711712192e-02 1.366606617167898940e-01
6.313113113113112684e-02 1.381060525077535406e-01
6.314514514514514565e-02 1.395501025862484201e-01
6.315915915915916445e-02 1.409928096501949224e-01
6.317317317317316938e-02 1.424341714457262598e-01
6.318718718718718819e-02 1.438741857653518808e-01
6.320120120120120699e-02 1.453128504462187220e-01
6.321521521521521192e-02 1.467501633684913931e-01
6.322922922922923072e-02 1.481861224538234822e-01
6.324324324324324953e-02 1.496207256639100203e-01
6.325725725725725446e-02 1.510539709991328416e-01
6.327127127127127326e-02 1.524858564972849384e-01
6.328528528528529207e-02 1.539163802323529062e-01
6.329929929929929699e-02 1.553455403133791046e-01
6.331331331331331580e-02 1.567733348833883766e-01
6.332732732732733461e-02 1.581997621183601488e-01
6.334134134134133953e-02 1.596248202262646743e-01
6.335535535535535834e-02 1.610485074461549260e-01
6.336936936936937714e-02 1.624708220472923792e-01
6.338338338338338207e-02 1.638917623283280556e-01
6.339739739739740088e-02 1.653113266165296136e-01
6.341141141141140580e-02 1.667295132670283953e-01
6.342542542542542461e-02 1.681463206621305051e-01
6.343943943943944341e-02 1.695617472106369927e-01
6.345345345345346222e-02 1.709757913472141899e-01
6.346746746746746715e-02 1.723884515317856969e-01
6.348148148148148595e-02 1.737997262489597849e-01
6.349549549549549088e-02 1.752096140074731190e-01
6.350950950950950968e-02 1.766181133396759750e-01
6.352352352352352849e-02 1.780252228010226201e-01
6.353753753753753342e-02 1.794309409695982738e-01
6.355155155155155222e-02 1.808352664456671921e-01
6.356556556556557103e-02 1.822381978512286893e-01
6.357957957957957595e-02 1.836397338296030801e-01
6.359359359359359476e-02 1.850398730450380502e-01
6.360760760760761356e-02 1.864386141823161369e-01
6.362162162162161849e-02 1.878359559463941009e-01
6.363563563563563730e-02 1.892318970620557872e-01
6.364964964964965610e-02 1.906264362735660411e-01
6.366366366366366103e-02 1.920195723443502700e-01
6.367767767767767983e-02 1.934113040566907415e-01
6.369169169169169864e-02 1.948016302114175258e-01
6.370570570570570357e-02 1.961905496276254157e-01
6.371971971971972237e-02 1.975780611424031441e-01
6.373373373373374118e-02 1.989641636105569655e-01
6.374774774774774611e-02 2.003488559043613559e-01
6.376176176176176491e-02 2.017321369133137920e-01
6.377577577577578372e-02 2.031140055438892256e-01
6.378978978978978864e-02 2.044944607193147357e-01
6.380380380380380745e-02 2.058735013793510371e-01
6.381781781781781238e-02 2.072511264800696029e-01
6.383183183183183118e-02 2.086273349936561827e-01
6.384584584584584999e-02 2.100021259081994995e-01
6.385985985985986879e-02 2.113754982275056205e-01
6.387387387387387372e-02 2.127474509709059436e-01
6.388788788788789252e-02 2.141179831730807559e-01
6.390190190190189745e-02 2.154870938838751859e-01
6.391591591591591626e-02 2.168547821681375831e-01
6.392992992992993506e-02 2.182210471055457124e-01
6.394394394394393999e-02 2.195858877904493245e-01
6.395795795795795879e-02 2.209493033317184441e-01
6.397197197197197760e-02 2.223112928525844134e-01
6.398598598598598253e-02 2.236718554904943146e-01
6.400000000000000133e-02 2.250309903969741898e-01
