5.000000000000000278e-02 9.996907549027342910e-01
5.001401401401401464e-02 9.991458971416017354e-01
5.002802802802803345e-02 9.985980663845817062e-01
5.004204204204204531e-02 9.980472621710351211e-01
5.005605605605605718e-02 9.974934840710968365e-01
5.007007007007007598e-02 9.969367316860270334e-01
5.008408408408408785e-02 9.963770046469971886e-01
5.009809809809809972e-02 9.958143026169994361e-01
5.011211211211211158e-02 9.952486252896306507e-01
5.012612612612613039e-02 9.946799723894399481e-01
5.014014014014014226e-02 9.941083436719609923e-01
5.015415415415415412e-02 9.935337389237446359e-01
5.016816816816817293e-02 9.929561579623896739e-01
5.018218218218218479e-02 9.923756006365763715e-01
5.019619619619619666e-02 9.917920668260923334e-01
5.021021021021021546e-02 9.912055564418661424e-01
5.022422422422422733e-02 9.906160694259936728e-01
5.023823823823823920e-02 9.900236057517673993e-01
5.025225225225225800e-02 9.894281654237018220e-01
5.026626626626626987e-02 9.888297484775636637e-01
5.028028028028028174e-02 9.882283549803930756e-01
5.029429429429429360e-02 9.876239850305323920e-01
5.030830830830831241e-02 9.870166387576480016e-01
5.032232232232232427e-02 9.864063163227575481e-01
5.033633633633633614e-02 9.857930179182473607e-01
5.035035035035035494e-02 9.851767437678995432e-01
5.036436436436436681e-02 9.845574941269118474e-01
5.037837837837837868e-02 9.839352692819172130e-01
5.039239239239239748e-02 9.833100695510041955e-01
5.040640640640640935e-02 9.826818952837378385e-01
5.042042042042042121e-02 9.820507468611755497e-01
5.043443443443444002e-02 9.814166246958865303e-01
5.044844844844845189e-02 9.807795292319689828e-01
5.046246246246246375e-02 9.801394609450644335e-01
5.047647647647648256e-02 9.794964203423740523e-01
5.049049049049049442e-02 9.788504079626758614e-01
5.050450450450450629e-02 9.782014243763332839e-01
5.051851851851851816e-02 9.775494701853142399e-01
5.053253253253253696e-02 9.768945460231981404e-01
5.054654654654654883e-02 9.762359688113987355e-01
5.056056056056056069e-02 9.755721665899036443e-01
5.057457457457457950e-02 9.749054062172819446e-01
5.058858858858859137e-02 9.742356884827350072e-01
5.060260260260260323e-02 9.735630142069436888e-01
5.061661661661662204e-02 9.728873842420763252e-01
5.063063063063063390e-02 9.722087994717967252e-01
5.064464464464464577e-02 9.715272608112667241e-01
5.065865865865866458e-02 9.708427692071508464e-01
5.067267267267267644e-02 9.701553256376254097e-01
5.068668668668668831e-02 9.694649311123749724e-01
5.070070070070070017e-02 9.687715866725989944e-01
5.071471471471471898e-02 9.680752933910125035e-01
5.072872872872873085e-02 9.673760523718474280e-01
5.074274274274274271e-02 9.666738647508518190e-01
5.075675675675676152e-02 9.659687316952898506e-01
5.077077077077077338e-02 9.652606544039409320e-01
5.078478478478478525e-02 9.645496341070973756e-01
5.079879879879880406e-02 9.638356720665594013e-01
5.081281281281281592e-02 9.631187695756364686e-01
5.082682682682682779e-02 9.623989279591376178e-01
5.084084084084084659e-02 9.616761485733684722e-01
5.085485485485485846e-02 9.609504328061263534e-01
5.086886886886887033e-02 9.602217820766920653e-01
5.088288288288288219e-02 9.594901978358230110e-01
5.089689689689690100e-02 9.587556815657433118e-01
5.091091091091091286e-02 9.580182347801385889e-01
5.092492492492492473e-02 9.572753909089068980e-01
5.093893893893894353e-02 9.565254234989684079e-01
5.095295295295295540e-02 9.557725544397036588e-01
5.096696696696696727e-02 9.550167854323980965e-01
5.098098098098098607e-02 9.542581182092599867e-01
5.099499499499499794e-02 9.534965545334072035e-01
5.100900900900900981e-02 9.527320961988476888e-01
5.102302302302302861e-02 9.519647450304639102e-01
5.103703703703704048e-02 9.511945028839977612e-01
5.105105105105105234e-02 9.504213716460279127e-01
5.106506506506507115e-02 9.496453532339549364e-01
5.107907907907908301e-02 9.488664495959786560e-01
5.109309309309309488e-02 9.480846627110798286e-01
5.110710710710710675e-02 9.472999945889963858e-01
5.112112112112112555e-02 9.465124472702038938e-01
5.113513513513513742e-02 9.457220228258919059e-01
5.114914914914914928e-02 9.449287233579396483e-01
5.116316316316316809e-02 9.441325509988919285e-01
5.117717717717717996e-02 9.433335079119357092e-01
5.119119119119119182e-02 9.425315962908729084e-01
5.120520520520521063e-02 9.417268183600936426e-01
5.121921921921922249e-02 9.409186460291526499e-01
5.123323323323323436e-02 9.401017275265298734e-01
5.124724724724725317e-02 9.392819744622360467e-01
5.126126126126126503e-02 9.384593892383573666e-01
5.127527527527527690e-02 9.376339742869149729e-01
5.128928928928928876e-02 9.368057320698391921e-01
5.130330330330330757e-02 9.359746650789292355e-01
5.131731731731731944e-02 9.351407758358269984e-01
5.133133133133133130e-02 9.343040668919777580e-01
5.134534534534535011e-02 9.334645408285945356e-01
5.135935935935936197e-02 9.326222002566274538e-01
5.137337337337337384e-02 9.317770478167205495e-01
5.138738738738739265e-02 9.309290861791780225e-01
5.140140140140140451e-02 9.300783180439277098e-01
5.141541541541541638e-02 9.292247461404775644e-01
5.142942942942943518e-02 9.283683732278803502e-01
5.144344344344344705e-02 9.275092020946920091e-01
5.145745745745745892e-02 9.266472355589296939e-01
5.147147147147147078e-02 9.257824764680321339e-01
5.148548548548548959e-02 9.249149276988153368e-01
5.149949949949950145e-02 9.240445921574315102e-01
5.151351351351351332e-02 9.231714727793233211e-01
5.152752752752753213e-02 9.222955725291812623e-01
5.154154154154154399e-02 9.214168944008975792e-01
5.155555555555555586e-02 9.205354414175191957e-01
5.156956956956957466e-02 9.196512166312035275e-01
5.158358358358358653e-02 9.187642231231706313e-01
5.159759759759759840e-02 9.178744640036536895e-01
5.161161161161161720e-02 9.169819424118501594e-01
5.162562562562562907e-02 9.160866615158766990e-01
5.163963963963964093e-02 9.151886245127134334e-01
5.165365365365365280e-02 9.142878346281568813e-01
5.166766766766767160e-02 9.133842951167668867e-01
5.168168168168168347e-02 9.124780092618156591e-01
5.169569569569569534e-02 9.115689803752338172e-01
5.170970970970971414e-02 9.106572117975576530e-01
5.172372372372372601e-02 9.097406692034598619e-01
5.173773773773773788e-02 9.088189710417478029e-01
5.175175175175175668e-02 9.078945628629413456e-01
5.176576576576576855e-02 9.069674481547390643e-01
5.177977977977978041e-02 9.060376304327553143e-01
5.179379379379379922e-02 9.051051132404692723e-01
5.180780780780781108e-02 9.041699001491643184e-01
5.182182182182182295e-02 9.032319947578673069e-01
5.183583583583584176e-02 9.022914006932893916e-01
5.184984984984985362e-02 9.013481216097675164e-01
5.186386386386386549e-02 9.004021611891978027e-01
5.187787787787787736e-02 8.994535231409792608e-01
5.189189189189189616e-02 8.985022112019456220e-01
5.190590590590590803e-02 8.975482291363084952e-01
5.191991991991991989e-02 8.965915807355880895e-01
5.193393393393393870e-02 8.956322698185483766e-01
5.194794794794795056e-02 8.946703002311392483e-01
5.196196196196196243e-02 8.937056758464196893e-01
5.197597597597598124e-02 8.927384005645001563e-01
5.198998998998999310e-02 8.917684783124720793e-01
5.200400400400400497e-02 8.907947969924818743e-01
5.201801801801802377e-02 8.898152314152077969e-01
5.203203203203203564e-02 8.888330511395091671e-01
5.204604604604604751e-02 8.878482602287010028e-01
5.206006006006005937e-02 8.868608627723086890e-01
5.207407407407407818e-02 8.858708628859958134e-01
5.208808808808809004e-02 8.848782647114943334e-01
5.210210210210210191e-02 8.838830724165305242e-01
5.211611611611612072e-02 8.828852901947508158e-01
5.213013013013013258e-02 8.818849222656535147e-01
5.214414414414414445e-02 8.808819728745086453e-01
5.215815815815816325e-02 8.798764462922863405e-01
5.217217217217217512e-02 8.788683468155836787e-01
5.218618618618618699e-02 8.778576787665443026e-01
5.220020020020020579e-02 8.768444464927849236e-01
5.221421421421421766e-02 8.758286543669943081e-01
5.222822822822822952e-02 8.748097217654969837e-01
5.224224224224224833e-02 8.737864448680965346e-01
5.225625625625626020e-02 8.727606330790972367e-01
5.227027027027027206e-02 8.717322908863729403e-01
5.228428428428428393e-02 8.707014228025548030e-01
5.229829829829830273e-02 8.696680333646411576e-01
5.231231231231231460e-02 8.686321271351590267e-01
5.232632632632632647e-02 8.675937087002190129e-01
5.234034034034034527e-02 8.665527826706755921e-01
5.235435435435435714e-02 8.655093536817354272e-01
5.236836836836836900e-02 8.644634263925728979e-01
5.238238238238238781e-02 8.634150054874439872e-01
5.239639639639639968e-02 8.623640956738093388e-01
5.241041041041041154e-02 8.613107016834453677e-01
5.242442442442442341e-02 8.602548282720574591e-01
5.243843843843844221e-02 8.591964802191994766e-01
5.245245245245245408e-02 8.581356623281828355e-01
5.246646646646646595e-02 8.570721901836252377e-01
5.248048048048048475e-02 8.560046722545319176e-01
5.249449449449449662e-02 8.549347082695099020e-01
5.250850850850850848e-02 8.538623031350731640e-01
5.252252252252252729e-02 8.527874617808641755e-01
5.253653653653653915e-02 8.517101891595693086e-01
5.255055055055055102e-02 8.506304902468226903e-01
5.256456456456456983e-02 8.495483700411206041e-01
5.257857857857858169e-02 8.484638335637314510e-01
5.259259259259259356e-02 8.473768858586028241e-01
5.260660660660661236e-02 8.462875319922702477e-01
5.262062062062062423e-02 8.451957770537696923e-01
5.263463463463463610e-02 8.441016261545387644e-01
5.264864864864864796e-02 8.430050844283299982e-01
5.266266266266266677e-02 8.419061570311139331e-01
5.267667667667667863e-02 8.408048491407306146e-01
5.269069069069069050e-02 8.397011659578252907e-01
5.270470470470470931e-02 8.385951127042075015e-01
5.271871871871872117e-02 8.374866946237891074e-01
5.273273273273273304e-02 8.363759169822277961e-01
5.274674674674675184e-02 8.352627850665873543e-01
5.276076076076076371e-02 8.341461256560162019e-01
5.277477477477477558e-02 8.330240669611207460e-01
5.278878878878879438e-02 8.318996936622367055e-01
5.280280280280280625e-02 8.307730111489772806e-01
5.281681681681681811e-02 8.296440248316313548e-01
5.283083083083082998e-02 8.285127401410690151e-01
5.284484484484484879e-02 8.273791625286417428e-01
5.285885885885886065e-02 8.262432974660843810e-01
5.287287287287287252e-02 8.251051504454177676e-01
5.288688688688689132e-02 8.239647269788463735e-01
5.290090090090090319e-02 8.228220325986642658e-01
5.291491491491491506e-02 8.216770728571481941e-01
5.292892892892893386e-02 8.205298533264621108e-01
5.294294294294294573e-02 8.193803795985575844e-01
5.295695695695695759e-02 8.182286572850684392e-01
5.297097097097097640e-02 8.170746920172106131e-01
5.298498498498498827e-02 8.159184894456869008e-01
5.299899899899900013e-02 8.147568839551974085e-01
5.301301301301301894e-02 8.135917772044950480e-01
5.302702702702703080e-02 8.124244766733815792e-01
5.304104104104104267e-02 8.112549881020026943e-01
5.305505505505505454e-02 8.100833172489325662e-01
5.306906906906907334e-02 8.089094698910719305e-01
5.308308308308308521e-02 8.077334518235449456e-01
5.309709709709709707e-02 8.065552688595939435e-01
5.311111111111111588e-02 8.053749268304776221e-01
5.312512512512512775e-02 8.041924315851586291e-01
5.313913913913913961e-02 8.030077889910308686e-01
5.315315315315315842e-02 8.018210049325660282e-01
5.316716716716717028e-02 8.006320853120438841e-01
5.318118118118118215e-02 7.994410360492345546e-01
5.319519519519519402e-02 7.982478630812974707e-01
5.320920920920921282e-02 7.970525723626723513e-01
5.322322322322322469e-02 7.958551698649775075e-01
5.323723723723723655e-02 7.946556615768990417e-01
5.325125125125125536e-02 7.934540535040857101e-01
5.326526526526526722e-02 7.922488258556386054e-01
5.327927927927927909e-02 7.910414280133651888e-01
5.329329329329329790e-02 7.898319587785969098e-01
5.330730730730730976e-02 7.886204242261312114e-01
5.332132132132132163e-02 7.874068304469871160e-01
5.333533533533534043e-02 7.861911835482975341e-01
5.334934934934935230e-02 7.849734896532056805e-01
5.336336336336336417e-02 7.837537549007514981e-01
5.337737737737738297e-02 7.825319854457677415e-01
5.339139139139139484e-02 7.813081874587717301e-01
5.340540540540540670e-02 7.800823671258551029e-01
5.341941941941942551e-02 7.788545306485751274e-01
5.343343343343343738e-02 7.776246842438505613e-01
5.344744744744744924e-02 7.763928341438456338e-01
5.346146146146146111e-02 7.751589865958665726e-01
5.347547547547547991e-02 7.739231478622496940e-01
5.348948948948949178e-02 7.726853242202547101e-01
5.350350350350350365e-02 7.714455219619503756e-01
5.351751751751752245e-02 7.702037473941094614e-01
5.353153153153153432e-02 7.689600068380980646e-01
5.354554554554554618e-02 7.677143066297641427e-01
5.355955955955956499e-02 7.664666531193254917e-01
5.357357357357357686e-02 7.652170526712672727e-01
5.358758758758758872e-02 7.639655116642223298e-01
5.360160160160160059e-02 7.627120364908658301e-01
5.361561561561561939e-02 7.614566335578039080e-01
5.362962962962963126e-02 7.601993092854634204e-01
5.364364364364364313e-02 7.589400701079790368e-01
5.365765765765766193e-02 7.576789224730834382e-01
5.367167167167167380e-02 7.564158728419987376e-01
5.368568568568568566e-02 7.551509276893204614e-01
5.369969969969970447e-02 7.538840935029090806e-01
5.371371371371371634e-02 7.526153767837807651e-01
5.372772772772772820e-02 7.513447840459908100e-01
5.374174174174174701e-02 7.500723218165258332e-01
5.375575575575575887e-02 7.487979966351933081e-01
5.376976976976977074e-02 7.475218150545038798e-01
5.378378378378378954e-02 7.462437836395677815e-01
5.379779779779780141e-02 7.449639089679770398e-01
5.381181181181181328e-02 7.436821976296953407e-01
5.382582582582582514e-02 7.423986562269474510e-01
5.383983983983984395e-02 7.411132913741038664e-01
5.385385385385385582e-02 7.398261096975754514e-01
5.386786786786786768e-02 7.385371178355437660e-01
5.388188188188188649e-02 7.372463224384508962e-01
5.389589589589589835e-02 7.359537301679944798e-01
5.390990990990991022e-02 7.346593476976052139e-01
5.392392392392392902e-02 7.333631817121907259e-01
5.393793793793794089e-02 7.320652389080238853e-01
5.395195195195195276e-02 7.307655259926272295e-01
5.396596596596596462e-02 7.294640496846633848e-01
5.397997997997998343e-02 7.281608167138212684e-01
5.399399399399399530e-02 7.268558338207051772e-01
5.400800800800800716e-02 7.255491077567233216e-01
5.402202202202202597e-02 7.242406452839725839e-01
5.403603603603603783e-02 7.229304531751307161e-01
5.405005005005004970e-02 7.216185382133398774e-01
5.406406406406406850e-02 7.203049071920976099e-01
5.407807807807808037e-02 7.189895669151444846e-01
5.409209209209209224e-02 7.176725241963505253e-01
5.410610610610611104e-02 7.163537858596029650e-01
5.412012012012012291e-02 7.150333587386992207e-01
5.413413413413413477e-02 7.137112496772278769e-01
5.414814814814815358e-02 7.123874655284608837e-01
5.416216216216216545e-02 7.110620131552440881e-01
5.417617617617617731e-02 7.097348994298795510e-01
5.419019019019019612e-02 7.084061312340174110e-01
5.420420420420420798e-02 7.070757154585469717e-01
5.421821821821821985e-02 7.057436590034790180e-01
5.423223223223223172e-02 7.044099687778402341e-01
5.424624624624625052e-02 7.030746516999880624e-01
5.426026026026026239e-02 7.017377146957793910e-01
5.427427427427427425e-02 7.003991647010439081e-01
5.428828828828829306e-02 6.990590086597482378e-01
5.430230230230230493e-02 6.977172535243189033e-01
5.431631631631631679e-02 6.963739062554051840e-01
5.433033033033033560e-02 6.950289738222618086e-01
5.434434434434434746e-02 6.936824632019019665e-01
5.435835835835835933e-02 6.923343813794761159e-01
5.437237237237237120e-02 6.909847353480405019e-01
5.438638638638639000e-02 6.896335321084461345e-01
5.440040040040040187e-02 6.882807786692308749e-01
5.441441441441441373e-02 6.869264820465067478e-01
5.442842842842843254e-02 6.855706492638506955e-01
5.444244244244244441e-02 6.842132873521979963e-01
5.445645645645645627e-02 6.828544033497297994e-01
5.447047047047047508e-02 6.814940043017638782e-01
5.448448448448448694e-02 6.801320972606481607e-01
5.449849849849849881e-02 6.787686892856493737e-01
5.451251251251251762e-02 6.774037874428456840e-01
5.452652652652652948e-02 6.760373988050187855e-01
5.454054054054054135e-02 6.746695304515426539e-01
5.455455455455456015e-02 6.733001894682777433e-01
5.456856856856857202e-02 6.719293829474665136e-01
5.458258258258258389e-02 6.705571179876170795e-01
5.459659659659660269e-02 6.691834016934032903e-01
5.461061061061061456e-02 6.678082411755558168e-01
5.462462462462462642e-02 6.664316435507517955e-01
5.463863863863863829e-02 6.650536159415125770e-01
5.465265265265265709e-02 6.636741654760932585e-01
5.466666666666666896e-02 6.622932992883808767e-01
5.468068068068068083e-02 6.609110245177829412e-01
5.469469469469469963e-02 6.595273483091248501e-01
5.470870870870871150e-02 6.581422778125448625e-01
5.472272272272272337e-02 6.567558201833872955e-01
5.473673673673673523e-02 6.553679825820969418e-01
5.475075075075075404e-02 6.539787721741158188e-01
5.476476476476476590e-02 6.525881961297780309e-01
5.477877877877877777e-02 6.511962616242062962e-01
5.479279279279279657e-02 6.498029758372040332e-01
5.480680680680680844e-02 6.484083459531598814e-01
5.482082082082082031e-02 6.470123791609357911e-01
5.483483483483483911e-02 6.456150826537675469e-01
5.484884884884885098e-02 6.442164636291648483e-01
5.486286286286286284e-02 6.428165292888038396e-01
5.487687687687688165e-02 6.414152868384257467e-01
5.489089089089089352e-02 6.400127434877407318e-01
5.490490490490490538e-02 6.386089064503188695e-01
5.491891891891892419e-02 6.372037829434937795e-01
5.493293293293293605e-02 6.357973801882598197e-01
5.494694694694694792e-02 6.343897054091736099e-01
5.496096096096096673e-02 6.329807658342510024e-01
5.497497497497497859e-02 6.315705686948704933e-01
5.498898898898899046e-02 6.301591212256713037e-01
5.500300300300300232e-02 6.287464306644560130e-01
5.501701701701702113e-02 6.273325042520905281e-01
5.503103103103103300e-02 6.259173492324086041e-01
5.504504504504504486e-02 6.245009728521108139e-01
5.505905905905906367e-02 6.230833823606671817e-01
5.507307307307307553e-02 6.216645850102250348e-01
5.508708708708708740e-02 6.202445880555044200e-01
5.510110110110110621e-02 6.188233987537086200e-01
5.511511511511511807e-02 6.174010243644260099e-01
5.512912912912912994e-02 6.159774721495332450e-01
5.514314314314314180e-02 6.145527493731021140e-01
5.515715715715716061e-02 6.131268633013032821e-01
5.517117117117117248e-02 6.116998212023161408e-01
5.518518518518518434e-02 6.102716303462302205e-01
5.519919919919920315e-02 6.088422980049531530e-01
5.521321321321321501e-02 6.074118314521226303e-01
5.522722722722722688e-02 6.059802379630072622e-01
5.524124124124124569e-02 6.045475248144168701e-01
5.525525525525525755e-02 6.031136992846178879e-01
5.526926926926926942e-02 6.016787686532315549e-01
5.528328328328328822e-02 6.002427402011504265e-01
5.529729729729730009e-02 5.988056212104490017e-01
5.531131131131131196e-02 5.973674189642911303e-01
5.532532532532533076e-02 5.959281407468409730e-01
5.533933933933934263e-02 5.944877938431799569e-01
5.535335335335335449e-02 5.930463855392136274e-01
5.536736736736737330e-02 5.916039231215850513e-01
5.538138138138138516e-02 5.901604138775914388e-01
5.539539539539539703e-02 5.887158650950113925e-01
5.540940940940940890e-02 5.872702840623543752e-01
5.542342342342342770e-02 5.858236780681925771e-01
5.543743743743743957e-02 5.843760544017401193e-01
5.545145145145145144e-02 5.829274203521906950e-01
5.546546546546547024e-02 5.814777832089637055e-01
5.547947947947948211e-02 5.800271502615427233e-01
5.549349349349349397e-02 5.785755287993862295e-01
5.550750750750751278e-02 5.771229261118520082e-01
5.552152152152152464e-02 5.756693494881172102e-01
5.553553553553553651e-02 5.742148062170925327e-01
5.554954954954954838e-02 5.727593035873465022e-01
5.556356356356356718e-02 5.713028488870255384e-01
5.557757757757757905e-02 5.698454494037779039e-01
5.559159159159159092e-02 5.683871124246719919e-01
5.560560560560560972e-02 5.669278452361223852e-01
5.561961961961962159e-02 5.654676551238131399e-01
5.563363363363363345e-02 5.640065493726215129e-01
5.564764764764765226e-02 5.625445352665424670e-01
5.566166166166166412e-02 5.610816200886171723e-01
5.567567567567567599e-02 5.596178111213265804e-01
5.568968968968969480e-02 5.581531156446387643e-01
5.570370370370370666e-02 5.566875409387619378e-01
5.571771771771771853e-02 5.552210942821850237e-01
5.573173173173173733e-02 5.537537829520834398e-01
5.574574574574574920e-02 5.522856142242476007e-01
5.575975975975976107e-02 5.508165953730124187e-01
5.577377377377377987e-02 5.493467336711900240e-01
5.578778778778779174e-02 5.478760363900057051e-01
5.580180180180180360e-02 5.464045107990250782e-01
5.581581581581581547e-02 5.449321641660919147e-01
5.582982982982983428e-02 5.434590037572630816e-01
5.584384384384384614e-02 5.419850368367455928e-01
5.585785785785785801e-02 5.405102706668301060e-01
5.587187187187187681e-02 5.390347125078281953e-01
5.588588588588588868e-02 5.375583696180181725e-01
5.589989989989990055e-02 5.360812492535741436e-01
5.591391391391391241e-02 5.346033586685136063e-01
5.592792792792793122e-02 5.331247051146337235e-01
5.594194194194194308e-02 5.316452958414589203e-01
5.595595595595595495e-02 5.301651380961784898e-01
5.596996996996997376e-02 5.286842391235919703e-01
5.598398398398398562e-02 5.272026061660575191e-01
5.599799799799799749e-02 5.257202464634319616e-01
5.601201201201201629e-02 5.242371672530214965e-01
5.602602602602602816e-02 5.227533757695301819e-01
5.604004004004004003e-02 5.212688792450047570e-01
5.605405405405405883e-02 5.197836849087880129e-01
5.606806806806807070e-02 5.182977999874688324e-01
5.608208208208208256e-02 5.168112317048336735e-01
5.609609609609610137e-02 5.153239872818188294e-01
5.611011011011011324e-02 5.138360739364684626e-01
5.612412412412412510e-02 5.123474988838825350e-01
5.613813813813814391e-02 5.108582693361796156e-01
5.615215215215215577e-02 5.093683925024540260e-01
5.616616616616616764e-02 5.078778755887302099e-01
5.618018018018017951e-02 5.063867257979244307e-01
5.619419419419419831e-02 5.048949503298068020e-01
5.620820820820821018e-02 5.034025563809647608e-01
5.622222222222222204e-02 5.019095511447622115e-01
5.623623623623624085e-02 5.004159418113063307e-01
5.625025025025025271e-02 4.989217355674156473e-01
5.626426426426426458e-02 4.974269395965824070e-01
5.627827827827828339e-02 4.959315610789449269e-01
5.629229229229229525e-02 4.944356071912573425e-01
5.630630630630630712e-02 4.929390851068572998e-01
5.632032032032031899e-02 4.914420019956416974e-01
5.633433433433433779e-02 4.899443650240387638e-01
5.634834834834834966e-02 4.884461813549852982e-01
5.636236236236236152e-02 4.869474581479005804e-01
5.637637637637638033e-02 4.854482025586653315e-01
5.639039039039039219e-02 4.839484217396045618e-01
5.640440440440440406e-02 4.824481228394627008e-01
5.641841841841842287e-02 4.809473130033902755e-01
5.643243243243243473e-02 4.794459993729290881e-01
5.644644644644644660e-02 4.779441890859935094e-01
5.646046046046046540e-02 4.764418892768596536e-01
5.647447447447447727e-02 4.749391070761578848e-01
5.648848848848848914e-02 4.734358496108584391e-01
5.650250250250250794e-02 4.719321240042634313e-01
5.651651651651651981e-02 4.704279373760076322e-01
5.653053053053053167e-02 4.689232968420444236e-01
5.654454454454455048e-02 4.674182095146514615e-01
5.655855855855856235e-02 4.659126825024248464e-01
5.657257257257257421e-02 4.644067229102828986e-01
5.658658658658658608e-02 4.629003378394674351e-01
5.660060060060060488e-02 4.613935343875485429e-01
5.661461461461461675e-02 4.598863196484337390e-01
5.662862862862862862e-02 4.583787007123170665e-01
5.664264264264264742e-02 4.568706846659161269e-01
5.665665665665665929e-02 4.553622785921494498e-01
5.667067067067067115e-02 4.538534895703721928e-01
5.668468468468468302e-02 4.523443246763394487e-01
5.669869869869870183e-02 4.508347909822240651e-01
5.671271271271271369e-02 4.493248955566403469e-01
5.672672672672672556e-02 4.478146454646636521e-01
5.674074074074074436e-02 4.463040477678574813e-01
5.675475475475475623e-02 4.447931095243044530e-01
5.676876876876876810e-02 4.432818377886328376e-01
5.678278278278278690e-02 4.417702396120490871e-01
5.679679679679679877e-02 4.402583220423783028e-01
5.681081081081081063e-02 4.387460921240948775e-01
5.682482482482482944e-02 4.372335568983668486e-01
5.683883883883884131e-02 4.357207234030997522e-01
5.685285285285285317e-02 4.342075986729799220e-01
5.686686686686687198e-02 4.326941897395205627e-01
5.688088088088088384e-02 4.311805036311191497e-01
5.689489489489489571e-02 4.296665473731043905e-01
5.690890890890891451e-02 4.281523279877967880e-01
5.692292292292292638e-02 4.266378524945681483e-01
5.693693693693693825e-02 4.251231279099023097e-01
5.695095095095095011e-02 4.236081612474602021e-01
5.696496496496496892e-02 4.220929595181527882e-01
5.697897897897898079e-02 4.205775297302075111e-01
5.699299299299299265e-02 4.190618788892476188e-01
5.700700700700701146e-02 4.175460139983681596e-01
5.702102102102102332e-02 4.160299420582193597e-01
5.703503503503503519e-02 4.145136700670903895e-01
5.704904904904905399e-02 4.129972050209983481e-01
5.706306306306306586e-02 4.114805539137839085e-01
5.707707707707707773e-02 4.099637237372022458e-01
5.709109109109108959e-02 4.084467214810263980e-01
5.710510510510510840e-02 4.069295541331493515e-01
5.711911911911912026e-02 4.054122286796953967e-01
5.713313313313313213e-02 4.038947521051259870e-01
5.714714714714715094e-02 4.023771313923585335e-01
5.716116116116116280e-02 4.008593735228896393e-01
5.717517517517517467e-02 3.993414854769138933e-01
5.718918918918919347e-02 3.978234742334551544e-01
5.720320320320320534e-02 3.963053467704543698e-01
5.721721721721721721e-02 3.947871100650934828e-01
5.723123123123123601e-02 3.932687710936565995e-01
5.724524524524524788e-02 3.917503368318663859e-01
5.725925925925925974e-02 3.902318142549882074e-01
5.727327327327327855e-02 3.887132103379877246e-01
5.728728728728729042e-02 3.871945320556973158e-01
5.730130130130130228e-02 3.856757863829770594e-01
5.731531531531532109e-02 3.841569802948947010e-01
5.732932932932933295e-02 3.826381207669037887e-01
5.734334334334334482e-02 3.811192147750254722e-01
5.735735735735735669e-02 3.796002692960403491e-01
5.737137137137137549e-02 3.780812913076874726e-01
5.738538538538538736e-02 3.765622877888670228e-01
5.739939939939939922e-02 3.750432657198468078e-01
5.741341341341341803e-02 3.735242320824776474e-01
5.742742742742742990e-02 3.720051938604230224e-01
5.744144144144144176e-02 3.704861580393778442e-01
5.745545545545545363e-02 3.689671316073129259e-01
5.746946946946947243e-02 3.674481215547131807e-01
5.748348348348348430e-02 3.659291348748335282e-01
5.749749749749749617e-02 3.644101785639516367e-01
5.751151151151151497e-02 3.628912596216358200e-01
5.752552552552552684e-02 3.613723850510238700e-01
5.753953953953953870e-02 3.598535618590979479e-01
5.755355355355355751e-02 3.583347970569776275e-01
5.756756756756756938e-02 3.568160976602240964e-01
5.758158158158158124e-02 3.552974706891403600e-01
5.759559559559560005e-02 3.537789231690930958e-01
5.760960960960961191e-02 3.522604621308400019e-01
5.762362362362362378e-02 3.507420946108627535e-01
5.763763763763764258e-02 3.492238276517127815e-01
5.765165165165165445e-02 3.477056683023726502e-01
5.766566566566566632e-02 3.461876236186162692e-01
5.767967967967968512e-02 3.446697006633896443e-01
5.769369369369369699e-02 3.431519065071991226e-01
5.770770770770770886e-02 3.416342482285090743e-01
5.772172172172172766e-02 3.401167329141540074e-01
5.773573573573573953e-02 3.385993676597648938e-01
5.774974974974975139e-02 3.370821595701995466e-01
5.776376376376376326e-02 3.355651157599932044e-01
5.777777777777778206e-02 3.340482433538202178e-01
5.779179179179179393e-02 3.325315494869718336e-01
5.780580580580580580e-02 3.310150413058379204e-01
5.781981981981981766e-02 3.294987259684149516e-01
5.783383383383383647e-02 3.279826106448214817e-01
5.784784784784784833e-02 3.264667025178338289e-01
5.786186186186186020e-02 3.249510087834302507e-01
5.787587587587587901e-02 3.234355366513572694e-01
5.788988988988989087e-02 3.219202933457114835e-01
5.790390390390390274e-02 3.204052861060753821e-01
5.791791791791792154e-02 3.188905221859720807e-01
5.793193193193193341e-02 3.173760088567438298e-01
5.794594594594594528e-02 3.158617534060391696e-01
5.795995995995996408e-02 3.143477631390240168e-01
5.797397397397397595e-02 3.128340453790793285e-01
5.798798798798798781e-02 3.113206074685047064e-01
5.800200200200200662e-02 3.098074567692545300e-01
5.801601601601601849e-02 3.082946006642415804e-01
5.803003003003003035e-02 3.067820465559271126e-01
5.804404404404404916e-02 3.052698018703951521e-01
5.805805805805806102e-02 3.037578740559990220e-01
5.807207207207207289e-02 3.022462705847494546e-01
5.808608608608609170e-02 3.007349989531932777e-01
5.810010010010010356e-02 2.992240666833140827e-01
5.811411411411411543e-02 2.977134813234595390e-01
5.812812812812813423e-02 2.962032504492969065e-01
5.814214214214214610e-02 2.946933816648006910e-01
5.815615615615615797e-02 2.931838826032669987e-01
5.817017017017016983e-02 2.916747609283609211e-01
5.818418418418418864e-02 2.901660243351916746e-01
5.819819819819820050e-02 2.886576805514317612e-01
5.821221221221221237e-02 2.871497373384556684e-01
5.822622622622622424e-02 2.856422024925269754e-01
5.824024024024024304e-02 2.841350838460134920e-01
5.825425425425425491e-02 2.826283892686483612e-01
5.826826826826826677e-02 2.811221266688211928e-01
5.828228228228228558e-02 2.796163039949172702e-01
5.829629629629629745e-02 2.781109292366983343e-01
5.831031031031030931e-02 2.766060104267217268e-01
5.832432432432432812e-02 2.751015556418102137e-01
5.833833833833833998e-02 2.735975730045681065e-01
5.835235235235235185e-02 2.720940706849420687e-01
5.836636636636637065e-02 2.705910569018366574e-01
5.838038038038038252e-02 2.690885399247805454e-01
5.839439439439439439e-02 2.675865280756434816e-01
5.840840840840841319e-02 2.660850297304155343e-01
5.842242242242242506e-02 2.645840533210412904e-01
5.843643643643643693e-02 2.630836073373116757e-01
5.845045045045045573e-02 2.615837003288204454e-01
5.846446446446446760e-02 2.600843409069926171e-01
5.847847847847847946e-02 2.585855377471637517e-01
5.849249249249249827e-02 2.570872995907450553e-01
5.850650650650651013e-02 2.555896352474565369e-01
5.852052052052052200e-02 2.540925535976276128e-01
5.853453453453454081e-02 2.525959115009682177e-01
5.854854854854855267e-02 2.510990361256765224e-01
5.856256256256256454e-02 2.496027710797610322e-01
5.857657657657657641e-02 2.481071256443142525e-01
5.859059059059058827e-02 2.466121091854648617e-01
5.860460460460460708e-02 2.451177311572548811e-01
5.861861861861861894e-02 2.436240011046157672e-01
5.863263263263263081e-02 2.421293855141218032e-01
5.864664664664664961e-02 2.406343387768416497e-01
5.866066066066066148e-02 2.391399720280197871e-01
5.867467467467467335e-02 2.376462954618331624e-01
5.868868868868869215e-02 2.361533193846737377e-01
5.870270270270270402e-02 2.346607911147604308e-01
5.871671671671671588e-02 2.331667975316442654e-01
5.873073073073073469e-02 2.316735393766128914e-01
5.874474474474474656e-02 2.301810276767768948e-01
5.875875875875875842e-02 2.286892735966149781e-01
5.877277277277277723e-02 2.271982884427067306e-01
5.878678678678678909e-02 2.257080836686437553e-01
5.880080080080080096e-02 2.242180563781456526e-01
5.881481481481481977e-02 2.227284510542428819e-01
5.882882882882883163e-02 2.212396631547900727e-01
5.884284284284284350e-02 2.197517048692379793e-01
5.885685685685686230e-02 2.182645885635254579e-01
5.887087087087087417e-02 2.167775728232805843e-01
5.888488488488488604e-02 2.152908715988851029e-01
5.889889889889890484e-02 2.138050531883717298e-01
5.891291291291291671e-02 2.123201308518912755e-01
5.892692692692692857e-02 2.108358955808965762e-01
5.894094094094094044e-02 2.093504536882228040e-01
5.895495495495495925e-02 2.078659539911179022e-01
5.896896896896897111e-02 2.063824108655885614e-01
5.898298298298298298e-02 2.048998389379155793e-01
5.899699699699699484e-02 2.034182530937815592e-01
5.901101101101101365e-02 2.019359546391993609e-01
5.902502502502502552e-02 2.004540359727021992e-01
5.903903903903903738e-02 1.989731552743479459e-01
5.905305305305305619e-02 1.974933287823531503e-01
5.906706706706706805e-02 1.960145730513209450e-01
5.908108108108107992e-02 1.945369049641085812e-01
5.909509509509509873e-02 1.930603417442030290e-01
5.910910910910911059e-02 1.915849009686250159e-01
5.912312312312312246e-02 1.901106005813856248e-01
5.913713713713714126e-02 1.886342994452029076e-01
5.915115115115115313e-02 1.871590784567590537e-01
5.916516516516516500e-02 1.856850624100007396e-01
5.917917917917918380e-02 1.842122711486215703e-01
5.919319319319319567e-02 1.827403259019255988e-01
5.920720720720720753e-02 1.812667112726100149e-01
5.922122122122122634e-02 1.797943920490968628e-01
5.923523523523523820e-02 1.783233902583696295e-01
5.924924924924925007e-02 1.768537284629002615e-01
5.926326326326326888e-02 1.753854297822549091e-01
5.927727727727728074e-02 1.739179850286727835e-01
5.929129129129129261e-02 1.724510421557370055e-01
5.930530530530531141e-02 1.709855388289804323e-01
5.931931931931932328e-02 1.695215007388739814e-01
5.933333333333333515e-02 1.680589542587487828e-01
5.934734734734734701e-02 1.665979264770546531e-01
5.936136136136136582e-02 1.651384452249992918e-01
5.937537537537537768e-02 1.636805391086540162e-01
5.938938938938938955e-02 1.622242375419940263e-01
5.940340340340340142e-02 1.607695707815738062e-01
5.941741741741742022e-02 1.593165699629151555e-01
5.943143143143143209e-02 1.578625089592411435e-01
5.944544544544544395e-02 1.564083827486110467e-01
5.945945945945946276e-02 1.549545314953402753e-01
5.947347347347347463e-02 1.534989443867476600e-01
5.948748748748748649e-02 1.520452126215486033e-01
5.950150150150150530e-02 1.505933739676922345e-01
5.951551551551551716e-02 1.491434674053973841e-01
5.952952952952952903e-02 1.476955331827730089e-01
5.954354354354354784e-02 1.462496128743905610e-01
5.955755755755755970e-02 1.448057494429849379e-01
5.957157157157157157e-02 1.433639873044738056e-01
5.958558558558559037e-02 1.419243340456214086e-01
5.959959959959960224e-02 1.404853286050282146e-01
5.961361361361361411e-02 1.390485685148528938e-01
5.962762762762763291e-02 1.376141047396053918e-01
5.964164164164164478e-02 1.361819900813901751e-01
5.965565565565565664e-02 1.347522792697928018e-01
5.966966966966967545e-02 1.333250290568632201e-01
5.968368368368368732e-02 1.319002983174792087e-01
5.969769769769769918e-02 1.304781481554440903e-01
5.971171171171171105e-02 1.290586420156898950e-01
5.972572572572572985e-02 1.276367317731009476e-01
5.973973973973974172e-02 1.262167467656437891e-01
5.975375375375375359e-02 1.247956612792052583e-01
5.976776776776776545e-02 1.233774922641175109e-01
5.978178178178178426e-02 1.219623162992217735e-01
5.979579579579579612e-02 1.205502131298530205e-01
5.980980980980980799e-02 1.191412658369688515e-01
5.982382382382382680e-02 1.177355610166331001e-01
5.983783783783783866e-02 1.163331889704953409e-01
5.985185185185185053e-02 1.149342439080052874e-01
5.986586586586586933e-02 1.135388241611672011e-01
5.987987987987988120e-02 1.121470324126633000e-01
5.989389389389389307e-02 1.107589759382471006e-01
5.990790790790791187e-02 1.093747668643716836e-01
5.992192192192192374e-02 1.079945224420817002e-01
5.993593593593593560e-02 1.066183653382460766e-01
5.994994994994995441e-02 1.052464239453155398e-01
5.996396396396396627e-02 1.038788327108318837e-01
5.997797797797797814e-02 1.025103906455076541e-01
5.999199199199199695e-02 1.011453710742846734e-01
6.000600600600600881e-02 9.978510814678837049e-02
6.002002002002002068e-02 9.842976276279286063e-02
6.003403403403403948e-02 9.707950384304410429e-02
6.004804804804805135e-02 9.572755833470412978e-02
6.006206206206206322e-02 9.437843402955621575e-02
6.007607607607608202e-02 9.303488180233446259e-02
6.009009009009009389e-02 9.169710479084855481e-02
6.010410410410410575e-02 9.036531683817830563e-02
6.011811811811811762e-02 8.903974315744128676e-02
6.013213213213213643e-02 8.772062104008039596e-02
6.014614614614614829e-02 8.640820061025090981e-02
6.016016016016016016e-02 8.510274562792888298e-02
6.017417417417417203e-02 8.380453434340204288e-02
6.018818818818819083e-02 8.251386040579856973e-02
6.020220220220220270e-02 8.123103382825969110e-02
6.021621621621621456e-02 7.995638201227507624e-02
6.023023023023023337e-02 7.869025083353216321e-02
6.024424424424424523e-02 7.743300579139765494e-02
6.025825825825825710e-02 7.618503322377975784e-02
6.027227227227227591e-02 7.494674158869919778e-02
6.028628628628628777e-02 7.371856281324454252e-02
6.030030030030029964e-02 7.249342010923788548e-02
6.031431431431431844e-02 7.127501881180391130e-02
6.032832832832833031e-02 7.006797579139015242e-02
6.034234234234234218e-02 6.887282470823165303e-02
6.035635635635636098e-02 6.769013055395725620e-02
6.037037037037037285e-02 6.652049143342669835e-02
6.038438438438438471e-02 6.536454039436946639e-02
6.039839839839840352e-02 6.422294729222793874e-02
6.041241241241241539e-02 6.309642067385370923e-02
6.042642642642642725e-02 6.198570965923451415e-02
6.044044044044044606e-02 6.089160579529200729e-02
6.045445445445445792e-02 5.980051637287764343e-02
6.046846846846846979e-02 5.872646232776354558e-02
6.048248248248248859e-02 5.767129314557830483e-02
6.049649649649650046e-02 5.663597996625271969e-02
6.051051051051051233e-02 5.562154535625125212e-02
6.052452452452452419e-02 5.462906436759988604e-02
6.053853853853853606e-02 5.365966520639643689e-02
6.055255255255255487e-02 5.271452941487539401e-02
6.056656656656656673e-02 5.179489145968196179e-02
6.058058058058057860e-02 5.090203760824305729e-02
6.059459459459459740e-02 5.003730396591601209e-02
6.060860860860860927e-02 4.920207353987333249e-02
6.062262262262262114e-02 4.839777219273152381e-02
6.063663663663663994e-02 4.762586335116776592e-02
6.065065065065065181e-02 4.688394598127459262e-02
6.066466466466466367e-02 4.616621970634966765e-02
6.067867867867868248e-02 4.548506243986040476e-02
6.069269269269269435e-02 4.484202580214956962e-02
6.070670670670670621e-02 4.423865540446968170e-02
6.072072072072072502e-02 4.367647664803520069e-02
6.073473473473473688e-02 4.315697902893082111e-02
6.074874874874874875e-02 4.268159914898956436e-02
6.076276276276276755e-02 4.225170271977587294e-02
6.077677677677677942e-02 4.186856594154568512e-02
6.079079079079079129e-02 4.153335671566595055e-02
6.080480480480481009e-02 4.124711622912522607e-02
6.081881881881882196e-02 4.101074149590008822e-02
6.083283283283283382e-02 4.082496946453217229e-02
6.084684684684685263e-02 4.069036328910650979e-02
6.086086086086086450e-02 4.060730131362676881e-02
6.087487487487487636e-02 4.057573667110579013e-02
6.088888888888888823e-02 4.057358750169495071e-02
6.090290290290290703e-02 4.049702842928067786e-02
6.091691691691691890e-02 4.044855064594515826e-02
6.093093093093093077e-02 4.037200865050089016e-02
6.094494494494494263e-02 4.026570056089731620e-02
6.095895895895896144e-02 4.021264040487903396e-02
6.097297297297297330e-02 4.021295014070924018e-02
6.098698698698698517e-02 4.026653935680610252e-02
6.100100100100100398e-02 4.037310647482163922e-02
6.101501501501501584e-02 4.051732801006818763e-02
6.102902902902902771e-02 4.070821704721446638e-02
6.104304304304304651e-02 4.095018567558876554e-02
6.105705705705705838e-02 4.124224130071033056e-02
6.107107107107107025e-02 4.158323538075514580e-02
6.108508508508508905e-02 4.197188238463724075e-02
6.109909909909910092e-02 4.240677991998918067e-02
6.111311311311311278e-02 4.288642936709400472e-02
6.112712712712713159e-02 4.340925639356050386e-02
6.114114114114114346e-02 4.397363081309401539e-02
6.115515515515515532e-02 4.457788534526919283e-02
6.116916916916917413e-02 4.522033293753643240e-02
6.118318318318318599e-02 4.589928241397749770e-02
6.119719719719719786e-02 4.661305231156532419e-02
6.121121121121121667e-02 4.735998284947298687e-02
6.122522522522522853e-02 4.813844604771539554e-02
6.123923923923924040e-02 4.894685406719088278e-02
6.125325325325325920e-02 4.978366588429995743e-02
6.126726726726727107e-02 5.064739244108186489e-02
6.128128128128128294e-02 5.153660042795372986e-02
6.129529529529529480e-02 5.244991486273110209e-02
6.130930930930931361e-02 5.338602062874875376e-02
6.132332332332332547e-02 5.433113961020681615e-02
6.133733733733733734e-02 5.529090144578554383e-02
6.135135135135134921e-02 5.627027723754578215e-02
6.136536536536536801e-02 5.726818430193421350e-02
6.137937937937937988e-02 5.827897829991816880e-02
6.139339339339339174e-02 5.929671757812920996e-02
6.140740740740741055e-02 6.033035254726751284e-02
6.142142142142142242e-02 6.137900609807394464e-02
6.143543543543543428e-02 6.244184856804302353e-02
6.144944944944945309e-02 6.351809573739290726e-02
6.146346346346346495e-02 6.460700677059542929e-02
6.147747747747747682e-02 6.570788213728308291e-02
6.149149149149149562e-02 6.682006153984282326e-02
6.150550550550550749e-02 6.794292186937540834e-02
6.151951951951951936e-02 6.907587520691482741e-02
6.153353353353353816e-02 7.021836688176869012e-02
6.154754754754755003e-02 7.136987360215429899e-02
6.156156156156156189e-02 7.252990165041445225e-02
6.157557557557558070e-02 7.369798516623694840e-02
6.158958958958959257e-02 7.487368450598314018e-02
6.160360360360360443e-02 7.605658468480103185e-02
6.161761761761762324e-02 7.724629390030143816e-02
6.163163163163163510e-02 7.844244213662146525e-02
6.164564564564564697e-02 7.964467984699054315e-02
6.165965965965965884e-02 8.085267671236479048e-02
6.167367367367367764e-02 8.206612047334117810e-02
6.168768768768768951e-02 8.328471583228505559e-02
6.170170170170170137e-02 8.450818342245534909e-02
6.171571571571571324e-02 8.573625884080993131e-02
6.172972972972973205e-02 8.695963586748652052e-02
6.174374374374374391e-02 8.818498855037211481e-02
6.175775775775775578e-02 8.941433520938445179e-02
6.177177177177177458e-02 9.064735359554294825e-02
6.178578578578578645e-02 9.187095819485632808e-02
6.179979979979979832e-02 9.309803422364411329e-02
6.181381381381381712e-02 9.432839368330091234e-02
6.182782782782782899e-02 9.556185782711706933e-02
6.184184184184184085e-02 9.679825663251834245e-02
6.185585585585585966e-02 9.803742830582813650e-02
6.186986986986987153e-02 9.927921881755295830e-02
6.188388388388388339e-02 1.005234814663006765e-01
6.189789789789790220e-02 1.017700764695210341e-01
6.191191191191191406e-02 1.030188705793793347e-01
6.192592592592592593e-02 1.042697367221783189e-01
6.193993993993994474e-02 1.055225536598049657e-01
6.195395395395395660e-02 1.067772056718027662e-01
6.196796796796796847e-02 1.080335822567530524e-01
6.198198198198198727e-02 1.092915778517106890e-01
6.199599599599599914e-02 1.105510915673931643e-01
6.201001001001001101e-02 1.118120269449080911e-01
6.202402402402402981e-02 1.130742917158277100e-01
6.203803803803804168e-02 1.143377975875566888e-01
6.205205205205205354e-02 1.156024600359348564e-01
6.206606606606606541e-02 1.168605148705697955e-01
6.208008008008008421e-02 1.181194094368658853e-01
6.209409409409409608e-02 1.193792452456562264e-01
6.210810810810810795e-02 1.206380419862808917e-01
6.212212212212211981e-02 1.218940256907835723e-01
6.213613613613613862e-02 1.231507533537209848e-01
6.215015015015015049e-02 1.244081615813716485e-01
6.216416416416416235e-02 1.256661894737979845e-01
6.217817817817818116e-02 1.269247785052118604e-01
6.219219219219219302e-02 1.281838724097155990e-01
6.220620620620620489e-02 1.294434170792944649e-01
6.222022022022022369e-02 1.307033604554985740e-01
6.223423423423423556e-02 1.319636524387111653e-01
6.224824824824824743e-02 1.332242447952631803e-01
6.226226226226226623e-02 1.344850910767362295e-01
6.227627627627627810e-02 1.357461465314971638e-01
6.229029029029028997e-02 1.370073680328296739e-01
6.230430430430430877e-02 1.382687140049200236e-01
6.231831831831832064e-02 1.395299227918047058e-01
6.233233233233233250e-02 1.407862028545373845e-01
6.234634634634635131e-02 1.420424914040069597e-01
6.236036036036036317e-02 1.432987526279121404e-01
6.237437437437437504e-02 1.445538021116197502e-01
6.238838838838839385e-02 1.458026431842429638e-01
6.240240240240240571e-02 1.470513543033385440e-01
6.241641641641641758e-02 1.482999046617617667e-01
6.243043043043042944e-02 1.495482644705987962e-01
6.244444444444444825e-02 1.507964049172289267e-01
6.245845845845846012e-02 1.520442981254035708e-01
6.247247247247247198e-02 1.532919171172527906e-01
6.248648648648648385e-02 1.545392357770896397e-01
6.250050050050050265e-02 1.557862288169367393e-01
6.251451451451452146e-02 1.570328717436702270e-01
6.252852852852852639e-02 1.582791408277031409e-01
6.254254254254254519e-02 1.595250130731249438e-01
6.255655655655656400e-02 1.607704661892083442e-01
6.257057057057056892e-02 1.620154785632352545e-01
6.258458458458458773e-02 1.632591206096068448e-01
6.259859859859859266e-02 1.644970719419142635e-01
6.261261261261261146e-02 1.657345167105377104e-01
6.262662662662663027e-02 1.669714362232843641e-01
6.264064064064064907e-02 1.682078123326572749e-01
6.265465465465465400e-02 1.694436274158391542e-01
6.266866866866867281e-02 1.706788643555626206e-01
6.268268268268267773e-02 1.719135065217967662e-01
6.269669669669669654e-02 1.731455766183830347e-01
6.271071071071071534e-02 1.743731327183500601e-01
6.272472472472472027e-02 1.756000420733382916e-01
6.273873873873873908e-02 1.768262903035995870e-01
6.275275275275275788e-02 1.780518634222649221e-01
6.276676676676676281e-02 1.792767478217727195e-01
6.278078078078078161e-02 1.805009302608651112e-01
6.279479479479480042e-02 1.817243978521057568e-01
6.280880880880880535e-02 1.829471380499164412e-01
6.282282282282282415e-02 1.841669432418770735e-01
6.283683683683684296e-02 1.853857632260869082e-01
6.285085085085084788e-02 1.866038185076046574e-01
6.286486486486486669e-02 1.878210979946626780e-01
6.287887887887888549e-02 1.890375908789722337e-01
6.289289289289289042e-02 1.902532866265538858e-01
6.290690690690690923e-02 1.914681749689280954e-01
6.292092092092092803e-02 1.926819365186743793e-01
6.293493493493493296e-02 1.938930665062392478e-01
6.294894894894895176e-02 1.951028497429403430e-01
6.296296296296297057e-02 1.963102303309529617e-01
6.297697697697697550e-02 1.975167540593385229e-01
6.299099099099099430e-02 1.987224124235670852e-01
6.300500500500499923e-02 1.999271971229754363e-01
6.301901901901901804e-02 2.011308676717070143e-01
6.303303303303303684e-02 2.023329738465921845e-01
6.304704704704705565e-02 2.035341823251568261e-01
6.306106106106106057e-02 2.047337144332702918e-01
6.307507507507507938e-02 2.059319184451768592e-01
6.308908908908908431e-02 2.071292026319092316e-01
6.310310310310310311e-02 2.083255601249359712e-01
6.311711711711712192e-02 2.095209842119386545e-01
6.313113113113112684e-02 2.107142464794727055e-01
6.314514514514514565e-02 2.119055952620121086e-01
6.315915915915916445e-02 2.130959913825581087e-01
6.317317317317316938e-02 2.142854288869211477e-01
6.318718718718718819e-02 2.154739019521638987e-01
6.320120120120120699e-02 2.166614048829720585e-01
6.321521521521521192e-02 2.178479321081686626e-01
6.322922922922923072e-02 2.190334781773367046e-01
6.324324324324324953e-02 2.202180377575518044e-01
6.325725725725725446e-02 2.214016056302344215e-01
6.327127127127127326e-02 2.225841766881034856e-01
6.328528528528529207e-02 2.237657459322265341e-01
6.329929929929929699e-02 2.249463084691717685e-01
6.331331331331331580e-02 2.261258595082597522e-01
6.332732732732733461e-02 2.273043943588898552e-01
6.334134134134133953e-02 2.284819084279651746e-01
6.335535535535535834e-02 2.296583972174024435e-01
6.336936936936937714e-02 2.308338563217093853e-01
6.338338338338338207e-02 2.320082814256507753e-01
6.339739739739740088e-02 2.331816683019896641e-01
6.341141141141140580e-02 2.343540128092858332e-01
6.342542542542542461e-02 2.355253108897841507e-01
6.343943943943944341e-02 2.366955585673491125e-01
6.345345345345346222e-02 2.378647519454774595e-01
6.346746746746746715e-02 2.390328872053648357e-01
6.348148148148148595e-02 2.401999606040387258e-01
6.349549549549549088e-02 2.413659684725369681e-01
6.350950950950950968e-02 2.425309072141578481e-01
6.352352352352352849e-02 2.436947733027460261e-01
6.353753753753753342e-02 2.448575632810419123e-01
6.355155155155155222e-02 2.460192737590811141e-01
6.356556556556557103e-02 2.471799014126282446e-01
6.357957957957957595e-02 2.483394429816725146e-01
6.359359359359359476e-02 2.494978952689621277e-01
6.360760760760761356e-02 2.506552551385760608e-01
6.362162162162161849e-02 2.518115195145440022e-01
6.363563563563563730e-02 2.529666853795083381e-01
6.364964964964965610e-02 2.541207497734162546e-01
6.366366366366366103e-02 2.552737097922538889e-01
6.367767767767767983e-02 2.564255625868225308e-01
6.369169169169169864e-02 2.575763053615361953e-01
6.370570570570570357e-02 2.587259353732636602e-01
6.371971971971972237e-02 2.598744499302054756e-01
6.373373373373374118e-02 2.610218463907866271e-01
6.374774774774774611e-02 2.621681221625973279e-01
6.376176176176176491e-02 2.633132747013571251e-01
6.377577577577578372e-02 2.644573015099002111e-01
6.378978978978978864e-02 2.656002001371973176e-01
6.380380380380380745e-02 2.667419681774066964e-01
6.381781781781781238e-02 2.678826032689360370e-01
6.383183183183183118e-02 2.690221030935490143e-01
6.384584584584584999e-02 2.701604653754772767e-01
6.385985985985986879e-02 2.712976878805706815e-01
6.387387387387387372e-02 2.724337684154599093e-01
6.388788788788789252e-02 2.735687048267516630e-01
6.390190190190189745e-02 2.747024950002295296e-01
6.391591591591591626e-02 2.758351368600938103e-01
6.392992992992993506e-02 2.769666283682055141e-01
6.394394394394393999e-02 2.780969675233578298e-01
6.395795795795795879e-02 2.792261523605689133e-01
6.397197197197197760e-02 2.803541809503836690e-01
6.398598598598598253e-02 2.814810513981966800e-01
6.400000000000000133e-02 2.826067618436034490e-01
