5.000000000000000278e-02 9.476567475547461594e-01
5.001401401401401464e-02 9.470180179508678187e-01
5.002802802802803345e-02 9.463765068861771379e-01
5.004204204204204531e-02 9.457322151625354723e-01
5.005605605605605718e-02 9.450851436107037262e-01
5.007007007007007598e-02 9.444352930903465726e-01
5.008408408408408785e-02 9.437826644900361162e-01
5.009809809809809972e-02 9.431272587272526708e-01
5.011211211211211158e-02 9.424690767483903109e-01
5.012612612612613039e-02 9.418081195287549834e-01
5.014014014014014226e-02 9.411443880725693933e-01
5.015415415415415412e-02 9.404778834129677856e-01
5.016816816816817293e-02 9.398086066120002746e-01
5.018218218218218479e-02 9.391365587606291809e-01
5.019619619619619666e-02 9.384617409787272546e-01
5.021021021021021546e-02 9.377841544150758990e-01
5.022422422422422733e-02 9.371038002473621731e-01
5.023823823823823920e-02 9.364206796821731293e-01
5.025225225225225800e-02 9.357347939549923721e-01
5.026626626626626987e-02 9.350461443301967268e-01
5.028028028028028174e-02 9.343547321010462481e-01
5.029429429429429360e-02 9.336605585896803339e-01
5.030830830830831241e-02 9.329636251471096209e-01
5.032232232232232427e-02 9.322639331532097673e-01
5.033633633633633614e-02 9.315614840167095734e-01
5.035035035035035494e-02 9.308562791751837651e-01
5.036436436436436681e-02 9.301483200950430019e-01
5.037837837837837868e-02 9.294376082715229970e-01
5.039239239239239748e-02 9.287241452286717491e-01
5.040640640640640935e-02 9.280079325193398843e-01
5.042042042042042121e-02 9.272889717251664443e-01
5.043443443443444002e-02 9.265672644565655647e-01
5.044844844844845189e-02 9.258428123527129294e-01
5.046246246246246375e-02 9.251156170815318935e-01
5.047647647647648256e-02 9.243856803396734989e-01
5.049049049049049442e-02 9.236530038525084807e-01
5.050450450450450629e-02 9.229175893741026204e-01
5.051851851851851816e-02 9.221794386872035343e-01
5.053253253253253696e-02 9.214385536032202451e-01
5.054654654654654883e-02 9.206949359622089712e-01
5.056056056056056069e-02 9.199485876328470368e-01
5.057457457457457950e-02 9.191995105124178833e-01
5.058858858858859137e-02 9.184477065267878659e-01
5.060260260260260323e-02 9.176931776303856036e-01
5.061661661661662204e-02 9.169359258061783313e-01
5.063063063063063390e-02 9.161759530656526929e-01
5.064464464464464577e-02 9.154132614487872077e-01
5.065865865865866458e-02 9.146478530240291782e-01
5.067267267267267644e-02 9.138797298882717079e-01
5.068668668668668831e-02 9.131088941668262793e-01
5.070070070070070017e-02 9.123353480133972182e-01
5.071471471471471898e-02 9.115590936100539388e-01
5.072872872872873085e-02 9.107801331670942746e-01
5.074274274274274271e-02 9.099984689234597024e-01
5.075675675675676152e-02 9.092141031460388989e-01
5.077077077077077338e-02 9.084270381300847408e-01
5.078478478478478525e-02 9.076372761990704197e-01
5.079879879879880406e-02 9.068448197046600212e-01
5.081281281281281592e-02 9.060496710266776610e-01
5.082682682682682779e-02 9.052506344126400872e-01
5.084084084084084659e-02 9.044478357134121405e-01
5.085485485485485846e-02 9.036423620970549520e-01
5.086886886886887033e-02 9.028342160716614773e-01
5.088288288288288219e-02 9.020234001731234352e-01
5.089689689689690100e-02 9.012099169650918951e-01
5.091091091091091286e-02 9.003937690389466342e-01
5.092492492492492473e-02 8.995749590137529506e-01
5.093893893893894353e-02 8.987534895362271348e-01
5.095295295295295540e-02 8.979293632806992775e-01
5.096696696696696727e-02 8.971025829490711923e-01
5.098098098098098607e-02 8.962731512707768911e-01
5.099499499499499794e-02 8.954410710027466136e-01
5.100900900900900981e-02 8.946063449293608638e-01
5.102302302302302861e-02 8.937689758624093317e-01
5.103703703703704048e-02 8.929289666410546999e-01
5.105105105105105234e-02 8.920863201317811297e-01
5.106506506506507115e-02 8.912410392283555138e-01
5.107907907907908301e-02 8.903931268517851771e-01
5.109309309309309488e-02 8.895425859502683608e-01
5.110710710710710675e-02 8.886894194991521445e-01
5.112112112112112555e-02 8.878336305008845963e-01
5.113513513513513742e-02 8.869752219849715846e-01
5.114914914914914928e-02 8.861141970079249308e-01
5.116316316316316809e-02 8.852505586532164461e-01
5.117717717717717996e-02 8.843843100312325234e-01
5.119119119119119182e-02 8.835154542792191812e-01
5.120520520520521063e-02 8.826439945612372107e-01
5.121921921921922249e-02 8.817699340681103282e-01
5.123323323323323436e-02 8.808932760173732168e-01
5.124724724724725317e-02 8.800140236531392990e-01
5.126126126126126503e-02 8.791309103966397087e-01
5.127527527527527690e-02 8.782415055758587830e-01
5.128928928928928876e-02 8.773495405782414380e-01
5.130330330330330757e-02 8.764550187824119432e-01
5.131731731731731944e-02 8.755579435929092824e-01
5.133133133133133130e-02 8.746583184401279798e-01
5.134534534534535011e-02 8.737561467802653636e-01
5.135935935935936197e-02 8.728514320952638350e-01
5.137337337337337384e-02 8.719441778927521369e-01
5.138738738738739265e-02 8.710343877059893991e-01
5.140140140140140451e-02 8.701220650938065182e-01
5.141541541541541638e-02 8.692072136405465388e-01
5.142942942942943518e-02 8.682898369560043683e-01
5.144344344344344705e-02 8.673699386753691565e-01
5.145745745745745892e-02 8.664475224591613456e-01
5.147147147147147078e-02 8.655225919931729406e-01
5.148548548548548959e-02 8.645951509884036712e-01
5.149949949949950145e-02 8.636652031810022612e-01
5.151351351351351332e-02 8.627327523321991487e-01
5.152752752752753213e-02 8.617978022282472006e-01
5.154154154154154399e-02 8.608603566803557650e-01
5.155555555555555586e-02 8.599204195246250571e-01
5.156956956956957466e-02 8.589779946219832096e-01
5.158358358358358653e-02 8.580330858581205478e-01
5.159759759759759840e-02 8.570856971434210880e-01
5.161161161161161720e-02 8.561358324128999220e-01
5.162562562562562907e-02 8.551792547711305481e-01
5.163963963963964093e-02 8.542198522730940491e-01
5.165365365365365280e-02 8.532580103482773071e-01
5.166766766766767160e-02 8.522937330491069385e-01
5.168168168168168347e-02 8.513270244518105212e-01
5.169569569569569534e-02 8.503578886563442074e-01
5.170970970970971414e-02 8.493863297863255557e-01
5.172372372372372601e-02 8.484123519889614773e-01
5.173773773773773788e-02 8.474359594349770708e-01
5.175175175175175668e-02 8.464571563185431247e-01
5.176576576576576855e-02 8.454759468572072834e-01
5.177977977977978041e-02 8.444923352918156656e-01
5.179379379379379922e-02 8.435063258864436975e-01
5.180780780780781108e-02 8.425179229283225046e-01
5.182182182182182295e-02 8.415271307277626400e-01
5.183583583583584176e-02 8.405339536180801430e-01
5.184984984984985362e-02 8.395383959555244857e-01
5.186386386386386549e-02 8.385404621191971941e-01
5.187787787787787736e-02 8.375401565109814594e-01
5.189189189189189616e-02 8.365374835554615363e-01
5.190590590590590803e-02 8.355324476998498007e-01
5.191991991991991989e-02 8.345250534139062593e-01
5.193393393393393870e-02 8.335153051898602783e-01
5.194794794794795056e-02 8.325032075423360878e-01
5.196196196196196243e-02 8.314887650082716242e-01
5.197597597597598124e-02 8.304719821468371510e-01
5.198998998998999310e-02 8.294528635393619842e-01
5.200400400400400497e-02 8.284314137892482277e-01
5.201801801801802377e-02 8.274076375218928359e-01
5.203203203203203564e-02 8.263815393846074553e-01
5.204604604604604751e-02 8.253531240465374896e-01
5.206006006006005937e-02 8.243223961985772785e-01
5.207407407407407818e-02 8.232893605532916048e-01
5.208808808808809004e-02 8.222540218448318727e-01
5.210210210210210191e-02 8.212163848288528412e-01
5.211611611611612072e-02 8.201764542824292459e-01
5.213013013013013258e-02 8.191342350039744202e-01
5.214414414414414445e-02 8.180897318131514773e-01
5.215815815815816325e-02 8.170429495507930406e-01
5.217217217217217512e-02 8.159938930788160905e-01
5.218618618618618699e-02 8.149425672801328124e-01
5.220020020020020579e-02 8.138889770585705508e-01
5.221421421421421766e-02 8.128331273387818801e-01
5.222822822822822952e-02 8.117750230661581190e-01
5.224224224224224833e-02 8.107117277139457290e-01
5.225625625625626020e-02 8.096461756563816392e-01
5.227027027027027206e-02 8.085784027005082919e-01
5.228428428428428393e-02 8.075084138774785147e-01
5.229829829829830273e-02 8.064362142383821874e-01
5.231231231231231460e-02 8.053618088541621978e-01
5.232632632632632647e-02 8.042852028155224042e-01
5.234034034034034527e-02 8.032064012328403724e-01
5.235435435435435714e-02 8.021254092360796673e-01
5.236836836836836900e-02 8.010422319746982600e-01
5.238238238238238781e-02 7.999568746175573786e-01
5.239639639639639968e-02 7.988693423528360205e-01
5.241041041041041154e-02 7.977796403879370279e-01
5.242442442442442341e-02 7.966877739493968269e-01
5.243843843843844221e-02 7.955937482827949436e-01
5.245245245245245408e-02 7.944975686526638547e-01
5.246646646646646595e-02 7.933992403423942852e-01
5.248048048048048475e-02 7.922987686541453911e-01
5.249449449449449662e-02 7.911961589087177504e-01
5.250850850850850848e-02 7.900914164456006583e-01
5.252252252252252729e-02 7.889845466226688142e-01
5.253653653653653915e-02 7.878755548161939792e-01
5.255055055055055102e-02 7.867644464208574107e-01
5.256456456456456983e-02 7.856512268494451057e-01
5.257857857857858169e-02 7.845359015328970953e-01
5.259259259259259356e-02 7.834184759201741066e-01
5.260660660660661236e-02 7.822965324414049570e-01
5.262062062062062423e-02 7.811722098889516408e-01
5.263463463463463610e-02 7.800458226114472815e-01
5.264864864864864796e-02 7.789173761259992057e-01
5.266266266266266677e-02 7.777868759668993270e-01
5.267667667667667863e-02 7.766543276855302214e-01
5.269069069069069050e-02 7.755197368502684263e-01
5.270470470470470931e-02 7.743831090463890732e-01
5.271871871871872117e-02 7.732444498759720730e-01
5.273273273273273304e-02 7.721037649578035289e-01
5.274674674674675184e-02 7.709610599272823661e-01
5.276076076076076371e-02 7.698163404363227436e-01
5.277477477477477558e-02 7.686696121532575754e-01
5.278878878878879438e-02 7.675208807627416085e-01
5.280280280280280625e-02 7.663701519656569427e-01
5.281681681681681811e-02 7.652174314790129994e-01
5.283083083083082998e-02 7.640627250358493772e-01
5.284484484484484879e-02 7.629060383851418159e-01
5.285885885885886065e-02 7.617473772917023878e-01
5.287287287287287252e-02 7.605867475360814645e-01
5.288688688688689132e-02 7.594241549144687964e-01
5.290090090090090319e-02 7.582591706329850911e-01
5.291491491491491506e-02 7.570912747599115589e-01
5.292892892892893386e-02 7.559214442912854937e-01
5.294294294294294573e-02 7.547496850801229673e-01
5.295695695695695759e-02 7.535760029943877614e-01
5.297097097097097640e-02 7.524004039168931124e-01
5.298498498498498827e-02 7.512228937452070099e-01
5.299899899899900013e-02 7.500434783915481685e-01
5.301301301301301894e-02 7.488621637826921029e-01
5.302702702702703080e-02 7.476789558598704311e-01
5.304104104104104267e-02 7.464938605786716197e-01
5.305505505505505454e-02 7.453068839089420639e-01
5.306906906906907334e-02 7.441180318346876099e-01
5.308308308308308521e-02 7.429273103539763001e-01
5.309709709709709707e-02 7.417347254788334565e-01
5.311111111111111588e-02 7.405402832351479780e-01
5.312512512512512775e-02 7.393439896625717545e-01
5.313913913913913961e-02 7.381458508144168595e-01
5.315315315315315842e-02 7.369458727575591839e-01
5.316716716716717028e-02 7.357440615723395139e-01
5.318118118118118215e-02 7.345404233524602811e-01
5.319519519519519402e-02 7.333349642048883066e-01
5.320920920920921282e-02 7.321276902497537709e-01
5.322322322322322469e-02 7.309186076202534021e-01
5.323723723723723655e-02 7.297077224625455605e-01
5.325125125125125536e-02 7.284940963737411845e-01
5.326526526526526722e-02 7.272786772096966335e-01
5.327927927927927909e-02 7.260614823500863846e-01
5.329329329329329790e-02 7.248425179853662526e-01
5.330730730730730976e-02 7.236217903183076450e-01
5.332132132132132163e-02 7.223993055638960881e-01
5.333533533533534043e-02 7.211750699492295302e-01
5.334934934934935230e-02 7.199490897134235290e-01
5.336336336336336417e-02 7.187213711075071121e-01
5.337737737737738297e-02 7.174919203943241897e-01
5.339139139139139484e-02 7.162607438484369649e-01
5.340540540540540670e-02 7.150278477560206847e-01
5.341941941941942551e-02 7.137932384147690490e-01
5.343343343343343738e-02 7.125569221337921810e-01
5.344744744744744924e-02 7.113189052335163742e-01
5.346146146146146111e-02 7.100791940455876139e-01
5.347547547547547991e-02 7.088377949127674382e-01
5.348948948948949178e-02 7.075947141888394576e-01
5.350350350350350365e-02 7.063499582385034392e-01
5.351751751751752245e-02 7.051035334372804941e-01
5.353153153153153432e-02 7.038554461714122690e-01
5.354554554554554618e-02 7.026057028377620250e-01
5.355955955955956499e-02 7.013543098437141632e-01
5.357357357357357686e-02 7.001012736070778564e-01
5.358758758758758872e-02 6.988466005559841321e-01
5.360160160160160059e-02 6.975902971287916143e-01
5.361561561561561939e-02 6.963323697739821627e-01
5.362962962962963126e-02 6.950728249500686129e-01
5.364364364364364313e-02 6.938116691254896384e-01
5.365765765765766193e-02 6.925489087785154929e-01
5.367167167167167380e-02 6.912845503971485339e-01
5.368568568568568566e-02 6.900186004790239691e-01
5.369969969969970447e-02 6.887494689865737429e-01
5.371371371371371634e-02 6.874784171416702394e-01
5.372772772772772820e-02 6.862058138618547520e-01
5.374174174174174701e-02 6.849316656566551975e-01
5.375575575575575887e-02 6.836559790443883511e-01
5.376976976976977074e-02 6.823787605520582611e-01
5.378378378378378954e-02 6.811000167152644336e-01
5.379779779779780141e-02 6.798197540781062420e-01
5.381181181181181328e-02 6.785379791930827853e-01
5.382582582582582514e-02 6.772546986209999620e-01
5.383983983983984395e-02 6.759699189308742140e-01
5.385385385385385582e-02 6.746836466998396009e-01
5.386786786786786768e-02 6.733958885130481020e-01
5.388188188188188649e-02 6.721066509635774677e-01
5.389589589589589835e-02 6.708159406523370727e-01
5.390990990990991022e-02 6.695237641879713264e-01
5.392392392392392902e-02 6.682301281867658593e-01
5.393793793793794089e-02 6.669350392725547083e-01
5.395195195195195276e-02 6.656385040766239491e-01
5.396596596596596462e-02 6.643405292376213245e-01
5.397997997997998343e-02 6.630411214014566568e-01
5.399399399399399530e-02 6.617402872212040377e-01
5.400800800800800716e-02 6.604380333570549766e-01
5.402202202202202597e-02 6.591343664761473153e-01
5.403603603603603783e-02 6.578292932525291459e-01
5.405005005005004970e-02 6.565228203670492313e-01
5.406406406406406850e-02 6.552149545072644132e-01
5.407807807807808037e-02 6.539057023673550129e-01
5.409209209209209224e-02 6.525950706480243557e-01
5.410610610610611104e-02 6.512820041944981098e-01
5.412012012012012291e-02 6.499669625410523510e-01
5.413413413413413477e-02 6.486505834628345513e-01
5.414814814814815358e-02 6.473328736482615309e-01
5.416216216216216545e-02 6.460138397914553243e-01
5.417617617617617731e-02 6.446934885921516978e-01
5.419019019019019612e-02 6.433718267556142179e-01
5.420420420420420798e-02 6.420488609925463219e-01
5.421821821821821985e-02 6.407245980190021672e-01
5.423223223223223172e-02 6.393990445563015879e-01
5.424624624624625052e-02 6.380722073309411657e-01
5.426026026026026239e-02 6.367440930745106309e-01
5.427427427427427425e-02 6.354147085236037107e-01
5.428828828828829306e-02 6.340840604197327535e-01
5.430230230230230493e-02 6.327521555092462391e-01
5.431631631631631679e-02 6.314190005432397390e-01
5.433033033033033560e-02 6.300846022774735378e-01
5.434434434434434746e-02 6.287489674722887001e-01
5.435835835835835933e-02 6.274121028925212507e-01
5.437237237237237120e-02 6.260740153074197956e-01
5.438638638638639000e-02 6.247347114905618115e-01
5.440040040040040187e-02 6.233941982197742648e-01
5.441441441441441373e-02 6.220524822770435724e-01
5.442842842842843254e-02 6.207095704484425491e-01
5.444244244244244441e-02 6.193654695240433661e-01
5.445645645645645627e-02 6.180201862978382810e-01
5.447047047047047508e-02 6.166737275676578145e-01
5.448448448448448694e-02 6.153261001350930348e-01
5.449849849849849881e-02 6.139773108054139561e-01
5.451251251251251762e-02 6.126273663874892694e-01
5.452652652652652948e-02 6.112762736937118468e-01
5.454054054054054135e-02 6.099240395399151415e-01
5.455455455455456015e-02 6.085706707452973596e-01
5.456856856856857202e-02 6.072161741323482964e-01
5.458258258258258389e-02 6.058605565267644044e-01
5.459659659659660269e-02 6.045038247573780721e-01
5.461061061061061456e-02 6.031459856560834609e-01
5.462462462462462642e-02 6.017870460577533498e-01
5.463863863863863829e-02 6.004270128001718554e-01
5.465265265265265709e-02 5.990658927239573828e-01
5.466666666666666896e-02 5.977036926724892396e-01
5.468068068068068083e-02 5.963404194918331402e-01
5.469469469469469963e-02 5.949760669631514176e-01
5.470870870870871150e-02 5.936102970858829764e-01
5.472272272272272337e-02 5.922434825225348920e-01
5.473673673673673523e-02 5.908756301096872443e-01
5.475075075075075404e-02 5.895067466861186878e-01
5.476476476476476590e-02 5.881368390927386169e-01
5.477877877877877777e-02 5.867659141725150018e-01
5.479279279279279657e-02 5.853939787704071085e-01
5.480680680680680844e-02 5.840210397333004400e-01
5.482082082082082031e-02 5.826471039099360150e-01
5.483483483483483911e-02 5.812721781508457530e-01
5.484884884884885098e-02 5.798962693082895248e-01
5.486286286286286284e-02 5.785193842361840977e-01
5.487687687687688165e-02 5.771415297900437391e-01
5.489089089089089352e-02 5.757627128269162675e-01
5.490490490490490538e-02 5.743829402053162170e-01
5.491891891891892419e-02 5.730022187851653293e-01
5.493293293293293605e-02 5.716205554277338230e-01
5.494694694694694792e-02 5.702379569955716709e-01
5.496096096096096673e-02 5.688544303524555312e-01
5.497497497497497859e-02 5.674699823633269080e-01
5.498898898898899046e-02 5.660846198942326435e-01
5.500300300300300232e-02 5.646983498122669642e-01
5.501701701701702113e-02 5.633111789855138607e-01
5.503103103103103300e-02 5.619231142829952397e-01
5.504504504504504486e-02 5.605341625746081968e-01
5.505905905905906367e-02 5.591443307310733912e-01
5.507307307307307553e-02 5.577536256238830870e-01
5.508708708708708740e-02 5.563620541252443097e-01
5.510110110110110621e-02 5.549696231080276654e-01
5.511511511511511807e-02 5.535763394457176023e-01
5.512912912912912994e-02 5.521822100123577881e-01
5.514314314314314180e-02 5.507872416825045914e-01
5.515715715715716061e-02 5.493914413311761225e-01
5.517117117117117248e-02 5.479948158338056041e-01
5.518518518518518434e-02 5.465973720661928548e-01
5.519919919919920315e-02 5.451991169044575480e-01
5.521321321321321501e-02 5.438000572249956921e-01
5.522722722722722688e-02 5.424001999044344435e-01
5.524124124124124569e-02 5.409995518195843678e-01
5.525525525525525755e-02 5.395981198474066876e-01
5.526926926926926942e-02 5.381959108649602141e-01
5.528328328328328822e-02 5.367929317493674857e-01
5.529729729729730009e-02 5.353891893777762423e-01
5.531131131131131196e-02 5.339846906273153504e-01
5.532532532532533076e-02 5.325794423750603857e-01
5.533933933933934263e-02 5.311734514979992161e-01
5.535335335335335449e-02 5.297667248729919232e-01
5.536736736736737330e-02 5.283592693767388271e-01
5.538138138138138516e-02 5.269510918857492898e-01
5.539539539539539703e-02 5.255421992763047445e-01
5.540940940940940890e-02 5.241325984244320502e-01
5.542342342342342770e-02 5.227222962058697409e-01
5.543743743743743957e-02 5.213112994960441560e-01
5.545145145145145144e-02 5.198996151700373547e-01
5.546546546546547024e-02 5.184872501025614699e-01
5.547947947947948211e-02 5.170742111679376141e-01
5.549349349349349397e-02 5.156605052400659028e-01
5.550750750750751278e-02 5.142461391924056935e-01
5.552152152152152464e-02 5.128311198979577101e-01
5.553553553553553651e-02 5.114154542292372874e-01
5.554954954954954838e-02 5.099991490582588272e-01
5.556356356356356718e-02 5.085822112565190345e-01
5.557757757757757905e-02 5.071646476949809301e-01
5.559159159159159092e-02 5.057464652440567532e-01
5.560560560560560972e-02 5.043276707735956377e-01
5.561961961961962159e-02 5.029082711528741756e-01
5.563363363363363345e-02 5.014882732505816509e-01
5.564764764764765226e-02 5.000676839348143776e-01
5.566166166166166412e-02 4.986465100730659294e-01
5.567567567567567599e-02 4.972247585322232544e-01
5.568968968968969480e-02 4.958024361785587919e-01
5.570370370370370666e-02 4.943795498777321384e-01
5.571771771771771853e-02 4.929561064947851068e-01
5.573173173173173733e-02 4.915321128941406714e-01
5.574574574574574920e-02 4.901075759396124609e-01
5.575975975975976107e-02 4.886825024943976525e-01
5.577377377377377987e-02 4.872568994210883520e-01
5.578778778778779174e-02 4.858307735816814743e-01
5.580180180180180360e-02 4.844041318375787442e-01
5.581581581581581547e-02 4.829769810496033489e-01
5.582982982982983428e-02 4.815493280780103746e-01
5.584384384384384614e-02 4.801211797825041261e-01
5.585785785785785801e-02 4.786925430222457867e-01
5.587187187187187681e-02 4.772634246558796201e-01
5.588588588588588868e-02 4.758338315415505670e-01
5.589989989989990055e-02 4.744037705369221758e-01
5.591391391391391241e-02 4.729732484992046904e-01
5.592792792792793122e-02 4.715422722851779214e-01
5.594194194194194308e-02 4.701108487512219991e-01
5.595595595595595495e-02 4.686789847533440745e-01
5.596996996996997376e-02 4.672466871472114036e-01
5.598398398398398562e-02 4.658139627881875966e-01
5.599799799799799749e-02 4.643808185313669790e-01
5.601201201201201629e-02 4.629472612316111735e-01
5.602602602602602816e-02 4.615132977435958406e-01
5.604004004004004003e-02 4.600789349218487589e-01
5.605405405405405883e-02 4.586441796207976762e-01
5.606806806806807070e-02 4.572090386948188256e-01
5.608208208208208256e-02 4.557735189982859980e-01
5.609609609609610137e-02 4.543376273856242209e-01
5.611011011011011324e-02 4.529013707113681009e-01
5.612412412412412510e-02 4.514647558302150587e-01
5.613813813813814391e-02 4.500277895970887787e-01
5.615215215215215577e-02 4.485904788672048227e-01
5.616616616616616764e-02 4.471528304961345235e-01
5.618018018018017951e-02 4.457146839616386025e-01
5.619419419419419831e-02 4.442760488451883427e-01
5.620820820820821018e-02 4.428370915531616991e-01
5.622222222222222204e-02 4.413978189770178528e-01
5.623623623623624085e-02 4.399582380091195954e-01
5.625025025025025271e-02 4.385183555428218694e-01
5.626426426426426458e-02 4.370781784725544794e-01
5.627827827827828339e-02 4.356377136939210692e-01
5.629229229229229525e-02 4.341969681037920470e-01
5.630630630630630712e-02 4.327559486004026734e-01
5.632032032032031899e-02 4.313146620834581446e-01
5.633433433433433779e-02 4.298731154542367316e-01
5.634834834834834966e-02 4.284313156157042446e-01
5.636236236236236152e-02 4.269892694726228344e-01
5.637637637637638033e-02 4.255469839316688430e-01
5.639039039039039219e-02 4.241044659015578699e-01
5.640440440440440406e-02 4.226617222931651763e-01
5.641841841841842287e-02 4.212187600196558579e-01
5.643243243243243473e-02 4.197755859966212921e-01
5.644644644644644660e-02 4.183322071422108657e-01
5.646046046046046540e-02 4.168886303772765256e-01
5.647447447447447727e-02 4.154448626255207722e-01
5.648848848848848914e-02 4.140009108136421534e-01
5.650250250250250794e-02 4.125567818714931945e-01
5.651651651651651981e-02 4.111124827322408248e-01
5.653053053053053167e-02 4.096680203325269165e-01
5.654454454454455048e-02 4.082234016126404241e-01
5.655855855855856235e-02 4.067786335166913569e-01
5.657257257257257421e-02 4.053337229927881924e-01
5.658658658658658608e-02 4.038886769932228393e-01
5.660060060060060488e-02 4.024433856301819490e-01
5.661461461461461675e-02 4.009967381687104537e-01
5.662862862862862862e-02 3.995499659644895507e-01
5.664264264264264742e-02 3.981030760883172426e-01
5.665665665665665929e-02 3.966560756167658019e-01
5.667067067067067115e-02 3.952089716324035384e-01
5.668468468468468302e-02 3.937617712240303880e-01
5.669869869869870183e-02 3.923144814869189978e-01
5.671271271271271369e-02 3.908671095230603632e-01
5.672672672672672556e-02 3.894196624414156815e-01
5.674074074074074436e-02 3.879721473581760893e-01
5.675475475475475623e-02 3.865245713970349994e-01
5.676876876876876810e-02 3.850769416894533337e-01
5.678278278278278690e-02 3.836292653749474590e-01
5.679679679679679877e-02 3.821815496013790114e-01
5.681081081081081063e-02 3.807338015252474395e-01
5.682482482482482944e-02 3.792860283119964815e-01
5.683883883883884131e-02 3.778382371363306347e-01
5.685285285285285317e-02 3.763904351825312911e-01
5.686686686686687198e-02 3.749412048852855950e-01
5.688088088088088384e-02 3.734919218115791417e-01
5.689489489489489571e-02 3.720426423573848229e-01
5.690890890890891451e-02 3.705933738461639204e-01
5.692292292292292638e-02 3.691441236133458093e-01
5.693693693693693825e-02 3.676948990067106515e-01
5.695095095095095011e-02 3.662457073867917412e-01
5.696496496496496892e-02 3.647965561272811241e-01
5.697897897897898079e-02 3.633474526154515938e-01
5.699299299299299265e-02 3.618984042525850153e-01
5.700700700700701146e-02 3.604494184544135837e-01
5.702102102102102332e-02 3.590005026515754039e-01
5.703503503503503519e-02 3.575516642900768982e-01
5.704904904904905399e-02 3.561029108317701475e-01
5.706306306306306586e-02 3.546542497548442752e-01
5.707707707707707773e-02 3.532056885543268798e-01
5.709109109109108959e-02 3.517572347425984014e-01
5.710510510510510840e-02 3.503088294622546117e-01
5.711911911911912026e-02 3.488599354131856622e-01
5.713313313313313213e-02 3.474111692826485909e-01
5.714714714714715094e-02 3.459625386987483231e-01
5.716116116116116280e-02 3.445140513100412027e-01
5.717517517517517467e-02 3.430657147861379541e-01
5.718918918918919347e-02 3.416175368183328453e-01
5.720320320320320534e-02 3.401695251202429549e-01
5.721721721721721721e-02 3.387216874284665891e-01
5.723123123123123601e-02 3.372740315032577985e-01
5.724524524524524788e-02 3.358265651292217657e-01
5.725925925925925974e-02 3.343792961160228505e-01
5.727327327327327855e-02 3.329322322991160599e-01
5.728728728728729042e-02 3.314845788209958011e-01
5.730130130130130228e-02 3.300369979168542578e-01
5.731531531531532109e-02 3.285896438982384704e-01
5.732932932932933295e-02 3.271425247664099811e-01
5.734334334334334482e-02 3.256956485528334500e-01
5.735735735735735669e-02 3.242490233200466809e-01
5.737137137137137549e-02 3.228026571625467467e-01
5.738538538538538736e-02 3.213565582077068106e-01
5.739939939939939922e-02 3.199107346167071597e-01
5.741341341341341803e-02 3.184651945855018207e-01
5.742742742742742990e-02 3.170185754933448341e-01
5.744144144144144176e-02 3.155718372029402974e-01
5.745545545545545363e-02 3.141254047916604564e-01
5.746946946946947243e-02 3.126792867048828195e-01
5.748348348348348430e-02 3.112334914283008680e-01
5.749749749749749617e-02 3.097880274896628316e-01
5.751151151151151497e-02 3.083429034599592389e-01
5.752552552552552684e-02 3.068981279546413310e-01
5.753953953953953870e-02 3.054537096348692859e-01
5.755355355355355751e-02 3.040096572087989668e-01
5.756756756756756938e-02 3.025659794329055297e-01
5.758158158158158124e-02 3.011218297228663854e-01
5.759559559559560005e-02 2.996770567138137831e-01
5.760960960960961191e-02 2.982326835502492335e-01
5.762362362362362378e-02 2.967887192950728892e-01
5.763763763763764258e-02 2.953451730676834863e-01
5.765165165165165445e-02 2.939020540455651864e-01
5.766566566566566632e-02 2.924593714659143306e-01
5.767967967967968512e-02 2.910171346273219828e-01
5.769369369369369699e-02 2.895753528914989383e-01
5.770770770770770886e-02 2.881340356850526363e-01
5.772172172172172766e-02 2.866931925013003202e-01
5.773573573573573953e-02 2.852528329021709608e-01
5.774974974974975139e-02 2.838129665201216123e-01
5.776376376376376326e-02 2.823736030601324831e-01
5.777777777777778206e-02 2.809347523017522441e-01
5.779179179179179393e-02 2.794964241012097839e-01
5.780580580580580580e-02 2.780586283935765901e-01
5.781981981981981766e-02 2.766205045730034118e-01
5.783383383383383647e-02 2.751810662694651466e-01
5.784784784784784833e-02 2.737421909732251080e-01
5.786186186186186020e-02 2.723038890913930810e-01
5.787587587587587901e-02 2.708661711233518177e-01
5.788988988988989087e-02 2.694290476633684484e-01
5.790390390390390274e-02 2.679925294033385086e-01
5.791791791791792154e-02 2.665566271355602757e-01
5.793193193193193341e-02 2.651213517556229582e-01
5.794594594594594528e-02 2.636856600818073271e-01
5.795995995995996408e-02 2.622488093054993197e-01
5.797397397397397595e-02 2.608126198961472908e-01
5.798798798798798781e-02 2.593771033238763679e-01
5.800200200200200662e-02 2.579422711795537060e-01
5.801601601601601849e-02 2.565081351783007890e-01
5.803003003003003035e-02 2.550747071631099261e-01
5.804404404404404916e-02 2.536419991085829828e-01
5.805805805805806102e-02 2.522100231247854096e-01
5.807207207207207289e-02 2.507787914612170654e-01
5.808608608608609170e-02 2.493481400674127935e-01
5.810010010010010356e-02 2.479171670620850532e-01
5.811411411411411543e-02 2.464869768407682571e-01
5.812812812812813423e-02 2.450575823051497626e-01
5.814214214214214610e-02 2.436289965189591122e-01
5.815615615615615797e-02 2.422012327127955056e-01
5.817017017017016983e-02 2.407743042891262453e-01
5.818418418418418864e-02 2.393482248274415303e-01
5.819819819819820050e-02 2.379230080895859967e-01
5.821221221221221237e-02 2.364986680252581241e-01
5.822622622622622424e-02 2.350752187777005731e-01
5.824024024024024304e-02 2.336526746895789541e-01
5.825425425425425491e-02 2.322310503090578016e-01
5.826826826826826677e-02 2.308103603960798278e-01
5.828228228228228558e-02 2.293906199288597847e-01
5.829629629629629745e-02 2.279718441106055871e-01
5.831031031031030931e-02 2.265540483764557633e-01
5.832432432432432812e-02 2.251372484006678443e-01
5.833833833833833998e-02 2.237214601040527495e-01
5.835235235235235185e-02 2.223030530005244143e-01
5.836636636636637065e-02 2.208852031997297627e-01
5.838038038038038252e-02 2.194684182590906363e-01
5.839439439439439439e-02 2.180522960893230278e-01
5.840840840840841319e-02 2.166330877352843909e-01
5.842242242242242506e-02 2.152150004673520911e-01
5.843643643643643693e-02 2.137980524179546316e-01
5.845045045045045573e-02 2.123822620404775818e-01
5.846446446446446760e-02 2.109676481196620657e-01
5.847847847847847946e-02 2.095542297823703437e-01
5.849249249249249827e-02 2.081420265087579602e-01
5.850650650650651013e-02 2.067310581438524253e-01
5.852052052052052200e-02 2.053213449095559751e-01
5.853453453453454081e-02 2.039129074170989153e-01
5.854854854854855267e-02 2.025057666799622569e-01
5.856256256256256454e-02 2.010999441272709465e-01
5.857657657657657641e-02 1.996954616177054331e-01
5.859059059059058827e-02 1.982923414539335405e-01
5.860460460460460708e-02 1.968902885205548181e-01
5.861861861861861894e-02 1.954884889351234112e-01
5.863263263263263081e-02 1.940881222536807449e-01
5.864664664664664961e-02 1.926892127223345519e-01
5.866066066066066148e-02 1.912917851124165680e-01
5.867467467467467335e-02 1.898958647386214393e-01
5.868868868868869215e-02 1.885014774778598634e-01
5.870270270270270402e-02 1.871086497888556632e-01
5.871671671671671588e-02 1.857174087331945056e-01
5.873073073073073469e-02 1.843277819937805817e-01
5.874474474474474656e-02 1.829397979009478592e-01
5.875875875875875842e-02 1.815534854526472397e-01
5.877277277277277723e-02 1.801688743389559533e-01
5.878678678678678909e-02 1.787859949668806347e-01
5.880080080080080096e-02 1.774039907319038545e-01
5.881481481481481977e-02 1.760198209285458726e-01
5.882882882882883163e-02 1.746374782556874838e-01
5.884284284284284350e-02 1.732552086664063407e-01
5.885685685685686230e-02 1.718721277910416068e-01
5.887087087087087417e-02 1.704909754529661536e-01
5.888488488488488604e-02 1.691117876626313243e-01
5.889889889889890484e-02 1.677346013842735961e-01
5.891291291291291671e-02 1.663594545719123130e-01
5.892692692692692857e-02 1.649863862068823850e-01
5.894094094094094044e-02 1.636154363369804465e-01
5.895495495495495925e-02 1.622466461173027175e-01
5.896896896896897111e-02 1.608800578528484515e-01
5.898298298298298298e-02 1.595157150429744042e-01
5.899699699699699484e-02 1.581536624277955494e-01
5.901101101101101365e-02 1.567939460366128968e-01
5.902502502502502552e-02 1.554366132384808197e-01
5.903903903903903738e-02 1.540817127949994092e-01
5.905305305305305619e-02 1.527292949154503421e-01
5.906706706706706805e-02 1.513794113143903386e-01
5.908108108108107992e-02 1.500321152718056272e-01
5.909509509509509873e-02 1.486874616959686091e-01
5.910910910910911059e-02 1.473455071891175694e-01
5.912312312312312246e-02 1.460063101160901655e-01
5.913713713713714126e-02 1.446699306760647619e-01
5.915115115115115313e-02 1.433364309775534973e-01
5.916516516516516500e-02 1.420058751167930511e-01
5.917917917917918380e-02 1.406783292597149904e-01
5.919319319319319567e-02 1.393479632511262500e-01
5.920720720720720753e-02 1.380203855771800492e-01
5.922122122122122634e-02 1.366960093786405706e-01
5.923523523523523820e-02 1.353749092921821273e-01
5.924924924924925007e-02 1.340571624822390340e-01
5.926326326326326888e-02 1.327428487486331521e-01
5.927727727727728074e-02 1.314320506392074317e-01
5.929129129129129261e-02 1.301202672872286692e-01
5.930530530530531141e-02 1.288076119205315839e-01
5.931931931931932328e-02 1.274986952857812272e-01
5.933333333333333515e-02 1.261936107398313744e-01
5.934734734734734701e-02 1.248924550105524334e-01
5.936136136136136582e-02 1.235953283456644874e-01
5.937537537537537768e-02 1.223023346685976481e-01
5.938938938938938955e-02 1.210135817416839454e-01
5.940340340340340142e-02 1.197291813370231495e-01
5.941741741741742022e-02 1.184492494153406156e-01
5.943143143143143209e-02 1.171739063131878311e-01
5.944544544544544395e-02 1.159032769388257667e-01
5.945945945945946276e-02 1.146374909771486900e-01
5.947347347347347463e-02 1.133766831040016049e-01
5.948748748748748649e-02 1.121209932102384954e-01
5.950150150150150530e-02 1.108705666358883180e-01
5.951551551551551716e-02 1.096255544147672345e-01
5.952952952952952903e-02 1.083861135298754691e-01
5.954354354354354784e-02 1.071524071799103278e-01
5.955755755755755970e-02 1.059246050572048570e-01
5.957157157157157157e-02 1.047028836373636723e-01
5.958558558558559037e-02 1.034874264808657712e-01
5.959959959959960224e-02 1.022784245468365549e-01
5.961361361361361411e-02 1.010760765191576621e-01
5.962762762762763291e-02 9.988058914502728758e-02
5.964164164164164478e-02 9.869217758600426493e-02
5.965565565565565664e-02 9.750531780731676312e-02
5.966966966966967545e-02 9.632042614241675960e-02
5.968368368368368732e-02 9.514318119743923885e-02
5.969769769769769918e-02 9.397383203646737793e-02
5.971171171171171105e-02 9.281263809793406649e-02
5.972572572572572985e-02 9.165986963073434468e-02
5.973973973973974172e-02 9.051580814165270661e-02
5.975375375375375359e-02 8.938074685306650335e-02
5.976776776776776545e-02 8.825499116967772117e-02
5.978178178178178426e-02 8.713885915267430282e-02
5.979579579579579612e-02 8.603268199941757621e-02
5.980980980980980799e-02 8.493680452633760314e-02
5.982382382382382680e-02 8.385158565231977390e-02
5.983783783783783866e-02 8.277739887934702778e-02
5.985185185185185053e-02 8.171463276664207853e-02
5.986586586586586933e-02 8.065813197515915578e-02
5.987987987987988120e-02 7.960460150823808756e-02
5.989389389389389307e-02 7.856351521206431099e-02
5.990790790790791187e-02 7.753532208947229443e-02
5.992192192192192374e-02 7.652048869432818978e-02
5.993593593593593560e-02 7.551949951684285012e-02
5.994994994994995441e-02 7.453285732195784330e-02
5.996396396396396627e-02 7.356108343077551182e-02
5.997797797797797814e-02 7.260471793392886397e-02
5.999199199199199695e-02 7.166431982468154938e-02
6.000600600600600881e-02 7.074046703840716765e-02
6.002002002002002068e-02 6.983375638399591523e-02
6.003403403403403948e-02 6.894480335167972596e-02
6.004804804804805135e-02 6.807424178078876065e-02
6.006206206206206322e-02 6.722272337010379295e-02
6.007607607607608202e-02 6.639091701284065283e-02
6.009009009009009389e-02 6.557950793787964416e-02
6.010410410410410575e-02 6.478919663878177082e-02
6.011811811811811762e-02 6.402069757246961479e-02
6.013213213213213643e-02 6.327473761022442411e-02
6.014614614614614829e-02 6.255205422503992696e-02
6.016016016016016016e-02 6.184154338386304434e-02
6.017417417417417203e-02 6.115309275879134837e-02
6.018818818818819083e-02 6.048992864892980409e-02
6.020220220220220270e-02 5.985281629712920631e-02
6.021621621621621456e-02 5.924251994526696236e-02
6.023023023023023337e-02 5.865979933854329614e-02
6.024424424424424523e-02 5.810540593619322597e-02
6.025825825825825710e-02 5.758007884741462440e-02
6.027227227227227591e-02 5.708454051945036772e-02
6.028628628628628777e-02 5.661949221337251453e-02
6.030030030030029964e-02 5.618560931194505059e-02
6.031431431431431844e-02 5.578353651269207791e-02
6.032832832832833031e-02 5.541388296759933163e-02
6.034234234234234218e-02 5.507721743835020806e-02
6.035635635635636098e-02 5.477406354223048057e-02
6.037037037037037285e-02 5.450489516840985316e-02
6.038438438438438471e-02 5.427013214685638687e-02
6.039839839839840352e-02 5.407013625234025761e-02
6.041241241241241539e-02 5.390520762360329760e-02
6.042642642642642725e-02 5.377558167268000483e-02
6.044044044044044606e-02 5.368142655159918036e-02
6.045445445445445792e-02 5.362284123338952740e-02
6.046846846846846979e-02 5.359527261429852807e-02
6.048248248248248859e-02 5.358625986358450666e-02
6.049649649649650046e-02 5.352999557773160944e-02
6.051051051051051233e-02 5.345063128944157332e-02
6.052452452452452419e-02 5.340742752465989229e-02
6.053853853853853606e-02 5.335008109773721474e-02
6.055255255255255487e-02 5.322544624936904195e-02
6.056656656656656673e-02 5.313731329910309498e-02
6.058058058058057860e-02 5.308580272121769805e-02
6.059459459459459740e-02 5.307095949002720026e-02
6.060860860860860927e-02 5.309275240560157316e-02
6.062262262262262114e-02 5.315107420438832525e-02
6.063663663663663994e-02 5.324574245311654991e-02
6.065065065065065181e-02 5.337015444729589775e-02
6.066466466466466367e-02 5.351754294840610493e-02
6.067867867867868248e-02 5.370040341346010021e-02
6.069269269269269435e-02 5.391830934490206284e-02
6.070670670670670621e-02 5.417077225032995713e-02
6.072072072072072502e-02 5.445724600168908025e-02
6.073473473473473688e-02 5.477713158393766879e-02
6.074874874874874875e-02 5.512978212905737807e-02
6.076276276276276755e-02 5.551450815002707123e-02
6.077677677677677942e-02 5.593058288038569442e-02
6.079079079079079129e-02 5.637724763383896581e-02
6.080480480480481009e-02 5.685371710518422050e-02
6.081881881881882196e-02 5.735918453957102037e-02
6.083283283283283382e-02 5.789282671513622941e-02
6.084684684684685263e-02 5.845380868000935037e-02
6.086086086086086450e-02 5.904128820922745213e-02
6.087487487487487636e-02 5.965441994852185847e-02
6.088888888888888823e-02 6.029235922430584843e-02
6.090290290290290703e-02 6.095426550750986106e-02
6.091691691691691890e-02 6.163930552666888746e-02
6.093093093093093077e-02 6.234665603244079340e-02
6.094494494494494263e-02 6.307550622139490581e-02
6.095895895895896144e-02 6.382505983155084550e-02
6.097297297297297330e-02 6.459453692576566652e-02
6.098698698698698517e-02 6.538317538175517085e-02
6.100100100100100398e-02 6.619023210937539925e-02
6.101501501501501584e-02 6.701498401691721729e-02
6.102902902902902771e-02 6.785672874864959181e-02
6.104304304304304651e-02 6.871478521580351440e-02
6.105705705705705838e-02 6.958849394274038702e-02
6.107107107107107025e-02 7.047721724927158427e-02
6.108508508508508905e-02 7.137030144921893693e-02
6.109909909909910092e-02 7.226969995894910737e-02
6.111311311311311278e-02 7.318260571819421023e-02
6.112712712712713159e-02 7.410846435412138389e-02
6.114114114114114346e-02 7.504674179930541367e-02
6.115515515515515532e-02 7.599692394845020127e-02
6.116916916916917413e-02 7.695225215816216269e-02
6.118318318318318599e-02 7.791122089588466137e-02
6.119719719719719786e-02 7.888086005825716007e-02
6.121121121121121667e-02 7.986072777757466379e-02
6.122522522522522853e-02 8.085039948847033697e-02
6.123923923923924040e-02 8.184946741352085164e-02
6.125325325325325920e-02 8.285754003477552310e-02
6.126726726726727107e-02 8.387424155646711066e-02
6.128128128128128294e-02 8.489921136344009966e-02
6.129529529529529480e-02 8.593210347916938052e-02
6.130930930930931361e-02 8.697258602668533900e-02
6.132332332332332547e-02 8.802034069518442638e-02
6.133733733733733734e-02 8.907506221465014140e-02
6.135135135135134921e-02 9.013645784038470943e-02
6.136536536536536801e-02 9.120424684901101697e-02
6.137937937937937988e-02 9.227816004716310472e-02
6.139339339339339174e-02 9.335793929382808776e-02
6.140740740740741055e-02 9.444333703704888006e-02
6.142142142142142242e-02 9.553411586548896106e-02
6.143543543543543428e-02 9.663004807519848249e-02
6.144944944944945309e-02 9.773091525174715244e-02
6.146346346346346495e-02 9.883650786777492536e-02
6.147747747747747682e-02 9.994662489590333543e-02
6.149149149149149562e-02 1.010610734368556085e-01
6.150550550550550749e-02 1.021796683625540575e-01
6.151951951951951936e-02 1.033022319739235750e-01
6.153353353353353816e-02 1.044285936730551811e-01
6.154754754754755003e-02 1.055585896493590331e-01
6.156156156156156189e-02 1.066920625793178479e-01
6.157557557557558070e-02 1.078288613394001449e-01
6.158958958958959257e-02 1.089688407317068730e-01
6.160360360360360443e-02 1.101118612219046250e-01
6.161761761761762324e-02 1.112577886889858370e-01
6.163163163163163510e-02 1.124064941864049705e-01
6.164564564564564697e-02 1.135578537141482269e-01
6.165965965965965884e-02 1.147050739531356722e-01
6.167367367367367764e-02 1.158507888167717853e-01
6.168768768768768951e-02 1.169988786407233500e-01
6.170170170170170137e-02 1.181492355419099249e-01
6.171571571571571324e-02 1.193017556168362997e-01
6.172972972972973205e-02 1.204544904151240020e-01
6.174374374374374391e-02 1.215987347289558262e-01
6.175775775775775578e-02 1.227449143544476345e-01
6.177177177177177458e-02 1.238929382985696354e-01
6.178578578578578645e-02 1.250427187897812653e-01
6.179979979979979832e-02 1.261941711447290837e-01
6.181381381381381712e-02 1.273472136409262434e-01
6.182782782782782899e-02 1.285017673951510675e-01
6.184184184184184085e-02 1.296577562473130441e-01
6.185585585585585966e-02 1.308151066495238934e-01
6.186986986986987153e-02 1.319737475601389098e-01
6.188388388388388339e-02 1.331336103425961037e-01
6.189789789789790220e-02 1.342946286685353097e-01
6.191191191191191406e-02 1.354567384257021057e-01
6.192592592592592593e-02 1.366198776294987871e-01
6.193993993993994474e-02 1.377839863386862707e-01
6.195395395395395660e-02 1.389490065747712999e-01
6.196796796796796847e-02 1.401148822444909792e-01
6.198198198198198727e-02 1.412815590680580602e-01
6.199599599599599914e-02 1.424489845058948823e-01
6.201001001001001101e-02 1.436171076932025448e-01
6.202402402402402981e-02 1.447858793750919359e-01
6.203803803803804168e-02 1.459552518449887815e-01
6.205205205205205354e-02 1.471251788857152187e-01
6.206606606606606541e-02 1.482956157131116448e-01
6.208008008008008421e-02 1.494665189220848733e-01
6.209409409409409608e-02 1.506378464349693302e-01
6.210810810810810795e-02 1.518095574520971491e-01
6.212212212212211981e-02 1.529816124044636183e-01
6.213613613613613862e-02 1.541539729078671983e-01
6.215015015015015049e-02 1.553217242394456243e-01
6.216416416416416235e-02 1.564873569783803431e-01
6.217817817817818116e-02 1.576531999296401365e-01
6.219219219219219302e-02 1.588192189029628831e-01
6.220620620620620489e-02 1.599853806942061751e-01
6.222022022022022369e-02 1.611506137510559655e-01
6.223423423423423556e-02 1.623119044932190835e-01
6.224824824824824743e-02 1.634732513505496032e-01
6.226226226226226623e-02 1.646346246983834138e-01
6.227627627627627810e-02 1.657959957363534520e-01
6.229029029029028997e-02 1.669573364601697474e-01
6.230430430430430877e-02 1.681186196345150485e-01
6.231831831831832064e-02 1.692798187670074006e-01
6.233233233233233250e-02 1.704409080831937595e-01
6.234634634634635131e-02 1.716018625019123944e-01
6.236036036036036317e-02 1.727626576146145676e-01
6.237437437437437504e-02 1.739232696595376104e-01
6.238838838838839385e-02 1.750836755027812552e-01
6.240240240240240571e-02 1.762438526171770381e-01
6.241641641641641758e-02 1.774037790625510591e-01
6.243043043043042944e-02 1.785634334667361156e-01
6.244444444444444825e-02 1.797227950073026770e-01
6.245845845845846012e-02 1.808818433939759496e-01
6.247247247247247198e-02 1.820405588517195472e-01
6.248648648648648385e-02 1.831989221044430238e-01
6.250050050050050265e-02 1.843569143593197512e-01
6.251451451451452146e-02 1.855145172916801699e-01
6.252852852852852639e-02 1.866717130304641481e-01
6.254254254254254519e-02 1.878284841442104947e-01
6.255655655655656400e-02 1.889819505801665078e-01
6.257057057057056892e-02 1.901331898738627679e-01
6.258458458458458773e-02 1.912839579172495863e-01
6.259859859859859266e-02 1.924342390093352340e-01
6.261261261261261146e-02 1.935840178230628095e-01
6.262662662662663027e-02 1.947332793941762286e-01
6.264064064064064907e-02 1.958790324120008308e-01
6.265465465465465400e-02 1.970207951816115299e-01
6.266866866866867281e-02 1.981620014176002642e-01
6.268268268268267773e-02 1.993026376847073511e-01
6.269669669669669654e-02 2.004426908558775144e-01
6.271071071071071534e-02 2.015821481034318352e-01
6.272472472472472027e-02 2.027209968905550608e-01
6.273873873873873908e-02 2.038592249630697961e-01
6.275275275275275788e-02 2.049968203414790358e-01
6.276676676676676281e-02 2.061337713132846972e-01
6.278078078078078161e-02 2.072700664255665015e-01
6.279479479479480042e-02 2.084056944777926690e-01
6.280880880880880535e-02 2.095406445148812469e-01
6.282282282282282415e-02 2.106749058204929748e-01
6.283683683683684296e-02 2.118084679105272095e-01
6.285085085085084788e-02 2.129413205268461118e-01
6.286486486486486669e-02 2.140734536312009495e-01
6.287887887887888549e-02 2.152048573993436686e-01
6.289289289289289042e-02 2.163355222153381940e-01
6.290690690690690923e-02 2.174654386660555827e-01
6.292092092092092803e-02 2.185945975358331017e-01
6.293493493493493296e-02 2.197229898013118576e-01
6.294894894894895176e-02 2.208506066264399326e-01
6.296296296296297057e-02 2.219774393576217364e-01
6.297697697697697550e-02 2.231034795190260933e-01
6.299099099099099430e-02 2.242242860920872216e-01
6.300500500500499923e-02 2.253435285983519387e-01
6.301901901901901804e-02 2.264619577538956596e-01
6.303303303303303684e-02 2.275795659410362881e-01
6.304704704704705565e-02 2.286963456945940443e-01
6.306106106106106057e-02 2.298122896981065755e-01
6.307507507507507938e-02 2.309273907801714931e-01
6.308908908908908431e-02 2.320416419108823625e-01
6.310310310310310311e-02 2.331550361983883435e-01
6.311711711711712192e-02 2.342675668855406790e-01
6.313113113113112684e-02 2.353792273466483731e-01
6.314514514514514565e-02 2.364900110843291270e-01
6.315915915915916445e-02 2.375999117264443738e-01
6.317317317317316938e-02 2.387070251423996370e-01
6.318718718718718819e-02 2.398103184592315917e-01
6.320120120120120699e-02 2.409127147692914084e-01
6.321521521521521192e-02 2.420142083619951368e-01
6.322922922922923072e-02 2.431147936343871774e-01
6.324324324324324953e-02 2.442144650886625967e-01
6.325725725725725446e-02 2.453132173288515849e-01
6.327127127127127326e-02 2.464110450621475878e-01
6.328528528528529207e-02 2.475079430911348299e-01
6.329929929929929699e-02 2.486039063152507000e-01
6.331331331331331580e-02 2.496989297277244224e-01
6.332732732732733461e-02 2.507930084125419845e-01
6.334134134134133953e-02 2.518861375461937113e-01
6.335535535535535834e-02 2.529783123900397612e-01
6.336936936936937714e-02 2.540695282921613951e-01
6.338338338338338207e-02 2.551593782209719552e-01
6.339739739739740088e-02 2.562467338554718643e-01
6.341141141141140580e-02 2.573331196987993508e-01
6.342542542542542461e-02 2.584185315000062100e-01
6.343943943943944341e-02 2.595029650837125668e-01
6.345345345345346222e-02 2.605864163485103191e-01
6.346746746746746715e-02 2.616688812654071050e-01
6.348148148148148595e-02 2.627503558763101821e-01
6.349549549549549088e-02 2.638308362925462225e-01
6.350950950950950968e-02 2.649103186934294030e-01
6.352352352352352849e-02 2.659887993248529758e-01
6.353753753753753342e-02 2.670662744968971269e-01
6.355155155155155222e-02 2.681427405866285696e-01
6.356556556556557103e-02 2.692181940306046517e-01
6.357957957957957595e-02 2.702926313277455028e-01
6.359359359359359476e-02 2.713652988802607857e-01
6.360760760760761356e-02 2.724360858073934799e-01
6.362162162162161849e-02 2.735058494607948143e-01
6.363563563563563730e-02 2.745745866344685426e-01
6.364964964964965610e-02 2.756411775354166704e-01
6.366366366366366103e-02 2.767063017826589810e-01
6.367767767767767983e-02 2.777703934004321362e-01
6.369169169169169864e-02 2.788334494533440955e-01
6.370570570570570357e-02 2.798954670553418511e-01
6.371971971971972237e-02 2.809564433687750107e-01
6.373373373373374118e-02 2.820163756034690383e-01
6.374774774774774611e-02 2.830752610158341898e-01
6.376176176176176491e-02 2.841330969079909341e-01
6.377577577577578372e-02 2.851898806269108633e-01
6.378978978978978864e-02 2.862452332358776941e-01
6.380380380380380745e-02 2.872992472605213066e-01
6.381781781781781238e-02 2.883522030240788236e-01
6.383183183183183118e-02 2.894040980692995091e-01
6.384584584584584999e-02 2.904549299794026984e-01
6.385985985985986879e-02 2.915046352827395104e-01
6.387387387387387372e-02 2.925524903733253135e-01
6.388788788788789252e-02 2.935992775700764224e-01
6.390190190190189745e-02 2.946449946421376143e-01
6.391591591591591626e-02 2.956896393951254920e-01
6.392992992992993506e-02 2.967332096704805577e-01
6.394394394394393999e-02 2.977757033448382717e-01
6.395795795795795879e-02 2.988171183281891352e-01
6.397197197197197760e-02 2.998574525681957370e-01
6.398598598598598253e-02 3.008967040422168560e-01
6.400000000000000133e-02 3.019348707616671401e-01
