5.999999999999999778e-02 4.549747549062159724e-01
6.001001001001000923e-02 4.539194907297263160e-01
6.002002002002002068e-02 4.528652961030913415e-01
6.003003003003002519e-02 4.518121877416947374e-01
6.004004004004003664e-02 4.507601824420549574e-01
6.005005005005004809e-02 4.497092970819959734e-01
6.006006006006005954e-02 4.486595486208032613e-01
6.007007007007007099e-02 4.476037927818538043e-01
6.008008008008007550e-02 4.465435952853378243e-01
6.009009009009008695e-02 4.454845695653736337e-01
6.010010010010009840e-02 4.444267328157199826e-01
6.011011011011010985e-02 4.433701023117267992e-01
6.012012012012012130e-02 4.423146954104831829e-01
6.013013013013012581e-02 4.412605295509542946e-01
6.014014014014013726e-02 4.402076222541095873e-01
6.015015015015014871e-02 4.391559911230548119e-01
6.016016016016016016e-02 4.381056538431505332e-01
6.017017017017016467e-02 4.370566281821200993e-01
6.018018018018017612e-02 4.360089319901632177e-01
6.019019019019018757e-02 4.349625832000521553e-01
6.020020020020019902e-02 4.339175998272264412e-01
6.021021021021021047e-02 4.328739999698764107e-01
6.022022022022021498e-02 4.318318018090218091e-01
6.023023023023022643e-02 4.307910236085832900e-01
6.024024024024023788e-02 4.297516837154423675e-01
6.025025025025024933e-02 4.287138005594984813e-01
6.026026026026026078e-02 4.276773926537133508e-01
6.027027027027026529e-02 4.266424785941462239e-01
6.028028028028027674e-02 4.256090770599822992e-01
6.029029029029028819e-02 4.245772068135554855e-01
6.030030030030029964e-02 4.235468867003527316e-01
6.031031031031031109e-02 4.225181356490165241e-01
6.032032032032031560e-02 4.214909726713336746e-01
6.033033033033032705e-02 4.204654168622138921e-01
6.034034034034033850e-02 4.194414873996611393e-01
6.035035035035034995e-02 4.184192035447286684e-01
6.036036036036036140e-02 4.173985846414671741e-01
6.037037037037036591e-02 4.163796501168621211e-01
6.038038038038037736e-02 4.153624194807521985e-01
6.039039039039038881e-02 4.143469123257489395e-01
6.040040040040040026e-02 4.133331483271266427e-01
6.041041041041041171e-02 4.123211472427180668e-01
6.042042042042041622e-02 4.113109289127844237e-01
6.043043043043042767e-02 4.103025132603724812e-01
6.044044044044043912e-02 4.092959202891797710e-01
6.045045045045045057e-02 4.082911700863475213e-01
6.046046046046046202e-02 4.072882828207926575e-01
6.047047047047046653e-02 4.062872787416046405e-01
6.048048048048047798e-02 4.052881781811148998e-01
6.049049049049048943e-02 4.042910015509910693e-01
6.050050050050050088e-02 4.032957693451540426e-01
6.051051051051050539e-02 4.023025021377341082e-01
6.052052052052051684e-02 4.013112205832405355e-01
6.053053053053052829e-02 4.003219454162684210e-01
6.054054054054053974e-02 3.993346974511943759e-01
6.055055055055055119e-02 3.983494975818453465e-01
6.056056056056055570e-02 3.973663667811568878e-01
6.057057057057056715e-02 3.963853261008071227e-01
6.058058058058057860e-02 3.954063966708386557e-01
6.059059059059059005e-02 3.944295996996538545e-01
6.060060060060060150e-02 3.934549564720201675e-01
6.061061061061060601e-02 3.924824883509721030e-01
6.062062062062061746e-02 3.915122167761787009e-01
6.063063063063062891e-02 3.905441632623396497e-01
6.064064064064064036e-02 3.895783494009284476e-01
6.065065065065065181e-02 3.886147968581820655e-01
6.066066066066065632e-02 3.876535273749195931e-01
6.067067067067066777e-02 3.866945627659700846e-01
6.068068068068067922e-02 3.857379249195883597e-01
6.069069069069069067e-02 3.847836357968299481e-01
6.070070070070070212e-02 3.838317174309145430e-01
6.071071071071070663e-02 3.828821919265628648e-01
6.072072072072071808e-02 3.819350814592981092e-01
6.073073073073072953e-02 3.809904082747424536e-01
6.074074074074074098e-02 3.800481946878653816e-01
6.075075075075075243e-02 3.791084630825328761e-01
6.076076076076075694e-02 3.781712359094782649e-01
6.077077077077076839e-02 3.772365356873136899e-01
6.078078078078077984e-02 3.763043850004692548e-01
6.079079079079079129e-02 3.753748064986153210e-01
6.080080080080080274e-02 3.744478228957541233e-01
6.081081081081080725e-02 3.735234569692847395e-01
6.082082082082081870e-02 3.726017315590371415e-01
6.083083083083083015e-02 3.716826695662769353e-01
6.084084084084084160e-02 3.707662939526769064e-01
6.085085085085084611e-02 3.698526277392603645e-01
6.086086086086085756e-02 3.689416940053110716e-01
6.087087087087086901e-02 3.680335158872491963e-01
6.088088088088088046e-02 3.671281165774784028e-01
6.089089089089089191e-02 3.662255193231981343e-01
6.090090090090089642e-02 3.653257474251802583e-01
6.091091091091090787e-02 3.644288242365116282e-01
6.092092092092091932e-02 3.635347731613064459e-01
6.093093093093093077e-02 3.626317411044008843e-01
6.094094094094094222e-02 3.617288622532899289e-01
6.095095095095094673e-02 3.608288941274347961e-01
6.096096096096095818e-02 3.599318601361184422e-01
6.097097097097096963e-02 3.590377837351201307e-01
6.098098098098098108e-02 3.581466884253039495e-01
6.099099099099099253e-02 3.572585977511696376e-01
6.100100100100099704e-02 3.563735352993612771e-01
6.101101101101100849e-02 3.554915246971422360e-01
6.102102102102101994e-02 3.546125896108304199e-01
6.103103103103103139e-02 3.537367537443920629e-01
6.104104104104104284e-02 3.528640408370156134e-01
6.105105105105104735e-02 3.519944746625969234e-01
6.106106106106105880e-02 3.511280790272389152e-01
6.107107107107107025e-02 3.502648777676846681e-01
6.108108108108108170e-02 3.494048947495116964e-01
6.109109109109109315e-02 3.485481538652809297e-01
6.110110110110109766e-02 3.476946790326543857e-01
6.111111111111110911e-02 3.468444941924559433e-01
6.112112112112112056e-02 3.459976233067055817e-01
6.113113113113113201e-02 3.451540903565963880e-01
6.114114114114113652e-02 3.443139193404363696e-01
6.115115115115114797e-02 3.434771342715399745e-01
6.116116116116115942e-02 3.426437591760833068e-01
6.117117117117117087e-02 3.418138180909059409e-01
6.118118118118118232e-02 3.409873350612757092e-01
6.119119119119118683e-02 3.401643341385985342e-01
6.120120120120119828e-02 3.393448393782304562e-01
6.121121121121120973e-02 3.385288748365508638e-01
6.122122122122122118e-02 3.377164645693579437e-01
6.123123123123123263e-02 3.369076326288606427e-01
6.124124124124123714e-02 3.361024030612927982e-01
6.125125125125124859e-02 3.353007999043519649e-01
6.126126126126126004e-02 3.345028471845911677e-01
6.127127127127127149e-02 3.337085689147606393e-01
6.128128128128128294e-02 3.329179890911019846e-01
6.129129129129128745e-02 3.321311316905989353e-01
6.130130130130129890e-02 3.313480206681718165e-01
6.131131131131131035e-02 3.305686799544256260e-01
6.132132132132132180e-02 3.297931334503889089e-01
6.133133133133133325e-02 3.290214050281168867e-01
6.134134134134133776e-02 3.282535185253334098e-01
6.135135135135134921e-02 3.274894977429820830e-01
6.136136136136136066e-02 3.267293664421436206e-01
6.137137137137137211e-02 3.259731483408943586e-01
6.138138138138138356e-02 3.252208671111292970e-01
6.139139139139138807e-02 3.244725463753262984e-01
6.140140140140139952e-02 3.237282097032724848e-01
6.141141141141141097e-02 3.229878806083437137e-01
6.142142142142142242e-02 3.222515825457042959e-01
6.143143143143142693e-02 3.215193389065330032e-01
6.144144144144143838e-02 3.207911730161254193e-01
6.145145145145144983e-02 3.200671081299923393e-01
6.146146146146146128e-02 3.193471674303055563e-01
6.147147147147147273e-02 3.186313740222890267e-01
6.148148148148147724e-02 3.179145692026786318e-01
6.149149149149148869e-02 3.171896231902013308e-01
6.150150150150150014e-02 3.164688470895264949e-01
6.151151151151151159e-02 3.157522636095372870e-01
6.152152152152152303e-02 3.150398953721955109e-01
6.153153153153152755e-02 3.143317649088201993e-01
6.154154154154153900e-02 3.136278946563139658e-01
6.155155155155155045e-02 3.129283069533561057e-01
6.156156156156156189e-02 3.122330240365508436e-01
6.157157157157157334e-02 3.115420680365333372e-01
6.158158158158157786e-02 3.108554609740371011e-01
6.159159159159158931e-02 3.101732247559190747e-01
6.160160160160160076e-02 3.094953811711527725e-01
6.161161161161161220e-02 3.088219518867770241e-01
6.162162162162162365e-02 3.081529584438082447e-01
6.163163163163162817e-02 3.074884222531601430e-01
6.164164164164163962e-02 3.068283645913352231e-01
6.165165165165165106e-02 3.061728065964919865e-01
6.166166166166166251e-02 3.055217692639386473e-01
6.167167167167167396e-02 3.048752734421164012e-01
6.168168168168167848e-02 3.042333398281821810e-01
6.169169169169168992e-02 3.035959889637226405e-01
6.170170170170170137e-02 3.029632412313869039e-01
6.171171171171171282e-02 3.023351168466323902e-01
6.172172172172172427e-02 3.017116358591557801e-01
6.173173173173172879e-02 3.010928181445892138e-01
6.174174174174174023e-02 3.004786834010325092e-01
6.175175175175175168e-02 2.998692511445878450e-01
6.176176176176176313e-02 2.992645407048825645e-01
6.177177177177177458e-02 2.986645712205675540e-01
6.178178178178177909e-02 2.980693616348015773e-01
6.179179179179179054e-02 2.974789306907233977e-01
6.180180180180180199e-02 2.968932969269068578e-01
6.181181181181181344e-02 2.963124786728082438e-01
6.182182182182181795e-02 2.957364940442052115e-01
6.183183183183182940e-02 2.951653609386235000e-01
6.184184184184184085e-02 2.945990970307637014e-01
6.185185185185185230e-02 2.940377197679235333e-01
6.186186186186186375e-02 2.934812463654132841e-01
6.187187187187186826e-02 2.929296938019827490e-01
6.188188188188187971e-02 2.923830788152360638e-01
6.189189189189189116e-02 2.918414178970662465e-01
6.190190190190190261e-02 2.913047272890851858e-01
6.191191191191191406e-02 2.907730229780725040e-01
6.192192192192191857e-02 2.902463206914237537e-01
6.193193193193193002e-02 2.897246358926240939e-01
6.194194194194194147e-02 2.892079837767298489e-01
6.195195195195195292e-02 2.886963792658727712e-01
6.196196196196196437e-02 2.881898370047822344e-01
6.197197197197196888e-02 2.876883713563316292e-01
6.198198198198198033e-02 2.871919963971066303e-01
6.199199199199199178e-02 2.867007259130080477e-01
6.200200200200200323e-02 2.862145733948771031e-01
6.201201201201201468e-02 2.857335520341592883e-01
6.202202202202201919e-02 2.852576747185981976e-01
6.203203203203203064e-02 2.847869540279714395e-01
6.204204204204204209e-02 2.843214022298634069e-01
6.205205205205205354e-02 2.838610312754827891e-01
6.206206206206206499e-02 2.834058527955219398e-01
6.207207207207206950e-02 2.829558780960697573e-01
6.208208208208208095e-02 2.825111181545654770e-01
6.209209209209209240e-02 2.820715836158161349e-01
6.210210210210210385e-02 2.816372847880619923e-01
6.211211211211210836e-02 2.812082316391002479e-01
6.212212212212211981e-02 2.807844337924701450e-01
6.213213213213213126e-02 2.803659005246537661e-01
6.214214214214214271e-02 2.799526407575893550e-01
6.215215215215215416e-02 2.795446630606541749e-01
6.216216216216215867e-02 2.791419756437074629e-01
6.217217217217217012e-02 2.787445863539793622e-01
6.218218218218218157e-02 2.783525026730205854e-01
6.219219219219219302e-02 2.779657317134417993e-01
6.220220220220220447e-02 2.775842802154390165e-01
6.221221221221220898e-02 2.772081545437888872e-01
6.222222222222222043e-02 2.768373606847331914e-01
6.223223223223223188e-02 2.764719042429936713e-01
6.224224224224224333e-02 2.761117904388752931e-01
6.225225225225225478e-02 2.757570241054606019e-01
6.226226226226225929e-02 2.754076096858966705e-01
6.227227227227227074e-02 2.750635512307788577e-01
6.228228228228228219e-02 2.747248523956375976e-01
6.229229229229229364e-02 2.743915164385163918e-01
6.230230230230230509e-02 2.740635462176589932e-01
6.231231231231230960e-02 2.737409441893028927e-01
6.232232232232232105e-02 2.734237124055667323e-01
6.233233233233233250e-02 2.731118525124628937e-01
6.234234234234234395e-02 2.728053657480038474e-01
6.235235235235235540e-02 2.725042529404311797e-01
6.236236236236235991e-02 2.722085145065541445e-01
6.237237237237237136e-02 2.719181504501982927e-01
6.238238238238238281e-02 2.716331603607797240e-01
6.239239239239239426e-02 2.713405268320962516e-01
6.240240240240239877e-02 2.710524425427930928e-01
6.241241241241241022e-02 2.707697057055271639e-01
6.242242242242242167e-02 2.704923147532526384e-01
6.243243243243243312e-02 2.702202677057939373e-01
6.244244244244244457e-02 2.699535621689769793e-01
6.245245245245244908e-02 2.696921953338666800e-01
6.246246246246246053e-02 2.694361639760832761e-01
6.247247247247247198e-02 2.691854644555186082e-01
6.248248248248248343e-02 2.689400927156093690e-01
6.249249249249249488e-02 2.687000442833001324e-01
6.250250250250249939e-02 2.684653142688507299e-01
6.251251251251251084e-02 2.682358973658232060e-01
6.252252252252252229e-02 2.680117878511965035e-01
6.253253253253253374e-02 2.677929795856071604e-01
6.254254254254254519e-02 2.675794660137149616e-01
6.255255255255255664e-02 2.673712401646978210e-01
6.256256256256256809e-02 2.671682946528701752e-01
6.257257257257256566e-02 2.669706216784328845e-01
6.258258258258257711e-02 2.667782130283441466e-01
6.259259259259258856e-02 2.665910600773224171e-01
6.260260260260260001e-02 2.664091537889739514e-01
6.261261261261261146e-02 2.662324847170418063e-01
6.262262262262262291e-02 2.660610430067903431e-01
6.263263263263263436e-02 2.658948183965023082e-01
6.264264264264264581e-02 2.657338002191115267e-01
6.265265265265265726e-02 2.655779774039531138e-01
6.266266266266266871e-02 2.654273384786368650e-01
6.267267267267266628e-02 2.652818715710434372e-01
6.268268268268267773e-02 2.651415644114447634e-01
6.269269269269268918e-02 2.650064043347374332e-01
6.270270270270270063e-02 2.648763782828008062e-01
6.271271271271271208e-02 2.647514728069692569e-01
6.272272272272272353e-02 2.646316740706242121e-01
6.273273273273273498e-02 2.645169678518942691e-01
6.274274274274274643e-02 2.644073395464772158e-01
6.275275275275275788e-02 2.643027741705664124e-01
6.276276276276276933e-02 2.642032563638922471e-01
6.277277277277276690e-02 2.641087703928664543e-01
6.278278278278277835e-02 2.640193001538408968e-01
6.279279279279278980e-02 2.639348291764638255e-01
6.280280280280280125e-02 2.638553406271417767e-01
6.281281281281281270e-02 2.637808173126017786e-01
6.282282282282282415e-02 2.637112416835534212e-01
6.283283283283283560e-02 2.636465958384468511e-01
6.284284284284284705e-02 2.635868615273233573e-01
6.285285285285285850e-02 2.635320201557613262e-01
6.286286286286285607e-02 2.634820527889099595e-01
6.287287287287286752e-02 2.634369401556094781e-01
6.288288288288287897e-02 2.633966626526004218e-01
6.289289289289289042e-02 2.633612003488119968e-01
6.290290290290290187e-02 2.633305329897326907e-01
6.291291291291291332e-02 2.633046400018553279e-01
6.292292292292292477e-02 2.632835004972035597e-01
6.293293293293293622e-02 2.632670932779244688e-01
6.294294294294294767e-02 2.632553968409530043e-01
6.295295295295295912e-02 2.632483893827495258e-01
6.296296296296295669e-02 2.632460488040888058e-01
6.297297297297296814e-02 2.632483527149259150e-01
6.298298298298297959e-02 2.632552784393114020e-01
6.299299299299299104e-02 2.632668030203658693e-01
6.300300300300300249e-02 2.632829032253086732e-01
6.301301301301301394e-02 2.633035555505379710e-01
6.302302302302302539e-02 2.633287362267556775e-01
6.303303303303303684e-02 2.633584212241420475e-01
6.304304304304304829e-02 2.633925862575701160e-01
6.305305305305305974e-02 2.634312067918613276e-01
6.306306306306305731e-02 2.634742580470754714e-01
6.307307307307306876e-02 2.635217150038394185e-01
6.308308308308308021e-02 2.635735524087031156e-01
6.309309309309309166e-02 2.636297447795247773e-01
6.310310310310310311e-02 2.636902664108857763e-01
6.311311311311311456e-02 2.637550913795233543e-01
6.312312312312312601e-02 2.638241935497874224e-01
6.313313313313313746e-02 2.638975465791127406e-01
6.314314314314314891e-02 2.639751239235088587e-01
6.315315315315314648e-02 2.640568988430603836e-01
6.316316316316315793e-02 2.641428444074363502e-01
6.317317317317316938e-02 2.642329335014096947e-01
6.318318318318318083e-02 2.643271388303778391e-01
6.319319319319319228e-02 2.644254329258876601e-01
6.320320320320320373e-02 2.645277881511584051e-01
6.321321321321321518e-02 2.646341767066050510e-01
6.322322322322322663e-02 2.647445706353497297e-01
6.323323323323323808e-02 2.648589418287323194e-01
6.324324324324324953e-02 2.649772620318058269e-01
6.325325325325324710e-02 2.650995028488229432e-01
6.326326326326325855e-02 2.652256357487049465e-01
6.327327327327327000e-02 2.653556320704948956e-01
6.328328328328328145e-02 2.654894630287920609e-01
6.329329329329329290e-02 2.656270997191639838e-01
6.330330330330330435e-02 2.657685131235358322e-01
6.331331331331331580e-02 2.659136741155549988e-01
6.332332332332332725e-02 2.660625534659263880e-01
6.333333333333333870e-02 2.662151218477185610e-01
6.334334334334335015e-02 2.663713498416417358e-01
6.335335335335334772e-02 2.665312079412885948e-01
6.336336336336335917e-02 2.666946665583425635e-01
6.337337337337337062e-02 2.668616960277485073e-01
6.338338338338338207e-02 2.670322666128459588e-01
6.339339339339339352e-02 2.672063485104615443e-01
6.340340340340340497e-02 2.673839118559609984e-01
6.341341341341341642e-02 2.675649267282567134e-01
6.342342342342342787e-02 2.677493631547718800e-01
6.343343343343343932e-02 2.679371911163591635e-01
6.344344344344345077e-02 2.681283805521703645e-01
6.345345345345344834e-02 2.683229013644796712e-01
6.346346346346345979e-02 2.685207234234566198e-01
6.347347347347347124e-02 2.687218165718862628e-01
6.348348348348348269e-02 2.689261506298396553e-01
6.349349349349349414e-02 2.691336953992902736e-01
6.350350350350350559e-02 2.693444206686760323e-01
6.351351351351351704e-02 2.695582962174075670e-01
6.352352352352352849e-02 2.697752918203177308e-01
6.353353353353353994e-02 2.699953772520556350e-01
6.354354354354355139e-02 2.702185222914249008e-01
6.355355355355354896e-02 2.704446967256607381e-01
6.356356356356356041e-02 2.706738703546484603e-01
6.357357357357357186e-02 2.709060129950825457e-01
6.358358358358358331e-02 2.711410944845651927e-01
6.359359359359359476e-02 2.713790846856437566e-01
6.360360360360360621e-02 2.716199534897870138e-01
6.361361361361361766e-02 2.718636708212984754e-01
6.362362362362362911e-02 2.721102066411684728e-01
6.363363363363364056e-02 2.723595309508629048e-01
6.364364364364363813e-02 2.726116137960476471e-01
6.365365365365364958e-02 2.728664252702528992e-01
6.366366366366366103e-02 2.731239355184698070e-01
6.367367367367367248e-02 2.733841147406864125e-01
6.368368368368368393e-02 2.736469331953574335e-01
6.369369369369369538e-02 2.739123612028113719e-01
6.370370370370370683e-02 2.741803691485936723e-01
6.371371371371371828e-02 2.744509274867432680e-01
6.372372372372372973e-02 2.747240067430071209e-01
6.373373373373374118e-02 2.749995775179914781e-01
6.374374374374373875e-02 2.752776104902446841e-01
6.375375375375375020e-02 2.755580764192819831e-01
6.376376376376376165e-02 2.758409461485397118e-01
6.377377377377377310e-02 2.761261906082722595e-01
6.378378378378378455e-02 2.764137808183804723e-01
6.379379379379379600e-02 2.767036878911791620e-01
6.380380380380380745e-02 2.769958830341021638e-01
6.381381381381381890e-02 2.772903375523426694e-01
6.382382382382383035e-02 2.775870228514321081e-01
6.383383383383384180e-02 2.778859104397576885e-01
6.384384384384383937e-02 2.781869719310153255e-01
6.385385385385385082e-02 2.784901790466068339e-01
6.386386386386386227e-02 2.787955036179695090e-01
6.387387387387387372e-02 2.791029175888498082e-01
6.388388388388388517e-02 2.794123930175147485e-01
6.389389389389389662e-02 2.797239020788787056e-01
6.390390390390390807e-02 2.800374170666989349e-01
6.391391391391391952e-02 2.803529103958394830e-01
6.392392392392393097e-02 2.806703546028339602e-01
6.393393393393392854e-02 2.809897223500497088e-01
6.394394394394393999e-02 2.813109864260356918e-01
6.395395395395395144e-02 2.816341197477080782e-01
6.396396396396396289e-02 2.819590953621003426e-01
6.397397397397397434e-02 2.822858864480596308e-01
6.398398398398398579e-02 2.826128544143744481e-01
6.399399399399399724e-02 2.829317047813165731e-01
6.400400400400400869e-02 2.832523327333281715e-01
6.401401401401402014e-02 2.835747122311952917e-01
6.402402402402403159e-02 2.838988173676550431e-01
6.403403403403402916e-02 2.842246223719098741e-01
6.404404404404404061e-02 2.845521016105604928e-01
6.405405405405405206e-02 2.848812295876975154e-01
6.406406406406406351e-02 2.852119809480700430e-01
6.407407407407407496e-02 2.855443304770743373e-01
6.408408408408408641e-02 2.858782531022638351e-01
6.409409409409409786e-02 2.862137238944997275e-01
6.410410410410410931e-02 2.865507180690505806e-01
6.411411411411412076e-02 2.868892109866508222e-01
6.412412412412413221e-02 2.872291781545121547e-01
6.413413413413412978e-02 2.875705952272913923e-01
6.414414414414414123e-02 2.879134380080153321e-01
6.415415415415415268e-02 2.882576824489597178e-01
6.416416416416416413e-02 2.886033046524897339e-01
6.417417417417417558e-02 2.889502808718569238e-01
6.418418418418418703e-02 2.892586354569108842e-01
6.419419419419419848e-02 2.895586600939395461e-01
6.420420420420420993e-02 2.898602528192824601e-01
6.421421421421422138e-02 2.901633910274904471e-01
6.422422422422421895e-02 2.904680522330762571e-01
6.423423423423423040e-02 2.907742140716557677e-01
6.424424424424424185e-02 2.910818543010438297e-01
6.425425425425425330e-02 2.913909508023203587e-01
6.426426426426426475e-02 2.917014815808522954e-01
6.427427427427427620e-02 2.920134247672814820e-01
6.428428428428428765e-02 2.923267586184760125e-01
6.429429429429429910e-02 2.926414615184418921e-01
6.430430430430431055e-02 2.929575119792031668e-01
6.431431431431432200e-02 2.932748886416424727e-01
6.432432432432431957e-02 2.935935702763108335e-01
6.433433433433433102e-02 2.939135357842025953e-01
6.434434434434434247e-02 2.942347641974901173e-01
6.435435435435435392e-02 2.945572346802350916e-01
6.436436436436436537e-02 2.948809265290590065e-01
6.437437437437437682e-02 2.952058191737865211e-01
6.438438438438438827e-02 2.955318921780520913e-01
6.439439439439439972e-02 2.958591252398810045e-01
6.440440440440441117e-02 2.961874981922331673e-01
6.441441441441442262e-02 2.965169910035231893e-01
6.442442442442442019e-02 2.968475837782027504e-01
6.443443443443443164e-02 2.971792567568231624e-01
6.444444444444444309e-02 2.975119903170614366e-01
6.445445445445445454e-02 2.978457649737213386e-01
6.446446446446446599e-02 2.981805613792039567e-01
6.447447447447447744e-02 2.985163603238542573e-01
6.448448448448448889e-02 2.988531427362789983e-01
6.449449449449450034e-02 2.991908896836396048e-01
6.450450450450451179e-02 2.995295823719149042e-01
6.451451451451450936e-02 2.998692021461439872e-01
6.452452452452452081e-02 3.002097304906423680e-01
6.453453453453453226e-02 3.005511490291905563e-01
6.454454454454454371e-02 3.008934395252021443e-01
6.455455455455455516e-02 3.012365838818674701e-01
6.456456456456456661e-02 3.015805641422736882e-01
6.457457457457457806e-02 3.019253624895019694e-01
6.458458458458458951e-02 3.022709612467041618e-01
6.459459459459460096e-02 3.026173428771568030e-01
6.460460460460461241e-02 3.029644899842918182e-01
6.461461461461460998e-02 3.033123853117098423e-01
6.462462462462462143e-02 3.036610117431727818e-01
6.463463463463463288e-02 3.040103523025730059e-01
6.464464464464464433e-02 3.043603901538866063e-01
6.465465465465465578e-02 3.047111086011077830e-01
6.466466466466466723e-02 3.050624910881599150e-01
6.467467467467467868e-02 3.054095290522499950e-01
6.468468468468469013e-02 3.057237315718521753e-01
6.469469469469470158e-02 3.060388323071906447e-01
6.470470470470471303e-02 3.063548154019580250e-01
6.471471471471471060e-02 3.066716651200310784e-01
6.472472472472472205e-02 3.069893658456493979e-01
6.473473473473473350e-02 3.073079020835720598e-01
6.474474474474474495e-02 3.076272584592171233e-01
6.475475475475475640e-02 3.079474197187836437e-01
6.476476476476476785e-02 3.082683707293519260e-01
6.477477477477477930e-02 3.085900964789696221e-01
6.478478478478479075e-02 3.089125820767161801e-01
6.479479479479480220e-02 3.092358127527533584e-01
6.480480480480479977e-02 3.095597738583568126e-01
6.481481481481481122e-02 3.098844508659318042e-01
6.482482482482482267e-02 3.102098293690105368e-01
6.483483483483483412e-02 3.105358950822359465e-01
6.484484484484484557e-02 3.108626338413282286e-01
6.485485485485485702e-02 3.111900316030378200e-01
6.486486486486486847e-02 3.115180744450788963e-01
6.487487487487487992e-02 3.118467485660526006e-01
6.488488488488489137e-02 3.121760402853544503e-01
6.489489489489490281e-02 3.125059360430642585e-01
6.490490490490490039e-02 3.128364223998278959e-01
6.491491491491491184e-02 3.131674860367213431e-01
6.492492492492492329e-02 3.134991137551005891e-01
6.493493493493493474e-02 3.138312924764415368e-01
6.494494494494494619e-02 3.141640092421663089e-01
6.495495495495495764e-02 3.144972512134546760e-01
6.496496496496496909e-02 3.148310056710467708e-01
6.497497497497498053e-02 3.151652600150300354e-01
6.498498498498499198e-02 3.155000017646192312e-01
6.499499499499500343e-02 3.158352185579187399e-01
6.500500500500500101e-02 3.161708981516799244e-01
6.501501501501501246e-02 3.165070284210451113e-01
6.502502502502502391e-02 3.168435973592776955e-01
6.503503503503503536e-02 3.171805930774868609e-01
6.504504504504504681e-02 3.175180038043405872e-01
6.505505505505505826e-02 3.178558178856030203e-01
6.506506506506506970e-02 3.181940237844851915e-01
6.507507507507508115e-02 3.185326100803404503e-01
6.508508508508509260e-02 3.188715654689990853e-01
6.509509509509509018e-02 3.192108787622670030e-01
6.510510510510510163e-02 3.195505388875854447e-01
6.511511511511511308e-02 3.198905348876756038e-01
6.512512512512512453e-02 3.202308559201801907e-01
6.513513513513513598e-02 3.205714912568973229e-01
6.514514514514514743e-02 3.209124302849959420e-01
6.515515515515515887e-02 3.212536625042449190e-01
6.516516516516517032e-02 3.215951775282138714e-01
6.517517517517518177e-02 3.219369650834755792e-01
6.518518518518519322e-02 3.222790150092016415e-01
6.519519519519519080e-02 3.226213172565836618e-01
6.520520520520520225e-02 3.229638618890833812e-01
6.521521521521521370e-02 3.233066390810014346e-01
6.522522522522522515e-02 3.236496391177180465e-01
6.523523523523523659e-02 3.239928523950879047e-01
6.524524524524524804e-02 3.243362694189952933e-01
6.525525525525525949e-02 3.246798808049066176e-01
6.526526526526527094e-02 3.250236772774156568e-01
6.527527527527528239e-02 3.253676496697824327e-01
6.528528528528529384e-02 3.257117889234704133e-01
6.529529529529529142e-02 3.260560860876736133e-01
6.530530530530530287e-02 3.264005323188452490e-01
6.531531531531531432e-02 3.267451188802154571e-01
6.532532532532532576e-02 3.270898371413079597e-01
6.533533533533533721e-02 3.274346785774526203e-01
6.534534534534534866e-02 3.277796347692911172e-01
6.535535535535536011e-02 3.281246974022824503e-01
6.536536536536537156e-02 3.284698582662010091e-01
6.537537537537538301e-02 3.288151092546324206e-01
6.538538538538538059e-02 3.291604423644651778e-01
6.539539539539539204e-02 3.295058496953819915e-01
6.540540540540540349e-02 3.298513234493405388e-01
6.541541541541541493e-02 3.301968559300594297e-01
6.542542542542542638e-02 3.305424395424943484e-01
6.543543543543543783e-02 3.308880667916643259e-01
6.544544544544544928e-02 3.312337302847322973e-01
6.545545545545546073e-02 3.315794227265619343e-01
6.546546546546547218e-02 3.319251369217952052e-01
6.547547547547548363e-02 3.322708657736661575e-01
6.548548548548549508e-02 3.326166022834624592e-01
6.549549549549549265e-02 3.329623395499869964e-01
6.550550550550550410e-02 3.333080707690179723e-01
6.551551551551551555e-02 3.336537892327627874e-01
6.552552552552552700e-02 3.339994883293151973e-01
6.553553553553553845e-02 3.343451615421072498e-01
6.554554554554554990e-02 3.346908024493607803e-01
6.555555555555556135e-02 3.350364047235372400e-01
6.556556556556557280e-02 3.353819621307853049e-01
6.557557557557558425e-02 3.357274685303894279e-01
6.558558558558558182e-02 3.360729178742121182e-01
6.559559559559559327e-02 3.364183042061428819e-01
6.560560560560560472e-02 3.367636216615354505e-01
6.561561561561561617e-02 3.371088644666548340e-01
6.562562562562562762e-02 3.374540269381162139e-01
6.563563563563563907e-02 3.377991034823257244e-01
6.564564564564565052e-02 3.381440885949189568e-01
6.565565565565566197e-02 3.384889768602012405e-01
6.566566566566567342e-02 3.388337629505839277e-01
6.567567567567567099e-02 3.391784416260227863e-01
6.568568568568568244e-02 3.395230077334573937e-01
6.569569569569569389e-02 3.398674562062433679e-01
6.570570570570570534e-02 3.402117820635910395e-01
6.571571571571571679e-02 3.405559804100009025e-01
6.572572572572572824e-02 3.409000464347010650e-01
6.573573573573573969e-02 3.412439754110805912e-01
6.574574574574575114e-02 3.415877626961259517e-01
6.575575575575576259e-02 3.419314037298572528e-01
6.576576576576577404e-02 3.422748940347633551e-01
6.577577577577578549e-02 3.426182292152367137e-01
6.578578578578578306e-02 3.429614049570104406e-01
6.579579579579579451e-02 3.433044170265963091e-01
6.580580580580580596e-02 3.436472612696998552e-01
6.581581581581581741e-02 3.439899336147277387e-01
6.582582582582582886e-02 3.443324300661220194e-01
6.583583583583584031e-02 3.446747467078668525e-01
6.584584584584585176e-02 3.450168797019088074e-01
6.585585585585586321e-02 3.453588252875957054e-01
6.586586586586587466e-02 3.457005797811158465e-01
6.587587587587587223e-02 3.460421395749367912e-01
6.588588588588588368e-02 3.463835011372488060e-01
6.589589589589589513e-02 3.467246610114031458e-01
6.590590590590590658e-02 3.470656158153547222e-01
6.591591591591591803e-02 3.474063622411054375e-01
6.592592592592592948e-02 3.477468970541485738e-01
6.593593593593594093e-02 3.480872170929119047e-01
6.594594594594595238e-02 3.484273192682039166e-01
6.595595595595596383e-02 3.487672005626604177e-01
6.596596596596596140e-02 3.491068580301917579e-01
6.597597597597597285e-02 3.494462887954314922e-01
6.598598598598598430e-02 3.497854900531862099e-01
6.599599599599599575e-02 3.501244590678855850e-01
6.600600600600600720e-02 3.504631931730342598e-01
6.601601601601601865e-02 3.508016897706660586e-01
6.602602602602603010e-02 3.511399463307966484e-01
6.603603603603604155e-02 3.514779603908799177e-01
6.604604604604605300e-02 3.518157295552644670e-01
6.605605605605606445e-02 3.521532514946516534e-01
6.606606606606607590e-02 3.524905239442327476e-01
6.607607607607607347e-02 3.528275447084401883e-01
6.608608608608608492e-02 3.531643116524713633e-01
6.609609609609609637e-02 3.535008227070450260e-01
6.610610610610610782e-02 3.538370758665438376e-01
6.611611611611611927e-02 3.541730691884791837e-01
6.612612612612613072e-02 3.545088007929599883e-01
6.613613613613614217e-02 3.548442688607450490e-01
6.614614614614615362e-02 3.551794716383824824e-01
6.615615615615616507e-02 3.555144074291770040e-01
6.616616616616616264e-02 3.558490745983324821e-01
6.617617617617617409e-02 3.561834715710148758e-01
6.618618618618618554e-02 3.565175968318250455e-01
6.619619619619619699e-02 3.568514489242780585e-01
6.620620620620620844e-02 3.571850264502841044e-01
6.621621621621621989e-02 3.575183280696302979e-01
6.622622622622623134e-02 3.578513524994645922e-01
6.623623623623624279e-02 3.581840985137803579e-01
6.624624624624625424e-02 3.585165649429032930e-01
6.625625625625626569e-02 3.588487506729813870e-01
6.626626626626626326e-02 3.591806546454728855e-01
6.627627627627627471e-02 3.595122758566424159e-01
6.628628628628628616e-02 3.598436133570503959e-01
6.629629629629629761e-02 3.601746662510513786e-01
6.630630630630630906e-02 3.605054336962912886e-01
6.631631631631632051e-02 3.608359149015539780e-01
6.632632632632633196e-02 3.611661091328731144e-01
6.633633633633634341e-02 3.614960157031151811e-01
6.634634634634635486e-02 3.618256339781000253e-01
6.635635635635636631e-02 3.621549633744535757e-01
6.636636636636636388e-02 3.624840033592629518e-01
6.637637637637637533e-02 3.628127534489909434e-01
6.638638638638638678e-02 3.631412132098882362e-01
6.639639639639639823e-02 3.634693822569036725e-01
6.640640640640640968e-02 3.637972602533527389e-01
6.641641641641642113e-02 3.641248469104335639e-01
6.642642642642643258e-02 3.644521419867480239e-01
6.643643643643644403e-02 3.647791452878217933e-01
6.644644644644645548e-02 3.651058566656305571e-01
6.645645645645645305e-02 3.654322760181221152e-01
6.646646646646646450e-02 3.657584032887464809e-01
6.647647647647647595e-02 3.660842384659830362e-01
6.648648648648648740e-02 3.664097815828725735e-01
6.649649649649649885e-02 3.667350327165510016e-01
6.650650650650651030e-02 3.670599919877830519e-01
6.651651651651652175e-02 3.673846595605015364e-01
6.652652652652653320e-02 3.677090356413436067e-01
6.653653653653654465e-02 3.680331204791942312e-01
6.654654654654655610e-02 3.683569143647273392e-01
6.655655655655655367e-02 3.686804176299516289e-01
6.656656656656656512e-02 3.690036306477584849e-01
6.657657657657657657e-02 3.693265538314688956e-01
6.658658658658658802e-02 3.696491876343849792e-01
6.659659659659659947e-02 3.699715325493438400e-01
6.660660660660661092e-02 3.702935891082710373e-01
6.661661661661662237e-02 3.706153578817390493e-01
6.662662662662663382e-02 3.709368394785254597e-01
6.663663663663664527e-02 3.712580345451730324e-01
6.664664664664665672e-02 3.715789437655538929e-01
6.665665665665665429e-02 3.718995678604331556e-01
6.666666666666666574e-02 3.722199075870386564e-01
6.667667667667667719e-02 3.725399637386251905e-01
6.668668668668668864e-02 3.728597371440502961e-01
6.669669669669670009e-02 3.731792286673442649e-01
6.670670670670671154e-02 3.734984392072860371e-01
6.671671671671672299e-02 3.738173696969804283e-01
6.672672672672673444e-02 3.741360211011212078e-01
6.673673673673674589e-02 3.744543944248392431e-01
6.674674674674674346e-02 3.747724906993785687e-01
6.675675675675675491e-02 3.750903109909574651e-01
6.676676676676676636e-02 3.754078563980350891e-01
6.677677677677677781e-02 3.757251280509013025e-01
6.678678678678678926e-02 3.760421271112669439e-01
6.679679679679680071e-02 3.763588547718588195e-01
6.680680680680681216e-02 3.766753122560131950e-01
6.681681681681682361e-02 3.769915008172735615e-01
6.682682682682683506e-02 3.773074217389900675e-01
6.683683683683684651e-02 3.776230763339213925e-01
6.684684684684684408e-02 3.779384659438371208e-01
6.685685685685685553e-02 3.782535919391250001e-01
6.686686686686686698e-02 3.785684557182271703e-01
6.687687687687687843e-02 3.788830587079275447e-01
6.688688688688688988e-02 3.791974023619464340e-01
6.689689689689690133e-02 3.795114881612325908e-01
6.690690690690691278e-02 3.798253176134100406e-01
6.691691691691692423e-02 3.801388922523943892e-01
6.692692692692693568e-02 3.804522136380121267e-01
6.693693693693694713e-02 3.807652833556241512e-01
6.694694694694694470e-02 3.810781030157469051e-01
6.695695695695695615e-02 3.813906742536808392e-01
6.696696696696696760e-02 3.817029987291353232e-01
6.697697697697697905e-02 3.820150781258603856e-01
6.698698698698699050e-02 3.823269141512771752e-01
6.699699699699700195e-02 3.826385085361123095e-01
6.700700700700701340e-02 3.829498630340341103e-01
6.701701701701702485e-02 3.832609794212893384e-01
6.702702702702703630e-02 3.835718594963432593e-01
6.703703703703703387e-02 3.838825050795214855e-01
6.704704704704704532e-02 3.841929180126553156e-01
6.705705705705705677e-02 3.845031001587250752e-01
6.706706706706706822e-02 3.848130534015088977e-01
6.707707707707707967e-02 3.851227796452330598e-01
6.708708708708709112e-02 3.854322808142231493e-01
6.709709709709710257e-02 3.857415588525587302e-01
6.710710710710711402e-02 3.860506157237284519e-01
6.711711711711712547e-02 3.863594534101208455e-01
6.712712712712713692e-02 3.866680739133531164e-01
6.713713713713713449e-02 3.869764792529280517e-01
6.714714714714714594e-02 3.872846714665702517e-01
6.715715715715715739e-02 3.875926526097217550e-01
6.716716716716716884e-02 3.879004247552106932e-01
6.717717717717718029e-02 3.882079899929207767e-01
6.718718718718719174e-02 3.885153504294636684e-01
6.719719719719720319e-02 3.888225081878527445e-01
6.720720720720721464e-02 3.891294654071778547e-01
6.721721721721722609e-02 3.894362242422839127e-01
6.722722722722723754e-02 3.897427868634502079e-01
6.723723723723723511e-02 3.900491554560712171e-01
6.724724724724724656e-02 3.903553322203426323e-01
6.725725725725725801e-02 3.906613193709443377e-01
6.726726726726726946e-02 3.909671191367284915e-01
6.727727727727728091e-02 3.912727337604111622e-01
6.728728728728729236e-02 3.915781654982593563e-01
6.729729729729730381e-02 3.918834166197894819e-01
6.730730730730731526e-02 3.921884894074590955e-01
6.731731731731732671e-02 3.924933861563659199e-01
6.732732732732732428e-02 3.927981091739467523e-01
6.733733733733733573e-02 3.931026607796777039e-01
6.734734734734734718e-02 3.934070433047791582e-01
6.735735735735735863e-02 3.937112590919195632e-01
6.736736736736737008e-02 3.940153104949222773e-01
6.737737737737738153e-02 3.943191998784756902e-01
6.738738738738739298e-02 3.946229296178426216e-01
6.739739739739740443e-02 3.949265020984127905e-01
6.740740740740741588e-02 3.952299197160654698e-01
6.741741741741742733e-02 3.955331848759112701e-01
6.742742742742742490e-02 3.958362999926615111e-01
6.743743743743743635e-02 3.961392674901863531e-01
6.744744744744744780e-02 3.964420898012374628e-01
6.745745745745745925e-02 3.967447693671709574e-01
6.746746746746747070e-02 3.970473086376752891e-01
6.747747747747748215e-02 3.973497100704976304e-01
6.748748748748749360e-02 3.976519761311759771e-01
6.749749749749750505e-02 3.979541092927691426e-01
6.750750750750751650e-02 3.982561120355918027e-01
6.751751751751752795e-02 3.985579868469503739e-01
6.752752752752752552e-02 3.988597362208794461e-01
6.753753753753753697e-02 3.991613626578831564e-01
6.754754754754754842e-02 3.994628686646740090e-01
6.755755755755755987e-02 3.997642567539189118e-01
6.756756756756757132e-02 4.000655294439824372e-01
6.757757757757758277e-02 4.003666892586741910e-01
6.758758758758759422e-02 4.006677387269994561e-01
6.759759759759760567e-02 4.009686803829067836e-01
6.760760760760761712e-02 4.012695167650431327e-01
6.761761761761761469e-02 4.015702504165077347e-01
6.762762762762762614e-02 4.018708838846089537e-01
6.763763763763763759e-02 4.021714197206214814e-01
6.764764764764764904e-02 4.024718604795456400e-01
6.765765765765766049e-02 4.027722087198722378e-01
6.766766766766767194e-02 4.030724670033436485e-01
6.767767767767768339e-02 4.033726378947210534e-01
6.768768768768769484e-02 4.036727239615508500e-01
6.769769769769770629e-02 4.039727277739341704e-01
6.770770770770771774e-02 4.042726519042979527e-01
6.771771771771772919e-02 4.045724989271684557e-01
6.772772772772772676e-02 4.048722714189452176e-01
6.773773773773773821e-02 4.051719719576793999e-01
6.774774774774774966e-02 4.054716031228489115e-01
6.775775775775776111e-02 4.057711674951414715e-01
6.776776776776777256e-02 4.060706676562356177e-01
6.777777777777778401e-02 4.063701061885839905e-01
6.778778778778779546e-02 4.066694856752015030e-01
6.779779779779780691e-02 4.069688086994482923e-01
6.780780780780781836e-02 4.072680778448229955e-01
6.781781781781781593e-02 4.075672956947515857e-01
6.782782782782782738e-02 4.078664648323818698e-01
6.783783783783783883e-02 4.081655878403763760e-01
6.784784784784785028e-02 4.084646673007091278e-01
6.785785785785786173e-02 4.087637057944643049e-01
6.786786786786787318e-02 4.090524935633979564e-01
6.787787787787788463e-02 4.093214179399493058e-01
6.788788788788789608e-02 4.095901818330263122e-01
6.789789789789790753e-02 4.098587884764197109e-01
6.790790790790790510e-02 4.101272411038823784e-01
6.791791791791791655e-02 4.103955429489354323e-01
6.792792792792792800e-02 4.106636972446763290e-01
6.793793793793793945e-02 4.109317072235882939e-01
6.794794794794795090e-02 4.111995761173526942e-01
6.795795795795796235e-02 4.114673071566618545e-01
6.796796796796797380e-02 4.117349035710313188e-01
6.797797797797798525e-02 4.120023685886172737e-01
6.798798798798799670e-02 4.122697054360338065e-01
6.799799799799800815e-02 4.125369173381690513e-01
6.800800800800801960e-02 4.128040075180074986e-01
6.801801801801801717e-02 4.130709791964496391e-01
6.802802802802802862e-02 4.133378355921362157e-01
6.803803803803804007e-02 4.136045799212711982e-01
6.804804804804805152e-02 4.138712153974469232e-01
6.805805805805806297e-02 4.141377452314725649e-01
6.806806806806807442e-02 4.144041726312004958e-01
6.807807807807808587e-02 4.146705008013591431e-01
6.808808808808809732e-02 4.149367329433801821e-01
6.809809809809810877e-02 4.152028722552345008e-01
6.810810810810810634e-02 4.154689219312627801e-01
6.811811811811811779e-02 4.157348851620163432e-01
6.812812812812812924e-02 4.160007651340866253e-01
6.813813813813814069e-02 4.162665650299490760e-01
6.814814814814815214e-02 4.165322880278006790e-01
6.815815815815816359e-02 4.167979373013989131e-01
6.816816816816817504e-02 4.170635160199071545e-01
6.817817817817818649e-02 4.173290273477369694e-01
6.818818818818819794e-02 4.175944744443924606e-01
6.819819819819819551e-02 4.178598604643172787e-01
6.820820820820820696e-02 4.181251885567427995e-01
6.821821821821821841e-02 4.183904618655362451e-01
6.822822822822822986e-02 4.186556835290501377e-01
6.823823823823824131e-02 4.189208566799774158e-01
6.824824824824825276e-02 4.191859844452025530e-01
6.825825825825826421e-02 4.194510699456534542e-01
6.826826826826827566e-02 4.197161162961624559e-01
6.827827827827828711e-02 4.199811266053187220e-01
6.828828828828829856e-02 4.202461039753307981e-01
6.829829829829831001e-02 4.205110515018831152e-01
6.830830830830830758e-02 4.207759722739976005e-01
6.831831831831831903e-02 4.210408693738998953e-01
6.832832832832833048e-02 4.213057458768766361e-01
6.833833833833834193e-02 4.215706048511462245e-01
6.834834834834835338e-02 4.218354493577231024e-01
6.835835835835836483e-02 4.221002824502845807e-01
6.836836836836837628e-02 4.223651071750412211e-01
6.837837837837838773e-02 4.226299265706064401e-01
6.838838838838839917e-02 4.228947436678691663e-01
6.839839839839839675e-02 4.231595614898652213e-01
6.840840840840840820e-02 4.234243830516533635e-01
6.841841841841841965e-02 4.236892113601896104e-01
6.842842842842843110e-02 4.239540494142031712e-01
6.843843843843844255e-02 4.242189002040771539e-01
6.844844844844845400e-02 4.244837667117255520e-01
6.845845845845846545e-02 4.247486519104758385e-01
6.846846846846847690e-02 4.250135587649488955e-01
6.847847847847848834e-02 4.252784902309438841e-01
6.848848848848848592e-02 4.255434492553214487e-01
6.849849849849849737e-02 4.258084387758914180e-01
6.850850850850850882e-02 4.260734617212973419e-01
6.851851851851852027e-02 4.263385210109062462e-01
6.852852852852853172e-02 4.266036195546984433e-01
6.853853853853854317e-02 4.268687602531565650e-01
6.854854854854855462e-02 4.271339459971595365e-01
6.855855855855856607e-02 4.273991796678748289e-01
6.856856856856857751e-02 4.276644641366539323e-01
6.857857857857858896e-02 4.279298022649254962e-01
6.858858858858860041e-02 4.281951969040960759e-01
6.859859859859859799e-02 4.284606508954449944e-01
6.860860860860860944e-02 4.287261670700272531e-01
6.861861861861862089e-02 4.289917482484492672e-01
6.862862862862863234e-02 4.292573972412568328e-01
6.863863863863864379e-02 4.295231168481123407e-01
6.864864864864865523e-02 4.297889098581825218e-01
6.865865865865866668e-02 4.300547790499238965e-01
6.866866866866867813e-02 4.303207271909877396e-01
6.867867867867868958e-02 4.305867570381297083e-01
6.868868868868868716e-02 4.308528713371183594e-01
6.869869869869869861e-02 4.311190728226449442e-01
6.870870870870871006e-02 4.313853642181216808e-01
6.871871871871872151e-02 4.316517482360514579e-01
6.872872872872873296e-02 4.319109971496505329e-01
6.873873873873874440e-02 4.321431363089277555e-01
6.874874874874875585e-02 4.323752892214512977e-01
6.875875875875876730e-02 4.326074591158681204e-01
6.876876876876877875e-02 4.328396492111025173e-01
6.877877877877877633e-02 4.330718627162689072e-01
6.878878878878878778e-02 4.333041028305816833e-01
6.879879879879879923e-02 4.335363727432631764e-01
6.880880880880881068e-02 4.337686756334574456e-01
6.881881881881882213e-02 4.340010146701414606e-01
6.882882882882883357e-02 4.342333930120416685e-01
6.883883883883884502e-02 4.344658138075442322e-01
6.884884884884885647e-02 4.346982801946142616e-01
6.885885885885886792e-02 4.349307953007092720e-01
6.886886886886887937e-02 4.351633622426984149e-01
6.887887887887889082e-02 4.353959841267793229e-01
6.888888888888888840e-02 4.356286640483987282e-01
6.889889889889889985e-02 4.358614050921711947e-01
6.890890890890891129e-02 4.360942103318004026e-01
6.891891891891892274e-02 4.363270828300008231e-01
6.892892892892893419e-02 4.365600256384210009e-01
6.893893893893894564e-02 4.367930417975670054e-01
6.894894894894895709e-02 4.370261343367269347e-01
6.895895895895896854e-02 4.372593062738959202e-01
6.896896896896897999e-02 4.374925606157038516e-01
6.897897897897897757e-02 4.377259003573403251e-01
6.898898898898898902e-02 4.379593284823923294e-01
6.899899899899900046e-02 4.381928479631456153e-01
6.900900900900901191e-02 4.384264617599519798e-01
6.901901901901902336e-02 4.386601728215383522e-01
6.902902902902903481e-02 4.388939840848404272e-01
6.903903903903904626e-02 4.391278984749384939e-01
6.904904904904905771e-02 4.393619189049902118e-01
6.905905905905906916e-02 4.395960482761641641e-01
6.906906906906906674e-02 4.398302894775747984e-01
6.907907907907909206e-02 4.400646453862228080e-01
6.908908908908908963e-02 4.402991188669238554e-01
6.909909909909910108e-02 4.405337127722551704e-01
6.910910910910911253e-02 4.407675438723887562e-01
6.911911911911912398e-02 4.409928956521215748e-01
6.912912912912913543e-02 4.412183535663417033e-01
6.913913913913914688e-02 4.414439205307129632e-01
6.914914914914915833e-02 4.416695994484465260e-01
6.915915915915916978e-02 4.418953932102419047e-01
6.916916916916918123e-02 4.421213046942293889e-01
6.917917917917917880e-02 4.423473367659105926e-01
6.918918918918919025e-02 4.425734922781038305e-01
6.919919919919920170e-02 4.427997740708850549e-01
6.920920920920921315e-02 4.430261849715346756e-01
6.921921921921922460e-02 4.432527277944823263e-01
6.922922922922923605e-02 4.434794053412516313e-01
6.923923923923924750e-02 4.437062204004111332e-01
6.924924924924925895e-02 4.439331757475185603e-01
6.925925925925927040e-02 4.441602741450719205e-01
6.926926926926926797e-02 4.443875183424573216e-01
6.927927927927927942e-02 4.446149110759017309e-01
6.928928928928929087e-02 4.448424550684221823e-01
6.929929929929930232e-02 4.450701530297784814e-01
6.930930930930931377e-02 4.452980076564272971e-01
6.931931931931932522e-02 4.455260216314741450e-01
6.932932932932933667e-02 4.457541976246289228e-01
6.933933933933934812e-02 4.459825382921607240e-01
6.934934934934935957e-02 4.462110462768554275e-01
6.935935935935935714e-02 4.464397242079704564e-01
6.936936936936938247e-02 4.466685747011943097e-01
6.937937937937938004e-02 4.468976003586028756e-01
6.938938938938939149e-02 4.471268037686236263e-01
6.939939939939940294e-02 4.473561875059892112e-01
6.940940940940941439e-02 4.475857541317034838e-01
6.941941941941942584e-02 4.478155061930009784e-01
6.942942942942943729e-02 4.480454462233095514e-01
6.943943943943944874e-02 4.482755767422145210e-01
6.944944944944946019e-02 4.485059002554219187e-01
6.945945945945947164e-02 4.487364192547236286e-01
6.946946946946946921e-02 4.489671362179630809e-01
6.947947947947948066e-02 4.491980536090021126e-01
6.948948948948949211e-02 4.494291738776865497e-01
6.949949949949950356e-02 4.496604994598160654e-01
6.950950950950951501e-02 4.498920327771110950e-01
6.951951951951952646e-02 4.501237762371472217e-01
6.952952952952953791e-02 4.503557322334715840e-01
6.953953953953954936e-02 4.505879031453530192e-01
6.954954954954956081e-02 4.508202913379016907e-01
6.955955955955955838e-02 4.510528991620028627e-01
6.956956956956956983e-02 4.512857289542939743e-01
6.957957957957958128e-02 4.515187830371341082e-01
6.958958958958959273e-02 4.517520637185806209e-01
6.959959959959960418e-02 4.519855732923661051e-01
6.960960960960961563e-02 4.522193140378719112e-01
6.961961961961962708e-02 4.524532882201072193e-01
6.962962962962963853e-02 4.526874980896849476e-01
6.963963963963964998e-02 4.529219458828007139e-01
6.964964964964966143e-02 4.531566338212137390e-01
6.965965965965967288e-02 4.533915641122227003e-01
6.966966966966967045e-02 4.536267389486502988e-01
6.967967967967968190e-02 4.538621605088229982e-01
6.968968968968969335e-02 4.540978309565512627e-01
6.969969969969970480e-02 4.543337524411145689e-01
6.970970970970971625e-02 4.545699270972441419e-01
6.971971971971972770e-02 4.548063570451062465e-01
6.972972972972973915e-02 4.550430443902879207e-01
6.973973973973975060e-02 4.552799912237813218e-01
6.974974974974976205e-02 4.555171996219665176e-01
6.975975975975975962e-02 4.557546716466158720e-01
6.976976976976977107e-02 4.559924093448555760e-01
6.977977977977978252e-02 4.562304147491702544e-01
6.978978978978979397e-02 4.564686898773865908e-01
6.979979979979980542e-02 4.567072367326658333e-01
6.980980980980981687e-02 4.569460573034914708e-01
6.981981981981982832e-02 4.571851535636624608e-01
6.982982982982983977e-02 4.574245274722823495e-01
6.983983983983985122e-02 4.576641809737525546e-01
6.984984984984984879e-02 4.579041159977661479e-01
6.985985985985986024e-02 4.581443344593009170e-01
6.986986986986987169e-02 4.583848382586121484e-01
6.987987987987988314e-02 4.586256292812297408e-01
6.988988988988989459e-02 4.588667093979511002e-01
6.989989989989990604e-02 4.591080804648411950e-01
6.990990990990991749e-02 4.593497443232248956e-01
6.991991991991992894e-02 4.595917027996878068e-01
6.992992992992994039e-02 4.598339577060722161e-01
6.993993993993995184e-02 4.600765108394765934e-01
6.994994994994996329e-02 4.603193639822553695e-01
6.995995995995996086e-02 4.605625189020177701e-01
6.996996996996997231e-02 4.608059773516308133e-01
6.997997997997998376e-02 4.610497410692169229e-01
6.998998998998999521e-02 4.612938117781578695e-01
7.000000000000000666e-02 4.615381911870966580e-01
