2.599999999999999881e-02 8.565827799999999807e+23 4.031267500000000396e+22 1.047829499999999985e+23
2.800000000000000058e-02 7.966730000000000102e+23 2.272113000000000098e+22 5.428452599999999928e+22
2.999999999999999889e-02 5.165147800000000321e+23 1.328897800000000072e+22 3.244424600000000111e+22
3.200000000000000067e-02 3.102456700000000006e+23 9.103064800000000131e+21 1.527947200000000052e+22
3.400000000000000244e-02 2.117466400000000079e+23 7.228871000000000164e+21 8.781002199999999640e+21
3.599999999999999728e-02 1.947568999999999931e+23 6.732039199999999869e+21 7.598338999999999771e+21
3.799999999999999906e-02 1.997249999999999903e+23 6.646227099999999623e+21 7.969941000000000492e+21
4.000000000000000083e-02 1.862105499999999875e+23 6.161915600000000197e+21 7.257285600000000131e+21
4.200000000000000261e-02 2.035348100000000078e+23 6.316046200000000033e+21 7.412414499999999590e+21
4.399999999999999745e-02 1.999159300000000015e+23 6.048243800000000164e+21 7.475757599999999869e+21
4.599999999999999922e-02 2.039037600000000016e+23 6.061514700000000475e+21 7.010133899999999689e+21
4.800000000000000100e-02 1.964107900000000132e+23 5.724695799999999508e+21 6.976881300000000180e+21
5.000000000000000278e-02 1.925448299999999988e+23 5.579334800000000459e+21 6.884471100000000016e+21
5.199999999999999761e-02 1.904521899999999893e+23 5.417618799999999541e+21 5.918993100000000475e+21
5.399999999999999939e-02 1.961801599999999853e+23 5.400725099999999820e+21 6.371297700000000115e+21
5.600000000000000117e-02 1.960725899999999982e+23 5.300692799999999738e+21 6.277875500000000082e+21
5.800000000000000294e-02 1.987618799999999940e+23 5.209933100000000082e+21 6.306561400000000033e+21
5.999999999999999778e-02 2.003484299999999940e+23 5.124583699999999656e+21 6.206712199999999967e+21
6.199999999999999956e-02 1.961109499999999985e+23 5.022446699999999820e+21 5.685745499999999885e+21
6.400000000000000133e-02 1.852248600000000007e+23 4.783359200000000131e+21 5.612715299999999590e+21
6.600000000000000311e-02 1.783156600000000159e+23 4.589382000000000066e+21 5.542131099999999623e+21
6.800000000000000488e-02 1.872642800000000149e+23 4.663770600000000098e+21 5.294091200000000262e+21
7.000000000000000666e-02 1.923389900000000056e+23 4.652048600000000164e+21 5.481869700000000246e+21
7.199999999999999456e-02 1.809779399999999999e+23 4.426255900000000147e+21 5.074040900000000508e+21
7.399999999999999634e-02 1.676812099999999963e+23 4.191993500000000147e+21 4.750107400000000492e+21
7.599999999999999811e-02 1.614752099999999999e+23 4.104074500000000246e+21 4.650552999999999836e+21
7.799999999999999989e-02 1.470884899999999968e+23 3.857281199999999803e+21 4.337875299999999853e+21
8.000000000000000167e-02 1.339238500000000041e+23 3.639311500000000213e+21 4.548739200000000000e+21
8.200000000000000344e-02 1.249492200000000035e+23 3.465675099999999885e+21 4.024757600000000131e+21
8.400000000000000522e-02 1.259217599999999969e+23 3.466795499999999820e+21 3.949201199999999803e+21
8.599999999999999312e-02 1.147047299999999952e+23 3.259897299999999918e+21 3.792331499999999820e+21
8.799999999999999489e-02 1.043504999999999931e+23 3.094759999999999738e+21 3.465551200000000131e+21
8.999999999999999667e-02 9.718458499999999826e+22 2.980189599999999869e+21 3.436111299999999984e+21
9.199999999999999845e-02 8.523009199999999489e+22 2.784456999999999836e+21 2.997448800000000131e+21
9.400000000000000022e-02 7.723791300000000613e+22 2.668378300000000016e+21 2.935045300000000049e+21
9.600000000000000200e-02 6.857245599999999974e+22 2.503978799999999803e+21 2.806713500000000147e+21
9.800000000000000377e-02 5.958402100000000364e+22 2.357576700000000016e+21 2.444459899999999754e+21
1.000000000000000056e-01 5.007475699999999787e+22 2.205195000000000033e+21 2.289024700000000016e+21
1.019999999999999934e-01 4.483606699999999977e+22 2.141267799999999902e+21 2.214024700000000016e+21
1.039999999999999952e-01 4.035488399999999620e+22 2.075150500000000115e+21 2.088886700000000082e+21
1.059999999999999970e-01 3.395232100000000167e+22 1.939215200000000131e+21 1.785548699999999885e+21
1.079999999999999988e-01 3.266711099999999807e+22 1.943738399999999869e+21 1.776664000000000000e+21
1.100000000000000006e-01 2.658547299999999957e+22 1.835514100000000049e+21 1.571706699999999951e+21
1.120000000000000023e-01 2.509520999999999889e+22 1.800478400000000000e+21 1.503282199999999902e+21
1.140000000000000041e-01 2.511259699999999944e+22 1.784440899999999984e+21 1.521676900000000115e+21
1.160000000000000059e-01 2.526830900000000154e+22 1.777285300000000049e+21 1.523411000000000033e+21
1.179999999999999938e-01 2.321107099999999833e+22 1.747928500000000049e+21 1.474216500000000049e+21
1.199999999999999956e-01 2.219263700000000128e+22 1.708201600000000000e+21 1.395599200000000131e+21
1.219999999999999973e-01 2.303926499999999853e+22 1.713358500000000115e+21 1.452491200000000000e+21
1.239999999999999991e-01 2.387801300000000128e+22 1.695529499999999885e+21 1.410137000000000098e+21
1.260000000000000009e-01 2.470673600000000052e+22 1.687514800000000066e+21 1.379347599999999934e+21
1.280000000000000027e-01 2.440626900000000128e+22 1.675338800000000066e+21 1.417206900000000049e+21
1.300000000000000044e-01 2.848738799999999856e+22 1.706780499999999918e+21 1.481396900000000115e+21
1.320000000000000062e-01 2.841063699999999866e+22 1.684721099999999951e+21 1.453401299999999918e+21
1.340000000000000080e-01 3.026827600000000092e+22 1.692524600000000033e+21 1.497373300000000049e+21
1.360000000000000098e-01 3.091972299999999846e+22 1.694728599999999902e+21 1.524857099999999951e+21
1.380000000000000115e-01 3.123009199999999908e+22 1.678967100000000016e+21 1.537875700000000049e+21
1.400000000000000133e-01 3.390508399999999961e+22 1.723217799999999967e+21 1.603113400000000033e+21
1.419999999999999873e-01 3.244614700000000082e+22 1.711118700000000082e+21 1.553029100000000082e+21
1.439999999999999891e-01 3.369955699999999892e+22 1.729996200000000098e+21 1.586588200000000098e+21
1.459999999999999909e-01 3.463850200000000059e+22 1.742902799999999934e+21 1.652748200000000098e+21
1.479999999999999927e-01 3.304863400000000046e+22 1.730276400000000066e+21 1.638146199999999902e+21
1.499999999999999944e-01 3.281505699999999905e+22 1.735964200000000098e+21 1.621209000000000098e+21
1.519999999999999962e-01 3.175276699999999833e+22 1.723908800000000000e+21 1.582979799999999902e+21
1.539999999999999980e-01 2.949840600000000059e+22 1.680773100000000082e+21 1.525251000000000033e+21
1.559999999999999998e-01 3.015258799999999908e+22 1.679614000000000066e+21 1.476642600000000098e+21
1.580000000000000016e-01 2.987450900000000075e+22 1.683950299999999885e+21 1.470113999999999934e+21
1.600000000000000033e-01 2.698797699999999826e+22 1.640409000000000098e+21 1.405144500000000049e+21
1.620000000000000051e-01 2.678960299999999977e+22 1.654487800000000033e+21 1.417192100000000115e+21
1.640000000000000069e-01 2.418091200000000052e+22 1.617802100000000049e+21 1.370520800000000131e+21
1.660000000000000087e-01 2.205771800000000007e+22 1.590609700000000115e+21 1.307593900000000082e+21
1.680000000000000104e-01 2.043612100000000193e+22 1.553058899999999918e+21 1.171668299999999951e+21
1.700000000000000122e-01 2.132029499999999807e+22 1.537118400000000000e+21 1.208798500000000115e+21
1.719999999999999862e-01 2.168834900000000023e+22 1.524486000000000066e+21 1.221943699999999918e+21
1.739999999999999880e-01 2.017030700000000082e+22 1.492648500000000049e+21 1.162222300000000016e+21
1.759999999999999898e-01 1.838587900000000069e+22 1.458545299999999918e+21 1.115826800000000066e+21
1.779999999999999916e-01 1.805591699999999971e+22 1.441287299999999984e+21 1.087113500000000016e+21
1.799999999999999933e-01 1.912899600000000144e+22 1.441253100000000082e+21 1.082344800000000000e+21
1.819999999999999951e-01 1.760218799999999908e+22 1.413318400000000000e+21 1.034892800000000000e+21
1.839999999999999969e-01 1.611841999999999987e+22 1.397620999999999967e+21 1.004243200000000000e+21
1.859999999999999987e-01 1.747591599999999908e+22 1.391174400000000000e+21 1.023300000000000000e+21
1.880000000000000004e-01 1.908266399999999974e+22 1.397305499999999885e+21 1.067839900000000016e+21
1.900000000000000022e-01 1.697517399999999954e+22 1.378333500000000016e+21 1.001655499999999951e+21
1.920000000000000040e-01 1.612773900000000003e+22 1.376049299999999918e+21 9.899444299999999427e+20
1.940000000000000058e-01 1.771160000000000052e+22 1.392529900000000082e+21 1.026791100000000016e+21
1.960000000000000075e-01 1.864730699999999951e+22 1.409639199999999869e+21 1.048686300000000016e+21
1.980000000000000093e-01 1.780600500000000049e+22 1.400537600000000000e+21 1.021686799999999934e+21
2.000000000000000111e-01 1.830336800000000079e+22 1.415042400000000131e+21 1.097132099999999984e+21
2.020000000000000129e-01 1.872048500000000102e+22 1.412006000000000066e+21 1.088990599999999967e+21
2.039999999999999869e-01 2.030378599999999889e+22 1.429203999999999869e+21 1.118049500000000016e+21
2.059999999999999887e-01 1.930423299999999931e+22 1.410756499999999918e+21 1.084073799999999967e+21
2.079999999999999905e-01 1.866184599999999902e+22 1.405032399999999934e+21 1.074878900000000049e+21
2.099999999999999922e-01 1.990976800000000079e+22 1.414740699999999885e+21 1.063070900000000049e+21
2.119999999999999940e-01 1.856113399999999928e+22 1.400708200000000098e+21 1.067229899999999951e+21
2.139999999999999958e-01 1.939767100000000016e+22 1.408130199999999902e+21 1.095127299999999984e+21
2.159999999999999976e-01 1.920749900000000161e+22 1.401961400000000033e+21 1.055825799999999967e+21
2.179999999999999993e-01 1.883061100000000029e+22 1.387556099999999984e+21 1.038624099999999984e+21
2.200000000000000011e-01 1.908133499999999964e+22 1.380097499999999885e+21 1.055365699999999984e+21
2.220000000000000029e-01 1.746439099999999912e+22 1.343787200000000000e+21 1.015481999999999934e+21
2.240000000000000047e-01 1.743240899999999984e+22 1.328816599999999902e+21 1.001429699999999984e+21
2.260000000000000064e-01 1.753427000000000085e+22 1.309500499999999918e+21 9.472022600000000492e+20
2.280000000000000082e-01 1.740967099999999912e+22 1.300224799999999869e+21 9.506489800000000492e+20
2.300000000000000100e-01 1.671468399999999961e+22 1.285374799999999934e+21 9.349563400000000492e+20
2.320000000000000118e-01 1.642655800000000085e+22 1.267994300000000016e+21 8.925918900000000573e+20
2.340000000000000135e-01 1.664034699999999898e+22 1.267942700000000082e+21 9.070302099999999918e+20
2.359999999999999876e-01 1.540758600000000020e+22 1.246756900000000115e+21 8.609696500000000573e+20
2.379999999999999893e-01 1.570477999999999908e+22 1.242787000000000033e+21 8.771547100000000410e+20
2.399999999999999911e-01 1.590795800000000007e+22 1.238866199999999902e+21 8.767750300000000410e+20
2.419999999999999929e-01 1.522462599999999967e+22 1.223573600000000131e+21 8.395464099999999590e+20
2.439999999999999947e-01 1.533064700000000069e+22 1.220501699999999984e+21 8.711815000000000164e+20
2.459999999999999964e-01 1.544941700000000036e+22 1.212793600000000000e+21 8.542097200000000328e+20
2.479999999999999982e-01 1.383392900000000036e+22 1.194982900000000049e+21 7.877935399999999836e+20
2.500000000000000000e-01 1.496519599999999908e+22 1.198137099999999951e+21 8.285259899999999754e+20
2.520000000000000018e-01 1.630535599999999908e+22 1.194741600000000131e+21 8.456824600000000164e+20
2.540000000000000036e-01 1.699904499999999997e+22 1.193449799999999967e+21 8.433780100000000246e+20
2.560000000000000053e-01 1.679434399999999974e+22 1.187931200000000000e+21 8.457573600000000655e+20
2.580000000000000071e-01 1.544701699999999931e+22 1.170944199999999967e+21 7.999527600000000328e+20
2.600000000000000089e-01 1.529252700000000095e+22 1.166533500000000016e+21 7.869105099999999427e+20
2.620000000000000107e-01 1.498551900000000095e+22 1.155048299999999951e+21 7.906552099999999590e+20
2.640000000000000124e-01 1.551991100000000016e+22 1.156372800000000000e+21 8.073354899999999918e+20
2.660000000000000142e-01 1.548246500000000062e+22 1.152174599999999967e+21 7.963401600000000000e+20
2.680000000000000160e-01 1.571866099999999997e+22 1.148027499999999951e+21 8.141516299999999427e+20
2.700000000000000178e-01 1.514565999999999961e+22 1.139868099999999984e+21 7.868441999999999672e+20
2.720000000000000195e-01 1.601271900000000095e+22 1.143008099999999984e+21 8.137603400000000492e+20
2.740000000000000213e-01 1.504883399999999915e+22 1.125962699999999951e+21 7.822527000000000164e+20
2.760000000000000231e-01 1.544296999999999941e+22 1.129058499999999984e+21 7.921196199999999836e+20
2.780000000000000249e-01 1.543182399999999948e+22 1.122292500000000049e+21 7.988069499999999754e+20
2.800000000000000266e-01 1.521024099999999957e+22 1.119357400000000033e+21 7.954701700000000246e+20
2.819999999999999729e-01 1.506319499999999898e+22 1.109968800000000000e+21 7.663653100000000082e+20
2.839999999999999747e-01 1.420816200000000020e+22 1.095818100000000049e+21 7.319519799999999508e+20
2.859999999999999765e-01 1.434011900000000069e+22 1.098462400000000000e+21 7.592640300000000082e+20
2.879999999999999782e-01 1.509626599999999993e+22 1.100598599999999967e+21 7.717690500000000246e+20
2.899999999999999800e-01 1.352515199999999895e+22 1.084880399999999934e+21 7.437441099999999427e+20
2.919999999999999818e-01 1.437974100000000023e+22 1.083618900000000049e+21 7.406965300000000573e+20
2.939999999999999836e-01 1.471062400000000105e+22 1.081463000000000033e+21 7.487432300000000082e+20
2.959999999999999853e-01 1.501390299999999990e+22 1.074183900000000016e+21 7.209288200000000492e+20
2.979999999999999871e-01 1.464260300000000056e+22 1.069882800000000066e+21 7.247410999999999508e+20
2.999999999999999889e-01 1.499334899999999997e+22 1.070974499999999984e+21 7.414615199999999345e+20
3.019999999999999907e-01 1.393577300000000023e+22 1.058438599999999967e+21 7.196041999999999672e+20
3.039999999999999925e-01 1.459592700000000069e+22 1.059939200000000000e+21 7.301270600000000492e+20
3.059999999999999942e-01 1.460227599999999934e+22 1.052885199999999934e+21 7.178926499999999590e+20
3.079999999999999960e-01 1.443198199999999928e+22 1.052302799999999934e+21 7.184356499999999918e+20
3.099999999999999978e-01 1.443008099999999957e+22 1.048219800000000033e+21 7.094432300000000082e+20
3.119999999999999996e-01 1.318338099999999944e+22 1.034430499999999984e+21 6.765647499999999427e+20
3.140000000000000013e-01 1.368325599999999921e+22 1.035677199999999934e+21 7.039783600000000328e+20
3.160000000000000031e-01 1.405244400000000066e+22 1.033959800000000033e+21 6.994576399999999672e+20
3.180000000000000049e-01 1.368722399999999921e+22 1.027827100000000016e+21 6.810723400000000492e+20
3.200000000000000067e-01 1.380944899999999931e+22 1.024939000000000033e+21 6.790631600000000328e+20
3.220000000000000084e-01 1.407930099999999997e+22 1.025039299999999984e+21 7.026371299999999590e+20
3.240000000000000102e-01 1.402582699999999977e+22 1.016372999999999967e+21 6.820570200000000164e+20
3.260000000000000120e-01 1.300086900000000102e+22 1.005639900000000016e+21 6.455615399999999836e+20
3.280000000000000138e-01 1.363978300000000016e+22 1.013952099999999984e+21 6.738248900000000246e+20
3.300000000000000155e-01 1.453728300000000082e+22 1.010999000000000033e+21 6.821587800000000164e+20
3.320000000000000173e-01 1.344335399999999941e+22 9.988209699999999590e+20 6.470420199999999836e+20
3.340000000000000191e-01 1.420515400000000020e+22 1.003940700000000016e+21 6.637807799999999508e+20
3.360000000000000209e-01 1.367101500000000016e+22 9.923249500000000410e+20 6.499504500000000573e+20
3.380000000000000226e-01 1.406176499999999997e+22 9.928008000000000000e+20 6.529220599999999508e+20
3.400000000000000244e-01 1.409561900000000082e+22 9.910305299999999918e+20 6.605593299999999918e+20
3.420000000000000262e-01 1.488657399999999928e+22 9.956554100000000573e+20 6.949991699999999918e+20
3.439999999999999725e-01 1.459811499999999977e+22 9.888276400000000328e+20 6.813975099999999754e+20
3.459999999999999742e-01 1.361240199999999967e+22 9.806550600000000492e+20 6.587254900000000573e+20
3.479999999999999760e-01 1.315713199999999908e+22 9.753980700000000410e+20 6.489964499999999918e+20
3.499999999999999778e-01 1.339997900000000056e+22 9.725545399999999508e+20 6.369750700000000082e+20
3.519999999999999796e-01 1.336305500000000095e+22 9.696419999999999345e+20 6.435928000000000000e+20
3.539999999999999813e-01 1.299056899999999931e+22 9.622682899999999918e+20 6.195081299999999918e+20
3.559999999999999831e-01 1.323568000000000105e+22 9.636455399999999836e+20 6.251831799999999508e+20
3.579999999999999849e-01 1.381733700000000088e+22 9.628101100000000082e+20 6.486552500000000573e+20
3.599999999999999867e-01 1.356218900000000075e+22 9.564103499999999427e+20 6.331609200000000328e+20
3.619999999999999885e-01 1.314627400000000020e+22 9.515169600000000000e+20 6.125426699999999427e+20
3.639999999999999902e-01 1.345116299999999898e+22 9.520676100000000246e+20 6.273678799999999672e+20
3.659999999999999920e-01 1.321124900000000010e+22 9.497189499999999754e+20 6.330880300000000082e+20
3.679999999999999938e-01 1.336818700000000003e+22 9.435658399999999345e+20 6.146182700000000082e+20
3.699999999999999956e-01 1.415745199999999908e+22 9.485305999999999672e+20 6.448607499999999427e+20
3.719999999999999973e-01 1.326823300000000036e+22 9.415808799999999345e+20 6.319560500000000573e+20
3.739999999999999991e-01 1.364438299999999938e+22 9.400502000000000328e+20 6.262609500000000410e+20
3.760000000000000009e-01 1.376912299999999977e+22 9.329882399999999345e+20 6.126413400000000164e+20
3.780000000000000027e-01 1.430135000000000059e+22 9.346062600000000492e+20 6.149358900000000573e+20
3.800000000000000044e-01 1.395418000000000039e+22 9.331315599999999672e+20 6.148105099999999427e+20
3.820000000000000062e-01 1.324614400000000000e+22 9.252536699999999754e+20 5.988553800000000492e+20
3.840000000000000080e-01 1.366418899999999918e+22 9.280363200000000000e+20 6.184854499999999590e+20
3.860000000000000098e-01 1.345368100000000010e+22 9.218206700000000082e+20 6.118575300000000246e+20
3.880000000000000115e-01 1.303226699999999951e+22 9.168578699999999427e+20 6.021358900000000573e+20
3.900000000000000133e-01 1.372423200000000079e+22 9.189660599999999508e+20 6.085653499999999754e+20
3.920000000000000151e-01 1.304695799999999928e+22 9.106210400000000655e+20 5.903967399999999836e+20
3.940000000000000169e-01 1.344431799999999980e+22 9.105354599999999836e+20 5.923575399999999836e+20
3.960000000000000187e-01 1.337092700000000095e+22 9.114028499999999918e+20 5.949019700000000573e+20
3.980000000000000204e-01 1.307435399999999967e+22 9.045531299999999590e+20 5.923707700000000573e+20
4.000000000000000222e-01 1.421283499999999977e+22 9.081741499999999754e+20 6.141268800000000000e+20
4.020000000000000240e-01 1.376510699999999925e+22 9.063510400000000000e+20 6.079575499999999427e+20
4.040000000000000258e-01 1.289324100000000088e+22 8.938104300000000082e+20 5.688933700000000246e+20
4.060000000000000275e-01 1.270940199999999941e+22 8.923613199999999672e+20 5.726471800000000164e+20
4.079999999999999738e-01 1.291498200000000059e+22 8.939959099999999754e+20 5.773893499999999754e+20
4.099999999999999756e-01 1.303266599999999941e+22 8.877603599999999672e+20 5.741557499999999754e+20
4.119999999999999774e-01 1.353157300000000049e+22 8.901828400000000328e+20 5.830563599999999672e+20
4.139999999999999791e-01 1.298556400000000066e+22 8.849679000000000164e+20 5.685146700000000082e+20
4.159999999999999809e-01 1.344510099999999971e+22 8.815091200000000000e+20 5.700584300000000082e+20
4.179999999999999827e-01 1.308970700000000056e+22 8.782973799999999836e+20 5.634050200000000164e+20
4.199999999999999845e-01 1.267818499999999931e+22 8.794106399999999345e+20 5.780659200000000000e+20
4.219999999999999862e-01 1.306713600000000000e+22 8.777498699999999427e+20 5.776781100000000082e+20
4.239999999999999880e-01 1.282857899999999977e+22 8.769848200000000492e+20 5.819742299999999754e+20
4.259999999999999898e-01 1.259376899999999931e+22 8.704094900000000573e+20 5.583042899999999918e+20
4.279999999999999916e-01 1.314459099999999990e+22 8.698762899999999918e+20 5.631567500000000082e+20
4.299999999999999933e-01 1.359127100000000016e+22 8.714352000000000000e+20 5.766376399999999672e+20
4.319999999999999951e-01 1.300334299999999990e+22 8.638415099999999754e+20 5.555130599999999836e+20
4.339999999999999969e-01 1.290969299999999918e+22 8.629014799999999672e+20 5.578406899999999918e+20
4.359999999999999987e-01 1.239391500000000003e+22 8.587530399999999345e+20 5.528290299999999754e+20
4.380000000000000004e-01 1.336071599999999908e+22 8.623740599999999508e+20 5.685968199999999836e+20
4.400000000000000022e-01 1.375715800000000059e+22 8.591574199999999508e+20 5.665195099999999754e+20
4.420000000000000040e-01 1.333260399999999961e+22 8.565335799999999508e+20 5.689742400000000000e+20
4.440000000000000058e-01 1.346557500000000016e+22 8.570949100000000082e+20 5.674869400000000164e+20
4.460000000000000075e-01 1.245259999999999921e+22 8.485446199999999508e+20 5.486502000000000328e+20
4.480000000000000093e-01 1.346946300000000069e+22 8.513377600000000000e+20 5.617359200000000000e+20
4.500000000000000111e-01 1.364368799999999974e+22 8.500420599999999508e+20 5.702893499999999754e+20
4.520000000000000129e-01 1.328451099999999938e+22 8.446371400000000492e+20 5.508863699999999918e+20
4.540000000000000147e-01 1.249024499999999997e+22 8.409968999999999836e+20 5.419853100000000082e+20
4.560000000000000164e-01 1.299198599999999967e+22 8.403206700000000082e+20 5.440784999999999836e+20
4.580000000000000182e-01 1.391137499999999990e+22 8.450123100000000410e+20 5.640985499999999754e+20
4.600000000000000200e-01 1.361914500000000036e+22 8.400480399999999672e+20 5.557022599999999836e+20
4.620000000000000218e-01 1.360232300000000029e+22 8.387386200000000164e+20 5.610712100000000246e+20
4.640000000000000235e-01 1.328078799999999987e+22 8.359261700000000246e+20 5.570597700000000246e+20
4.660000000000000253e-01 1.282388100000000036e+22 8.319306599999999836e+20 5.482342000000000328e+20
4.680000000000000271e-01 1.340724899999999905e+22 8.332945900000000082e+20 5.521644199999999836e+20
4.699999999999999734e-01 1.284845700000000036e+22 8.245857699999999590e+20 5.265401900000000082e+20
4.719999999999999751e-01 1.376096499999999997e+22 8.296480699999999754e+20 5.517189100000000082e+20
4.739999999999999769e-01 1.252245600000000026e+22 8.187489699999999590e+20 5.187089700000000246e+20
4.759999999999999787e-01 1.296552099999999905e+22 8.232795899999999754e+20 5.352061700000000246e+20
4.779999999999999805e-01 1.325904500000000102e+22 8.210942000000000328e+20 5.362999200000000000e+20
4.799999999999999822e-01 1.265155099999999938e+22 8.160577800000000492e+20 5.270462400000000000e+20
4.819999999999999840e-01 1.322221899999999951e+22 8.202486700000000082e+20 5.490861499999999754e+20
4.839999999999999858e-01 1.338613899999999898e+22 8.182898299999999754e+20 5.436585299999999918e+20
4.859999999999999876e-01 1.268646400000000000e+22 8.118674299999999754e+20 5.326620800000000000e+20
4.879999999999999893e-01 1.327570899999999918e+22 8.115600000000000000e+20 5.328380900000000246e+20
4.899999999999999911e-01 1.379830199999999980e+22 8.160982199999999508e+20 5.601370599999999836e+20
4.919999999999999929e-01 1.290011400000000072e+22 8.063350600000000492e+20 5.235308400000000328e+20
4.939999999999999947e-01 1.238509600000000079e+22 8.021572599999999508e+20 4.994656800000000000e+20
4.959999999999999964e-01 1.280429399999999954e+22 8.013059500000000082e+20 5.089457100000000082e+20
4.979999999999999982e-01 1.323735699999999971e+22 8.077326099999999918e+20 5.182411099999999754e+20
5.000000000000000000e-01 1.270696499999999944e+22 8.137102400000000000e+20 5.343000999999999836e+20
5.020000000000000018e-01 1.285790900000000049e+22 8.147562500000000246e+20 5.328423099999999754e+20
5.040000000000000036e-01 1.319793200000000013e+22 8.200367200000000655e+20 5.345567000000000164e+20
5.060000000000000053e-01 1.332958699999999925e+22 8.239749300000000573e+20 5.449310400000000000e+20
5.080000000000000071e-01 1.251121000000000098e+22 8.188060700000000410e+20 5.322243599999999672e+20
5.100000000000000089e-01 1.284239600000000066e+22 8.226641399999999508e+20 5.372296100000000246e+20
5.120000000000000107e-01 1.263846999999999954e+22 8.203134700000000082e+20 5.278559399999999836e+20
5.140000000000000124e-01 1.320802099999999944e+22 8.246849800000000492e+20 5.431039600000000328e+20
5.160000000000000142e-01 1.322037100000000029e+22 8.245109700000000246e+20 5.386154400000000000e+20
5.180000000000000160e-01 1.310218999999999928e+22 8.263242800000000328e+20 5.439766400000000000e+20
5.200000000000000178e-01 1.275705000000000046e+22 8.226760000000000000e+20 5.287553799999999836e+20
5.220000000000000195e-01 1.309968600000000059e+22 8.265412299999999427e+20 5.463777999999999672e+20
5.240000000000000213e-01 1.219491900000000016e+22 8.225157199999999672e+20 5.335645199999999672e+20
5.260000000000000231e-01 1.225970500000000088e+22 8.185685400000000164e+20 5.139268900000000246e+20
5.280000000000000249e-01 1.176463299999999984e+22 8.064383900000000410e+20 4.942788800000000000e+20
5.300000000000000266e-01 1.302292799999999948e+22 8.087436700000000410e+20 5.193099500000000082e+20
5.320000000000000284e-01 1.241940699999999990e+22 8.009431300000000246e+20 5.084283000000000164e+20
5.340000000000000302e-01 1.220375600000000013e+22 7.970899599999999672e+20 5.068634099999999918e+20
5.360000000000000320e-01 1.242132600000000033e+22 7.941806000000000328e+20 4.970837799999999836e+20
5.380000000000000338e-01 1.269760599999999954e+22 7.932134099999999918e+20 5.083586500000000246e+20
5.400000000000000355e-01 1.270452299999999951e+22 7.896200800000000655e+20 5.084073700000000246e+20
5.420000000000000373e-01 1.254289600000000052e+22 7.879707400000000492e+20 5.080850899999999918e+20
5.440000000000000391e-01 1.289021000000000020e+22 7.878912300000000082e+20 5.133970800000000328e+20
5.460000000000000409e-01 1.282107000000000033e+22 7.837101499999999754e+20 5.104311000000000164e+20
5.480000000000000426e-01 1.252866099999999944e+22 7.806114899999999918e+20 4.997267399999999836e+20
5.500000000000000444e-01 1.300759100000000016e+22 7.897431600000000328e+20 5.158919500000000082e+20
5.520000000000000462e-01 1.246214999999999954e+22 7.920377600000000000e+20 5.146193900000000082e+20
5.540000000000000480e-01 1.326410600000000098e+22 7.970268299999999427e+20 5.264800499999999918e+20
5.560000000000000497e-01 1.265033899999999977e+22 7.936050500000000246e+20 5.111629600000000000e+20
5.580000000000000515e-01 1.234635499999999925e+22 7.927626100000000573e+20 4.987075000000000164e+20
5.600000000000000533e-01 1.273827099999999938e+22 7.956472699999999754e+20 5.125459099999999754e+20
5.620000000000000551e-01 1.297834800000000013e+22 7.992328999999999836e+20 5.278113799999999836e+20
5.639999999999999458e-01 1.322073500000000043e+22 7.997673800000000492e+20 5.226288900000000246e+20
5.659999999999999476e-01 1.259491900000000016e+22 7.972821100000000082e+20 5.177334000000000328e+20
5.679999999999999494e-01 1.317238399999999895e+22 8.024941499999999754e+20 5.306318200000000164e+20
5.699999999999999512e-01 1.302262600000000020e+22 7.994187200000000000e+20 5.250484800000000000e+20
5.719999999999999529e-01 1.288120900000000088e+22 8.000506899999999918e+20 5.303891000000000164e+20
5.739999999999999547e-01 1.305818199999999954e+22 8.009338200000000164e+20 5.260404699999999754e+20
5.759999999999999565e-01 1.242103199999999974e+22 7.965781799999999836e+20 5.093055899999999754e+20
5.779999999999999583e-01 1.267934400000000052e+22 7.922525000000000492e+20 5.034120300000000082e+20
5.799999999999999600e-01 1.275269099999999925e+22 7.850772100000000246e+20 5.011128199999999836e+20
5.819999999999999618e-01 1.259317899999999898e+22 7.794009800000000492e+20 5.022005400000000164e+20
5.839999999999999636e-01 1.269780600000000033e+22 7.761578200000000164e+20 5.066510700000000082e+20
5.859999999999999654e-01 1.242567999999999948e+22 7.729414700000000082e+20 4.954503200000000000e+20
5.879999999999999671e-01 1.266290000000000092e+22 7.689647799999999508e+20 4.927515800000000164e+20
5.899999999999999689e-01 1.247695299999999984e+22 7.673815099999999754e+20 4.958829799999999836e+20
5.919999999999999707e-01 1.236231800000000033e+22 7.647343399999999836e+20 4.915100000000000000e+20
5.939999999999999725e-01 1.283495099999999912e+22 7.631821400000000164e+20 4.909733199999999672e+20
5.959999999999999742e-01 1.301917300000000102e+22 7.608420599999999508e+20 4.874294000000000328e+20
5.979999999999999760e-01 1.195149799999999993e+22 7.559851899999999754e+20 4.788183699999999918e+20
5.999999999999999778e-01 1.177132999999999915e+22 7.524747899999999754e+20 4.693441700000000246e+20
6.019999999999999796e-01 1.272601900000000082e+22 7.535544200000000492e+20 4.812461900000000082e+20
6.039999999999999813e-01 1.346929200000000013e+22 7.554508599999999508e+20 4.984418800000000328e+20
6.059999999999999831e-01 1.336003700000000102e+22 7.541216399999999672e+20 4.995502299999999754e+20
6.079999999999999849e-01 1.268521999999999934e+22 7.486692700000000410e+20 4.923680300000000082e+20
6.099999999999999867e-01 1.303827399999999915e+22 7.488672900000000246e+20 4.910068000000000000e+20
6.119999999999999885e-01 1.226739600000000039e+22 7.420419299999999590e+20 4.716356300000000082e+20
6.139999999999999902e-01 1.336414500000000010e+22 7.474050899999999918e+20 4.931272900000000246e+20
6.159999999999999920e-01 1.298963299999999957e+22 7.445848399999999672e+20 4.881948800000000000e+20
6.179999999999999938e-01 1.230026300000000016e+22 7.382817399999999508e+20 4.757273600000000000e+20
6.199999999999999956e-01 1.263403700000000049e+22 7.392848099999999590e+20 4.825821799999999836e+20
6.219999999999999973e-01 1.251882999999999928e+22 7.365673500000000410e+20 4.717887099999999754e+20
6.239999999999999991e-01 1.203524499999999971e+22 7.311611500000000082e+20 4.565752900000000246e+20
6.260000000000000009e-01 1.226267199999999948e+22 7.302580800000000000e+20 4.560549299999999918e+20
6.280000000000000027e-01 1.266062899999999944e+22 7.330149499999999754e+20 4.799003099999999754e+20
6.300000000000000044e-01 1.307282500000000088e+22 7.315782300000000410e+20 4.813141799999999836e+20
6.320000000000000062e-01 1.313160200000000072e+22 7.300942199999999508e+20 4.711266400000000000e+20
6.340000000000000080e-01 1.224117500000000069e+22 7.252363599999999672e+20 4.587225900000000082e+20
6.360000000000000098e-01 1.191858100000000049e+22 7.225001800000000492e+20 4.552885600000000000e+20
6.380000000000000115e-01 1.240910999999999902e+22 7.241571700000000573e+20 4.629975000000000164e+20
6.400000000000000133e-01 1.260796599999999980e+22 7.225441500000000410e+20 4.598235000000000164e+20
6.420000000000000151e-01 1.233456500000000102e+22 7.192344699999999754e+20 4.574669900000000082e+20
6.440000000000000169e-01 1.288269999999999908e+22 7.209167600000000328e+20 4.710025799999999836e+20
6.460000000000000187e-01 1.313088199999999915e+22 7.215351000000000164e+20 4.786419099999999754e+20
6.480000000000000204e-01 1.283657099999999898e+22 7.172630400000000000e+20 4.656703000000000164e+20
6.500000000000000222e-01 1.304604400000000066e+22 7.167540499999999918e+20 4.632817900000000082e+20
6.520000000000000240e-01 1.240819600000000039e+22 7.124971400000000492e+20 4.502872900000000246e+20
6.540000000000000258e-01 1.283209499999999938e+22 7.161578200000000164e+20 4.709080800000000000e+20
6.560000000000000275e-01 1.208635699999999944e+22 7.103517499999999754e+20 4.574024399999999672e+20
6.580000000000000293e-01 1.263722600000000098e+22 7.120930500000000246e+20 4.627176600000000164e+20
6.600000000000000311e-01 1.279230300000000095e+22 7.084801600000000000e+20 4.545418500000000246e+20
6.620000000000000329e-01 1.281125200000000092e+22 7.094174000000000328e+20 4.569434500000000246e+20
6.640000000000000346e-01 1.204977899999999925e+22 7.028692199999999836e+20 4.399546599999999836e+20
6.660000000000000364e-01 1.239364800000000052e+22 7.049534900000000573e+20 4.475331599999999672e+20
6.680000000000000382e-01 1.179283600000000039e+22 6.994048500000000573e+20 4.320789799999999836e+20
6.700000000000000400e-01 1.252863500000000003e+22 7.036119699999999918e+20 4.549973600000000000e+20
6.720000000000000417e-01 1.229050799999999908e+22 7.007197599999999345e+20 4.435841200000000328e+20
6.740000000000000435e-01 1.217818199999999954e+22 6.987930800000000328e+20 4.421029499999999754e+20
6.760000000000000453e-01 1.234610700000000003e+22 6.988158199999999508e+20 4.484567800000000164e+20
6.780000000000000471e-01 1.177531699999999944e+22 6.932284100000000246e+20 4.274299800000000164e+20
6.800000000000000488e-01 1.240343699999999971e+22 6.958655399999999836e+20 4.420865299999999918e+20
6.820000000000000506e-01 1.232736900000000036e+22 6.954639900000000410e+20 4.488702299999999754e+20
6.840000000000000524e-01 1.216919299999999931e+22 6.921380499999999918e+20 4.365510299999999754e+20
6.860000000000000542e-01 1.247391000000000007e+22 6.917656200000000492e+20 4.387333799999999836e+20
6.879999999999999449e-01 1.251617999999999987e+22 6.925315999999999345e+20 4.450606899999999918e+20
6.899999999999999467e-01 1.202331900000000069e+22 6.882747800000000164e+20 4.337620000000000000e+20
6.919999999999999485e-01 1.216767099999999964e+22 6.874537099999999427e+20 4.323938099999999918e+20
6.939999999999999503e-01 1.193711299999999984e+22 6.862200200000000492e+20 4.319645799999999836e+20
6.959999999999999520e-01 1.196637500000000016e+22 6.852631799999999508e+20 4.328909799999999836e+20
6.979999999999999538e-01 1.239480000000000052e+22 6.831343000000000164e+20 4.287339099999999754e+20
6.999999999999999556e-01 1.253427399999999915e+22 6.846877199999999672e+20 4.354273299999999918e+20
7.019999999999999574e-01 1.234511399999999941e+22 6.821833399999999508e+20 4.328712800000000000e+20
7.039999999999999591e-01 1.297110799999999934e+22 6.848986899999999918e+20 4.452713100000000082e+20
7.059999999999999609e-01 1.207654099999999918e+22 6.789852700000000410e+20 4.229637700000000246e+20
7.079999999999999627e-01 1.193063200000000079e+22 6.780849399999999508e+20 4.203757100000000082e+20
7.099999999999999645e-01 1.186869600000000026e+22 6.767652800000000000e+20 4.216093499999999754e+20
7.119999999999999662e-01 1.250655900000000043e+22 6.780784699999999754e+20 4.335538299999999754e+20
7.139999999999999680e-01 1.207399499999999951e+22 6.749748599999999508e+20 4.230044999999999836e+20
7.159999999999999698e-01 1.201340099999999984e+22 6.725624300000000082e+20 4.184123200000000000e+20
7.179999999999999716e-01 1.196708400000000013e+22 6.717652299999999427e+20 4.204176199999999836e+20
7.199999999999999734e-01 1.248430899999999944e+22 6.754144399999999672e+20 4.398778099999999918e+20
7.219999999999999751e-01 1.250825999999999934e+22 6.725474800000000328e+20 4.314273100000000082e+20
7.239999999999999769e-01 1.198868699999999990e+22 6.701147500000000082e+20 4.273273400000000164e+20
7.259999999999999787e-01 1.137466699999999951e+22 6.662908000000000655e+20 4.120481499999999754e+20
7.279999999999999805e-01 1.189216900000000036e+22 6.676646799999999672e+20 4.180500400000000328e+20
7.299999999999999822e-01 1.220835099999999938e+22 6.672273999999999672e+20 4.205064900000000246e+20
7.319999999999999840e-01 1.246331699999999944e+22 6.667906200000000164e+20 4.169631000000000164e+20
7.339999999999999858e-01 1.236387900000000016e+22 6.652388100000000246e+20 4.212628600000000164e+20
7.359999999999999876e-01 1.239311499999999898e+22 6.633239900000000410e+20 4.177676600000000164e+20
7.379999999999999893e-01 1.237652600000000033e+22 6.635467200000000000e+20 4.171257900000000082e+20
7.399999999999999911e-01 1.202837500000000069e+22 6.619517799999999836e+20 4.192902000000000328e+20
7.419999999999999929e-01 1.186408899999999984e+22 6.596792900000000246e+20 4.124731200000000000e+20
7.439999999999999947e-01 1.201478899999999997e+22 6.592418200000000164e+20 4.145220499999999918e+20
7.459999999999999964e-01 1.200837800000000046e+22 6.588017600000000000e+20 4.200659300000000246e+20
7.479999999999999982e-01 1.270949700000000088e+22 6.605528099999999590e+20 4.256652000000000000e+20
7.500000000000000000e-01 1.261570499999999984e+22 6.593187299999999590e+20 4.231651300000000246e+20
7.520000000000000018e-01 1.181713000000000098e+22 6.541442299999999754e+20 4.067356000000000000e+20
7.540000000000000036e-01 1.248712700000000069e+22 6.569750700000000082e+20 4.199379000000000164e+20
7.560000000000000053e-01 1.267849600000000105e+22 6.556168300000000082e+20 4.206160399999999672e+20
7.580000000000000071e-01 1.248158000000000013e+22 6.548865800000000492e+20 4.235032900000000246e+20
7.600000000000000089e-01 1.222585199999999961e+22 6.536317700000000246e+20 4.200494099999999918e+20
7.620000000000000107e-01 1.235131199999999948e+22 6.523292100000000246e+20 4.190755099999999754e+20
7.640000000000000124e-01 1.189020099999999984e+22 6.502901799999999836e+20 4.076754299999999754e+20
7.660000000000000142e-01 1.186946900000000023e+22 6.486427500000000082e+20 4.049989499999999754e+20
7.680000000000000160e-01 1.180999800000000033e+22 6.467877300000000573e+20 4.038546899999999918e+20
7.700000000000000178e-01 1.121563099999999990e+22 6.439484599999999508e+20 3.933644499999999918e+20
7.720000000000000195e-01 1.201327399999999941e+22 6.459203400000000492e+20 4.079875000000000164e+20
7.740000000000000213e-01 1.250260199999999993e+22 6.486253000000000492e+20 4.196713999999999672e+20
7.760000000000000231e-01 1.174057200000000066e+22 6.431669499999999754e+20 4.004597299999999918e+20
7.780000000000000249e-01 1.204031800000000085e+22 6.419100700000000410e+20 4.011067699999999918e+20
7.800000000000000266e-01 1.247848200000000072e+22 6.450461799999999836e+20 4.119802099999999918e+20
7.820000000000000284e-01 1.173702599999999915e+22 6.409575399999999836e+20 4.035224600000000164e+20
7.840000000000000302e-01 1.222157100000000082e+22 6.409958700000000082e+20 4.058559000000000164e+20
7.860000000000000320e-01 1.252588899999999957e+22 6.410528300000000082e+20 4.035936100000000246e+20
7.880000000000000338e-01 1.249764499999999971e+22 6.405568799999999345e+20 4.031422099999999918e+20
7.900000000000000355e-01 1.143001699999999957e+22 6.345119000000000164e+20 3.841019500000000082e+20
7.920000000000000373e-01 1.117633499999999990e+22 6.332207200000000655e+20 3.809733199999999672e+20
7.940000000000000391e-01 1.157065999999999934e+22 6.351733300000000573e+20 3.969086700000000082e+20
7.960000000000000409e-01 1.248128900000000036e+22 6.387858299999999754e+20 4.109404800000000000e+20
7.980000000000000426e-01 1.193196200000000046e+22 6.335440799999999345e+20 3.951600900000000246e+20
8.000000000000000444e-01 1.246255499999999898e+22 6.348330100000000573e+20 4.031814000000000328e+20
8.020000000000000462e-01 1.224487499999999951e+22 6.332521399999999508e+20 4.007431600000000328e+20
8.040000000000000480e-01 1.215624300000000029e+22 6.337738200000000164e+20 4.031154299999999754e+20
8.060000000000000497e-01 1.191251299999999957e+22 6.307530399999999345e+20 4.000745100000000082e+20
8.080000000000000515e-01 1.225941399999999902e+22 6.313400600000000164e+20 4.009523899999999754e+20
8.100000000000000533e-01 1.217085599999999974e+22 6.305304099999999590e+20 4.004981600000000000e+20
8.120000000000000551e-01 1.197436500000000023e+22 6.303075800000000164e+20 4.034748900000000246e+20
8.139999999999999458e-01 1.233655600000000013e+22 6.362071300000000246e+20 4.104570599999999836e+20
8.159999999999999476e-01 1.186251899999999964e+22 6.358250999999999508e+20 3.967929400000000164e+20
8.179999999999999494e-01 1.173486899999999944e+22 6.372948499999999918e+20 3.977591500000000082e+20
8.199999999999999512e-01 1.248206299999999990e+22 6.431151399999999836e+20 4.187243099999999754e+20
8.219999999999999529e-01 1.246056099999999905e+22 6.438206799999999672e+20 4.164888199999999836e+20
8.239999999999999547e-01 1.197187999999999974e+22 6.416984699999999754e+20 4.071671300000000246e+20
8.259999999999999565e-01 1.216685100000000082e+22 6.427180599999999508e+20 4.101020300000000082e+20
8.279999999999999583e-01 1.243718700000000082e+22 6.431995899999999754e+20 4.106809900000000082e+20
8.299999999999999600e-01 1.215752300000000029e+22 6.428473600000000000e+20 4.107734599999999836e+20
8.319999999999999618e-01 1.236706499999999984e+22 6.437777399999999508e+20 4.061477199999999672e+20
8.339999999999999636e-01 1.140544499999999997e+22 6.405763400000000492e+20 3.940594099999999918e+20
8.359999999999999654e-01 1.190659400000000020e+22 6.422525000000000492e+20 4.046552699999999754e+20
8.379999999999999671e-01 1.240790900000000102e+22 6.444439699999999918e+20 4.170781900000000082e+20
8.399999999999999689e-01 1.271287000000000059e+22 6.458285300000000573e+20 4.250388300000000082e+20
8.419999999999999707e-01 1.193904700000000016e+22 6.407968099999999590e+20 4.048492499999999918e+20
8.439999999999999725e-01 1.232570599999999993e+22 6.448013899999999427e+20 4.037105600000000000e+20
8.459999999999999742e-01 1.233768099999999905e+22 6.501111300000000246e+20 4.159275899999999754e+20
8.479999999999999760e-01 1.175197800000000098e+22 6.519398700000000082e+20 4.088447200000000000e+20
8.499999999999999778e-01 1.203586699999999898e+22 6.572183799999999508e+20 4.190189400000000164e+20
8.519999999999999796e-01 1.264994599999999941e+22 6.599923100000000410e+20 4.224666500000000246e+20
8.539999999999999813e-01 1.201373300000000102e+22 6.599340299999999427e+20 4.078735300000000246e+20
8.559999999999999831e-01 1.143569799999999967e+22 6.647115500000000082e+20 4.104598299999999754e+20
8.579999999999999849e-01 1.205078400000000105e+22 6.746870400000000000e+20 4.289950700000000082e+20
8.599999999999999867e-01 1.173289399999999980e+22 6.770885400000000164e+20 4.238634200000000164e+20
8.619999999999999885e-01 1.224305899999999925e+22 6.827416300000000082e+20 4.302821400000000164e+20
8.639999999999999902e-01 1.198441899999999977e+22 6.852655799999999508e+20 4.246078700000000082e+20
8.659999999999999920e-01 1.149503599999999961e+22 6.875176300000000082e+20 4.175824199999999836e+20
8.679999999999999938e-01 1.211040000000000000e+22 6.944189700000000246e+20 4.392301600000000000e+20
8.699999999999999956e-01 1.207475600000000039e+22 6.967889999999999672e+20 4.462274200000000164e+20
8.719999999999999973e-01 1.195097199999999961e+22 6.986384799999999345e+20 4.440188000000000000e+20
8.739999999999999991e-01 1.178961100000000056e+22 7.019122299999999754e+20 4.427726599999999836e+20
8.760000000000000009e-01 1.190427799999999902e+22 7.033640900000000246e+20 4.346707599999999672e+20
8.780000000000000027e-01 1.179859000000000085e+22 7.060144999999999836e+20 4.354371800000000164e+20
8.800000000000000044e-01 1.219924799999999948e+22 7.127413899999999427e+20 4.528458899999999918e+20
8.820000000000000062e-01 1.126202400000000079e+22 7.113427599999999672e+20 4.390275200000000000e+20
8.840000000000000080e-01 1.202643799999999954e+22 7.162970299999999754e+20 4.449006500000000246e+20
8.860000000000000098e-01 1.216634199999999954e+22 7.188189100000000082e+20 4.529260800000000000e+20
8.880000000000000115e-01 1.163446000000000066e+22 7.203398900000000573e+20 4.484094299999999754e+20
8.900000000000000133e-01 1.162736100000000062e+22 7.236506899999999918e+20 4.490456600000000164e+20
8.920000000000000151e-01 1.229894499999999957e+22 7.283408099999999590e+20 4.650507899999999754e+20
8.940000000000000169e-01 1.197690799999999908e+22 7.317850800000000328e+20 4.712908499999999918e+20
8.960000000000000187e-01 1.155593200000000066e+22 7.320473699999999590e+20 4.584043300000000246e+20
8.980000000000000204e-01 1.101358899999999944e+22 7.304135099999999754e+20 4.448083500000000082e+20
9.000000000000000222e-01 1.206102100000000023e+22 7.358600500000000573e+20 4.612325700000000246e+20
9.020000000000000240e-01 1.287701699999999984e+22 7.441275200000000000e+20 4.800457400000000164e+20
9.040000000000000258e-01 1.170134299999999938e+22 7.401244599999999508e+20 4.597008100000000246e+20
9.060000000000000275e-01 1.237892900000000010e+22 7.477319300000000246e+20 4.695343500000000082e+20
9.080000000000000293e-01 1.135452000000000026e+22 7.517261599999999345e+20 4.545855200000000000e+20
9.100000000000000311e-01 1.120339000000000085e+22 7.610187599999999672e+20 4.615307300000000246e+20
9.120000000000000329e-01 1.130575299999999984e+22 7.709709199999999672e+20 4.658046599999999836e+20
9.140000000000000346e-01 1.074455199999999974e+22 7.740319399999999836e+20 4.630859699999999918e+20
9.160000000000000364e-01 1.068256999999999993e+22 7.796297900000000082e+20 4.664751500000000082e+20
9.180000000000000382e-01 1.119695999999999895e+22 7.894094099999999918e+20 4.797904600000000164e+20
9.200000000000000400e-01 1.226647500000000056e+22 7.991800600000000164e+20 5.107082400000000000e+20
9.220000000000000417e-01 1.254723199999999895e+22 8.067795899999999754e+20 5.157556900000000246e+20
9.240000000000000435e-01 1.148370000000000092e+22 8.072673500000000410e+20 4.962301700000000246e+20
9.260000000000000453e-01 1.215070900000000049e+22 8.126498800000000328e+20 5.073211200000000000e+20
9.280000000000000471e-01 1.277426500000000088e+22 8.232665500000000410e+20 5.316554299999999754e+20
9.300000000000000488e-01 1.192993099999999951e+22 8.264035899999999754e+20 5.162650700000000082e+20
9.320000000000000506e-01 1.163817200000000066e+22 8.287615600000000328e+20 5.119094299999999754e+20
9.340000000000000524e-01 1.212115399999999915e+22 8.365101499999999754e+20 5.251885700000000246e+20
9.360000000000000542e-01 1.164345500000000043e+22 8.400837300000000573e+20 5.150528000000000000e+20
9.379999999999999449e-01 1.199213299999999997e+22 8.485176600000000164e+20 5.420242299999999754e+20
9.399999999999999467e-01 1.210460000000000026e+22 8.550025099999999427e+20 5.518784100000000246e+20
9.419999999999999485e-01 1.195483500000000029e+22 8.584532499999999918e+20 5.383856100000000246e+20
9.439999999999999503e-01 1.187779400000000020e+22 8.624529800000000492e+20 5.446511099999999754e+20
9.459999999999999520e-01 1.203467100000000095e+22 8.712833500000000410e+20 5.561785999999999672e+20
9.479999999999999538e-01 1.165742200000000033e+22 8.714072699999999754e+20 5.405834500000000246e+20
9.499999999999999556e-01 1.040953000000000046e+22 8.699641299999999918e+20 5.173215099999999754e+20
9.519999999999999574e-01 1.084974600000000072e+22 8.812506100000000573e+20 5.357031399999999836e+20
9.539999999999999591e-01 1.115499100000000095e+22 8.847902700000000082e+20 5.447945799999999836e+20
9.559999999999999609e-01 1.151212300000000003e+22 8.904768399999999672e+20 5.544637700000000246e+20
9.579999999999999627e-01 1.123395499999999977e+22 8.944378399999999345e+20 5.464589700000000246e+20
9.599999999999999645e-01 1.154717900000000056e+22 9.001619599999999672e+20 5.517998299999999754e+20
9.619999999999999662e-01 1.153191899999999990e+22 9.032855699999999918e+20 5.521927500000000082e+20
9.639999999999999680e-01 1.127106099999999944e+22 9.079356400000000328e+20 5.541508999999999836e+20
9.659999999999999698e-01 1.218292600000000033e+22 9.175131200000000000e+20 5.761971800000000164e+20
9.679999999999999716e-01 1.171300499999999971e+22 9.184500199999999836e+20 5.683888900000000246e+20
9.699999999999999734e-01 1.157526799999999934e+22 9.235958400000000000e+20 5.716113200000000328e+20
9.719999999999999751e-01 1.192357999999999961e+22 9.315679399999999836e+20 5.892871600000000328e+20
9.739999999999999769e-01 1.195494300000000043e+22 9.353384699999999754e+20 5.773736199999999836e+20
9.759999999999999787e-01 1.174709100000000029e+22 9.416273500000000410e+20 5.835914800000000328e+20
9.779999999999999805e-01 1.106302000000000013e+22 9.434557499999999754e+20 5.738394500000000246e+20
9.799999999999999822e-01 1.126963399999999915e+22 9.489793900000000082e+20 5.743493199999999672e+20
9.819999999999999840e-01 1.256318699999999925e+22 9.612818800000000328e+20 6.124675800000000164e+20
9.839999999999999858e-01 1.253225300000000023e+22 9.649712399999999672e+20 6.138666500000000246e+20
9.859999999999999876e-01 1.160747700000000049e+22 9.634071300000000246e+20 5.839037600000000000e+20
9.879999999999999893e-01 1.085361399999999928e+22 9.618488999999999836e+20 5.736259800000000164e+20
9.899999999999999911e-01 1.220652200000000046e+22 9.732186100000000573e+20 6.112456999999999836e+20
9.919999999999999929e-01 1.231651800000000059e+22 9.795658200000000164e+20 6.195583200000000655e+20
9.939999999999999947e-01 1.178717900000000056e+22 9.776425200000000328e+20 6.099655000000000164e+20
9.959999999999999964e-01 1.149090300000000069e+22 9.793295699999999918e+20 5.978790700000000082e+20
9.979999999999999982e-01 1.141607200000000079e+22 9.868794399999999345e+20 5.945407200000000655e+20
1.000000000000000000e+00 1.121558500000000062e+22 9.887562699999999427e+20 6.019676700000000410e+20
1.002000000000000002e+00 1.217622600000000020e+22 1.004921200000000066e+21 6.429767099999999754e+20
1.004000000000000004e+00 1.169972000000000079e+22 1.009244700000000016e+21 6.275942400000000000e+20
1.006000000000000005e+00 1.156103300000000036e+22 1.014650900000000049e+21 6.328762299999999754e+20
1.008000000000000007e+00 1.127059100000000043e+22 1.018146800000000066e+21 6.355599699999999918e+20
1.010000000000000009e+00 1.163059299999999957e+22 1.025949600000000000e+21 6.388191600000000328e+20
1.012000000000000011e+00 1.204080899999999931e+22 1.031423200000000000e+21 6.464509899999999427e+20
1.014000000000000012e+00 1.214897700000000010e+22 1.034064299999999951e+21 6.359366600000000492e+20
1.016000000000000014e+00 1.127340200000000046e+22 1.036555299999999984e+21 6.168712500000000573e+20
1.018000000000000016e+00 1.101196800000000000e+22 1.036753099999999951e+21 6.151938699999999427e+20
1.020000000000000018e+00 1.223389199999999934e+22 1.055957500000000016e+21 6.694320999999999836e+20
1.022000000000000020e+00 1.213687699999999971e+22 1.056700600000000033e+21 6.664913699999999590e+20
1.024000000000000021e+00 1.115817800000000020e+22 1.057330200000000033e+21 6.546382700000000082e+20
1.026000000000000023e+00 9.974182299999999623e+21 1.059835900000000016e+21 6.220655000000000164e+20
1.028000000000000025e+00 1.058761700000000062e+22 1.069729099999999951e+21 6.276501199999999672e+20
1.030000000000000027e+00 1.118248999999999941e+22 1.079876000000000000e+21 6.565694600000000492e+20
1.032000000000000028e+00 1.143983899999999938e+22 1.088969899999999951e+21 6.749098200000000164e+20
1.034000000000000030e+00 1.185244500000000023e+22 1.100194100000000049e+21 6.973278900000000573e+20
1.036000000000000032e+00 1.120422999999999954e+22 1.101956899999999984e+21 6.838685199999999672e+20
1.038000000000000034e+00 1.164215600000000013e+22 1.116175800000000033e+21 7.226392399999999672e+20
1.040000000000000036e+00 1.208889900000000082e+22 1.122060999999999967e+21 7.144911200000000655e+20
1.042000000000000037e+00 1.129040600000000059e+22 1.122928299999999951e+21 6.852745999999999672e+20
1.044000000000000039e+00 1.180526799999999987e+22 1.137371200000000000e+21 7.218765000000000492e+20
1.046000000000000041e+00 1.103208399999999987e+22 1.135820500000000049e+21 6.904119399999999836e+20
1.048000000000000043e+00 1.107835199999999948e+22 1.146832500000000049e+21 6.927196199999999836e+20
1.050000000000000044e+00 1.089706499999999931e+22 1.150704600000000033e+21 6.879847499999999427e+20
1.052000000000000046e+00 1.186506300000000016e+22 1.171249300000000049e+21 7.491340899999999590e+20
1.054000000000000048e+00 1.203748499999999971e+22 1.177533500000000016e+21 7.444756299999999427e+20
1.056000000000000050e+00 1.075067299999999905e+22 1.177177999999999934e+21 7.164570200000000164e+20
1.058000000000000052e+00 1.172002199999999902e+22 1.192282399999999869e+21 7.333230099999999918e+20
1.060000000000000053e+00 1.174055099999999912e+22 1.203635300000000115e+21 7.385152600000000164e+20
1.062000000000000055e+00 1.026635800000000007e+22 1.198292299999999951e+21 6.977208000000000000e+20
1.064000000000000057e+00 1.026818599999999941e+22 1.208287600000000066e+21 7.010659599999999672e+20
1.066000000000000059e+00 1.149383700000000075e+22 1.227187099999999885e+21 7.453367499999999427e+20
1.068000000000000060e+00 1.153030200000000085e+22 1.238062200000000033e+21 7.735617200000000328e+20
1.070000000000000062e+00 1.131940700000000095e+22 1.245470200000000033e+21 7.658096600000000164e+20
1.072000000000000064e+00 1.199220100000000036e+22 1.261301600000000131e+21 7.870285000000000492e+20
1.074000000000000066e+00 1.082671700000000023e+22 1.258647499999999951e+21 7.543774499999999590e+20
1.076000000000000068e+00 1.059123899999999912e+22 1.272245100000000082e+21 7.675533599999999345e+20
1.078000000000000069e+00 1.099119600000000066e+22 1.287463299999999984e+21 7.684464900000000246e+20
1.080000000000000071e+00 1.095105599999999948e+22 1.290317300000000049e+21 7.567325799999999836e+20
1.082000000000000073e+00 1.045413200000000092e+22 1.300817799999999967e+21 7.669610999999999508e+20
1.084000000000000075e+00 1.047848399999999987e+22 1.317469899999999951e+21 7.865866100000000573e+20
1.086000000000000076e+00 1.024993900000000029e+22 1.328030900000000049e+21 8.160215099999999754e+20
1.088000000000000078e+00 1.124742899999999997e+22 1.344984300000000082e+21 8.409282800000000328e+20
1.090000000000000080e+00 1.159052700000000043e+22 1.360451700000000049e+21 8.416796000000000655e+20
1.092000000000000082e+00 9.944427399999999967e+21 1.359072599999999902e+21 8.022738699999999427e+20
1.094000000000000083e+00 9.956697200000000590e+21 1.368931099999999885e+21 7.914791199999999345e+20
1.096000000000000085e+00 1.089331600000000039e+22 1.390868900000000115e+21 8.393925000000000492e+20
1.098000000000000087e+00 1.230863499999999898e+22 1.422160500000000049e+21 9.566093599999999345e+20
1.100000000000000089e+00 1.148408500000000049e+22 1.426854200000000033e+21 8.952990600000000492e+20
1.102000000000000091e+00 1.065896899999999984e+22 1.429631299999999984e+21 8.413538400000000655e+20
1.104000000000000092e+00 1.099937499999999990e+22 1.438501300000000049e+21 8.554757100000000082e+20
1.106000000000000094e+00 1.096577900000000029e+22 1.461657299999999918e+21 8.965935799999999508e+20
1.108000000000000096e+00 1.189808200000000020e+22 1.496104599999999902e+21 9.781242599999999836e+20
1.110000000000000098e+00 1.117910699999999977e+22 1.490606099999999918e+21 9.394962200000000164e+20
1.112000000000000099e+00 1.296378799999999908e+22 1.526497999999999934e+21 9.749022199999999508e+20
1.114000000000000101e+00 1.038553900000000082e+22 1.516913999999999934e+21 8.886554899999999918e+20
1.116000000000000103e+00 1.217948699999999938e+22 1.560406700000000082e+21 1.001361699999999984e+21
1.118000000000000105e+00 1.139467200000000052e+22 1.568460400000000066e+21 9.812624699999999754e+20
1.120000000000000107e+00 1.011571500000000082e+22 1.577208300000000082e+21 9.817188100000000246e+20
1.122000000000000108e+00 1.111296199999999915e+22 1.601468999999999967e+21 1.014017899999999951e+21
1.124000000000000110e+00 1.294169699999999957e+22 1.634504100000000115e+21 1.056911800000000033e+21
1.125999999999999890e+00 1.103007099999999964e+22 1.631738199999999902e+21 9.938978800000000328e+20
1.127999999999999892e+00 1.120675800000000059e+22 1.665550400000000000e+21 1.016593699999999984e+21
1.129999999999999893e+00 1.025279000000000007e+22 1.671800599999999902e+21 1.001750599999999967e+21
1.131999999999999895e+00 1.049265700000000010e+22 1.705295299999999984e+21 1.043878699999999951e+21
1.133999999999999897e+00 1.142916400000000013e+22 1.736360700000000016e+21 1.070918900000000049e+21
1.135999999999999899e+00 1.251726200000000033e+22 1.758354800000000066e+21 1.120067399999999967e+21
1.137999999999999901e+00 1.282237300000000102e+22 1.783925600000000131e+21 1.124469400000000033e+21
1.139999999999999902e+00 1.106036100000000036e+22 1.806603900000000016e+21 1.086833799999999967e+21
1.141999999999999904e+00 1.155037099999999977e+22 1.840891500000000082e+21 1.154453400000000033e+21
1.143999999999999906e+00 1.221835899999999964e+22 1.861198400000000000e+21 1.138857799999999967e+21
1.145999999999999908e+00 1.153806499999999905e+22 1.898319499999999951e+21 1.175325500000000016e+21
1.147999999999999909e+00 1.280581499999999964e+22 1.940185700000000115e+21 1.292265400000000033e+21
1.149999999999999911e+00 1.140745999999999934e+22 1.942275200000000000e+21 1.190758799999999934e+21
1.151999999999999913e+00 9.978880800000000918e+21 1.992918299999999885e+21 1.174022699999999951e+21
1.153999999999999915e+00 9.697718899999999263e+21 2.005042199999999902e+21 1.132798400000000000e+21
1.155999999999999917e+00 1.145014100000000023e+22 2.064494799999999934e+21 1.258578100000000049e+21
1.157999999999999918e+00 1.143074900000000023e+22 2.113324200000000098e+21 1.296127499999999951e+21
1.159999999999999920e+00 1.084715200000000052e+22 2.137302400000000000e+21 1.275193400000000033e+21
1.161999999999999922e+00 1.187781099999999925e+22 2.188642600000000098e+21 1.286115799999999902e+21
1.163999999999999924e+00 1.152915000000000085e+22 2.253570899999999918e+21 1.328272899999999984e+21
1.165999999999999925e+00 1.146623699999999918e+22 2.292280599999999902e+21 1.436197300000000049e+21
1.167999999999999927e+00 1.042702600000000072e+22 2.332170199999999902e+21 1.450000300000000082e+21
1.169999999999999929e+00 1.284824900000000088e+22 2.450187399999999967e+21 1.523197899999999951e+21
1.171999999999999931e+00 1.028387700000000102e+22 2.447852400000000066e+21 1.388006000000000066e+21
1.173999999999999932e+00 9.840486299999999623e+21 2.525813699999999984e+21 1.514712199999999967e+21
1.175999999999999934e+00 1.130846599999999967e+22 2.630778099999999787e+21 1.674559600000000066e+21
1.177999999999999936e+00 1.130390199999999980e+22 2.694149099999999820e+21 1.616896599999999902e+21
1.179999999999999938e+00 1.090739699999999997e+22 2.769547000000000033e+21 1.641523700000000049e+21
1.181999999999999940e+00 1.055402600000000098e+22 2.852640499999999787e+21 1.733140099999999984e+21
1.183999999999999941e+00 9.726537299999999394e+21 2.893882799999999803e+21 1.662173199999999934e+21
1.185999999999999943e+00 1.199929299999999918e+22 3.084096399999999934e+21 2.146310000000000066e+21
1.187999999999999945e+00 9.496051900000000541e+21 3.097609600000000000e+21 1.826582099999999918e+21
1.189999999999999947e+00 1.227417000000000046e+22 3.268527699999999918e+21 2.129734599999999967e+21
1.191999999999999948e+00 9.955212599999999246e+21 3.320352600000000164e+21 1.840417799999999967e+21
1.193999999999999950e+00 1.233066899999999971e+22 3.503443900000000016e+21 2.169361700000000115e+21
1.195999999999999952e+00 1.445509300000000049e+22 3.721087399999999836e+21 2.536957100000000082e+21
1.197999999999999954e+00 8.184388999999999967e+21 3.719593399999999771e+21 1.964348200000000098e+21
1.199999999999999956e+00 1.102904900000000088e+22 4.009106499999999984e+21 2.449234100000000049e+21
1.201999999999999957e+00 9.237769999999999934e+21 4.117940600000000033e+21 2.234345499999999885e+21
1.203999999999999959e+00 1.056105700000000062e+22 4.357436300000000213e+21 2.543761700000000115e+21
1.205999999999999961e+00 1.253457500000000095e+22 4.623761199999999803e+21 3.058659500000000082e+21
1.207999999999999963e+00 1.247180899999999957e+22 4.904423099999999492e+21 3.584567000000000164e+21
1.209999999999999964e+00 1.314035799999999954e+22 5.182816499999999787e+21 3.749231799999999771e+21
1.211999999999999966e+00 1.002919200000000079e+22 5.290630700000000082e+21 2.820461199999999934e+21
1.213999999999999968e+00 1.347495899999999990e+22 5.785226600000000098e+21 3.819873199999999803e+21
1.215999999999999970e+00 1.405129899999999977e+22 6.250670699999999820e+21 4.072074300000000016e+21
1.217999999999999972e+00 1.207613099999999977e+22 6.653624999999999836e+21 4.000462800000000197e+21
1.219999999999999973e+00 1.395142499999999957e+22 7.090260199999999574e+21 4.615507999999999869e+21
1.221999999999999975e+00 6.982134199999999771e+21 7.208477900000000475e+21 3.655411900000000016e+21
1.223999999999999977e+00 9.704875299999999590e+21 8.078183000000000164e+21 5.643985300000000180e+21
1.225999999999999979e+00 1.246744199999999967e+22 8.551269700000000508e+21 5.383224300000000344e+21
1.227999999999999980e+00 6.062201700000000377e+21 9.016082500000000508e+21 4.063454500000000115e+21
1.229999999999999982e+00 1.133324100000000088e+22 1.038015800000000085e+22 7.232367299999999984e+21
1.231999999999999984e+00 1.301882500000000036e+22 1.187084999999999915e+22 9.263773000000000229e+21
1.233999999999999986e+00 2.516720000000000105e+22 1.532011100000000095e+22 1.282594099999999944e+22
