# HDF: fcm_201510_517  
# /messung/kmc/daten/2015/4Q/pilatus_201510_6691.tif
# Energy (eV)=8000	Distance (mm)=4541.2	Normalization (s A)=0.59901181	Center=(465.691,543.077)	Binsize (nm-1)=0.005
# Normalized by solid angle (1/distance^2), time (PilatusAcqTime_GRAL) and intensity (K4norm_mean)
# q(nm-1)	I_norm	err_pois	err_stdv
0.025	496.44049	5.7979549	48.414635
0.03	462.61709	2.0585003	8.2743427
0.035	342.85721	1.118856	4.6012939
0.04	239.25422	0.82946591	3.7885963
0.045	165.53586	0.63810101	2.4673671
0.05	116.78383	0.48109413	1.4623985
0.055	80.257215	0.36387062	0.72197469
0.06	57.660993	0.29231231	0.42286781
0.065	43.624273	0.24232875	0.33243377
0.07	32.85947	0.20061876	0.25895551
0.075	24.434979	0.16579537	0.21413942
0.08	17.744697	0.13558332	0.18080904
0.085	13.232998	0.11305014	0.1442792
0.09	10.12022	0.095816166	0.12124762
0.095	8.1878132	0.083802466	0.10625221
0.1	7.169095	0.076355005	0.094415857
0.105	6.7040375	0.072211314	0.086731195
0.11	6.7058214	0.070165915	0.085505108
0.115	7.0244633	0.071026303	0.084790457
0.12	7.1439234	0.071785806	0.085152095
0.125	7.4496082	0.073316179	0.08649262
0.13	7.5657878	0.073435106	0.087003005
0.135	7.3962505	0.072038467	0.08516347
0.14	6.958802	0.068858177	0.08072094
0.145	6.6066161	0.064998125	0.076004872
0.15	6.1774536	0.061078208	0.070236743
0.155	5.4540948	0.055734431	0.06412212
0.16	4.8724183	0.051882339	0.060638949
0.165	4.2354218	0.047560493	0.054858731
0.17	3.7122155	0.043830046	0.050730612
0.175	3.2828769	0.040867106	0.046003222
0.18	2.8584433	0.038092189	0.042821421
0.185	2.5528154	0.036343816	0.040021339
0.19	2.2839078	0.035028142	0.037798637
0.195	2.008743	0.033571611	0.035577509
0.2	1.8782204	0.032797782	0.03471727
0.205	1.793718	0.032324285	0.034060006
0.21	1.68573	0.031123496	0.032701092
0.215	1.6392756	0.029987352	0.031353182
0.22	1.5472023	0.028687096	0.029296483
0.225	1.4924708	0.027991093	0.028422257
0.23	1.4264115	0.027230353	0.026903768
0.235	1.3678182	0.026515008	0.025842451
0.24	1.2761636	0.025686721	0.024907573
0.245	1.2482395	0.025338336	0.024811087
0.25	1.1677617	0.024622014	0.023497312
0.255	1.0650247	0.023763463	0.02184477
0.26	0.99627438	0.023225272	0.021015206
0.265	0.93568532	0.022624672	0.020005025
0.27	0.91071136	0.022329862	0.019726917
0.275	0.87086381	0.021936222	0.019044045
0.28	0.85303361	0.021586344	0.018356278
0.285	0.8362734	0.021286318	0.018136549
0.29	0.81977378	0.021030155	0.017776212
0.295	0.7854486	0.020723531	0.017433629
0.3	0.79568194	0.020604667	0.017426131
0.305	0.77485481	0.020288834	0.016967225
0.31	0.74661376	0.020001478	0.016493475
0.315	0.73182478	0.019779019	0.016218372
0.32	0.73881655	0.019630242	0.016031584
0.325	0.74333338	0.019499464	0.015945683
0.33	0.74595961	0.019328104	0.015971261
0.335	0.72940761	0.019090325	0.015592075
0.34	0.75221812	0.019051571	0.015658464
0.345	0.77167284	0.018937235	0.015728309
0.35	0.77257724	0.01885216	0.015860897
0.355	0.7609259	0.018643397	0.015460841
0.36	0.75705645	0.018484852	0.015287911
0.365	0.7771479	0.018394853	0.015375515
0.37	0.7794982	0.018265194	0.015340493
0.375	0.78396269	0.018151461	0.015118576
0.38	0.79787219	0.018073863	0.015068499
0.385	0.79420598	0.017911789	0.014977241
0.39	0.83554989	0.017936862	0.015174206
0.395	0.83834738	0.017854818	0.015234344
0.4	0.82034663	0.01764193	0.014919249
0.405	0.85165477	0.017635943	0.015132911
0.41	0.86950805	0.017555302	0.015058631
0.415	0.90436046	0.017611889	0.015434772
0.42	0.9035073	0.017438507	0.015199444
0.425	0.91825016	0.017393778	0.015201682
0.43	0.93468768	0.017406746	0.015536227
0.435	0.94986905	0.017307213	0.015373213
0.44	0.95292425	0.017264707	0.015317644
0.445	0.97869235	0.017513243	0.015680607
0.45	1.0042354	0.017728377	0.016118555
0.455	1.0100586	0.017809225	0.016194926
0.46	1.0221014	0.017858483	0.016162547
0.465	1.041642	0.017860788	0.016230799
0.47	1.0621071	0.017742353	0.016332015
0.475	1.0829932	0.017578135	0.016390264
0.48	1.0649341	0.017261646	0.015679783
0.485	1.0796603	0.017207705	0.015884623
0.49	1.1161429	0.017196837	0.016113775
0.495	1.1422113	0.017138891	0.016073053
0.5	1.1603523	0.017102032	0.016260861
0.505	1.1696731	0.017002044	0.016121616
0.51	1.166949	0.01705764	0.01626404
0.515	1.204023	0.017323008	0.016545344
0.52	1.1927819	0.017315472	0.016535561
0.525	1.2282267	0.017537844	0.017005288
0.53	1.2617358	0.01767334	0.017297522
0.535	1.241658	0.017495708	0.017009531
0.54	1.2369447	0.017206119	0.016631811
0.545	1.2511256	0.017052605	0.01645258
0.55	1.2682478	0.01694922	0.016481589
0.555	1.3014565	0.01688258	0.016486948
0.56	1.3240997	0.016882603	0.016559817
0.565	1.2850961	0.016640076	0.016368171
0.57	1.2959365	0.016577431	0.016286567
0.575	1.3151986	0.016530818	0.01622151
0.58	1.3294349	0.016469097	0.016292054
0.585	1.3887141	0.016605401	0.016592968
0.59	1.3863123	0.016462749	0.016345025
0.595	1.3683453	0.0162976	0.015979027
0.6	1.3721682	0.016211438	0.015844591
0.605	1.4051707	0.016246195	0.01608396
0.61	1.4064408	0.016189453	0.016165264
0.615	1.4110397	0.016136728	0.016038862
0.62	1.4233036	0.016084196	0.016009771
0.625	1.4220959	0.016005931	0.015971429
0.63	1.4185123	0.015911441	0.015793332
0.635	1.4454078	0.015919787	0.015855781
0.64	1.4479216	0.01584539	0.015852982
0.645	1.4384442	0.015755159	0.015786179
0.65	1.4576114	0.015726954	0.015761005
0.655	1.4709987	0.015706553	0.015793228
0.66	1.4691598	0.015681352	0.015915126
0.665	1.4497492	0.015521472	0.015556988
0.67	1.4640031	0.015497819	0.015460519
0.675	1.4755504	0.01547597	0.015605308
0.68	1.4892612	0.015453708	0.01561765
0.685	1.4923096	0.0153663	0.015382506
0.69	1.5028191	0.015344918	0.015381971
0.695	1.5233345	0.015392117	0.015593618
0.7	1.520287	0.015271427	0.015510971
0.705	1.5178037	0.015216015	0.015555106
0.71	1.5200923	0.01516181	0.015386124
0.715	1.5354813	0.015235372	0.015374696
0.72	1.54574	0.015383526	0.015665333
0.725	1.5170142	0.015372645	0.015672102
0.73	1.5249082	0.015429791	0.015591744
0.735	1.5519448	0.01551851	0.015723719
0.74	1.5520625	0.015529933	0.015782469
0.745	1.5316396	0.015454569	0.015645308
0.75	1.5558245	0.015530168	0.015766952
0.755	1.5546323	0.015555371	0.016021806
0.76	1.5525156	0.015539372	0.015862597
0.765	1.5421673	0.015504817	0.01571486
0.77	1.5684844	0.015798352	0.016081201
0.775	1.579591	0.016015645	0.016324081
0.78	1.5713421	0.016121252	0.016443855
0.785	1.5723212	0.016202159	0.016396492
0.79	1.544861	0.016303575	0.016495719
0.795	1.5420686	0.016633457	0.016800845
0.8	1.5536602	0.016967082	0.017405176
0.805	1.549937	0.017098728	0.017484938
0.81	1.5652207	0.017383619	0.017712747
0.815	1.5553453	0.017505994	0.01796249
0.82	1.5386178	0.017573743	0.01801386
0.825	1.568482	0.017830405	0.018230306
0.83	1.5894493	0.018061706	0.018488365
0.835	1.5760319	0.018351471	0.018656376
0.84	1.5518461	0.018761666	0.018902543
0.845	1.5654592	0.019272604	0.019538938
0.85	1.5842334	0.019713795	0.020248813
0.855	1.5897044	0.020040163	0.020549423
0.86	1.5886462	0.020395893	0.020861493
0.865	1.5663031	0.020633084	0.020964623
0.87	1.5662558	0.020990924	0.021316251
0.875	1.5829928	0.021451736	0.021864618
0.88	1.5798769	0.021724942	0.021900278
0.885	1.5594403	0.021983486	0.022396834
0.89	1.5280956	0.022159875	0.022270889
0.895	1.5639766	0.022600362	0.022547144
0.9	1.6130287	0.023257256	0.023740854
0.905	1.5767172	0.023565422	0.024218375
0.91	1.5119402	0.02344968	0.023559304
0.915	1.5509228	0.024072278	0.024471809
0.92	1.5463299	0.024368649	0.024684217
0.925	1.6045794	0.025054224	0.025685306
0.93	1.6211529	0.025726638	0.026774797
0.935	1.5836082	0.025864451	0.026405991
0.94	1.5513853	0.026189758	0.02712289
0.945	1.5431976	0.02663567	0.027406719
0.985	1.5616556	0.031316713	0.032039589
0.99	1.5462796	0.031998164	0.032783989
0.995	1.5560874	0.032919937	0.033416081
1	1.5373276	0.033632676	0.03456402
1.005	1.5408897	0.034679866	0.035498785
1.01	1.5537608	0.035777524	0.036122063
1.015	1.5633576	0.036832693	0.037300052
1.02	1.5760328	0.038104643	0.038689278
1.025	1.5308608	0.039083396	0.038730725
1.03	1.5482707	0.04063558	0.041069956
1.035	1.6321648	0.043017271	0.044729406
1.04	1.5800033	0.04428914	0.045828787
1.045	1.5790476	0.046424822	0.047687617
1.05	1.6065149	0.04881221	0.049272115
1.055	1.554392	0.050351794	0.050653101
1.06	1.4265166	0.051072328	0.050916985
1.065	1.5405494	0.054841113	0.054424516
1.07	1.5375611	0.057583985	0.057530638
1.0750001	1.5695261	0.061982366	0.063533691
1.08	1.5462161	0.065661673	0.067230151
1.0849999	1.5088869	0.070120559	0.069146592
1.09	1.4962524	0.075800258	0.072787062
1.0950001	1.5984311	0.086340588	0.083676524
1.1	1.4553461	0.093848511	0.095862037
1.1049999	1.4882764	0.10094614	0.098159974
1.11	1.4512789	0.10829214	0.1104079
1.1150001	1.4605446	0.11601803	0.11968194
1.12	1.5776427	0.1285889	0.13383827
1.1249999	1.650203	0.14390426	0.14157429
1.13	1.525888	0.15384799	0.1431635
1.1350001	1.5249884	0.18174088	0.17423338
1.14	1.5285664	0.23354863	0.26197242
