0.000000000000000000e+00 5.432209900000000000e+11 3.251449900000000000e+12 1.216903800000000000e+12
3.000000000000000062e-03 5.970274600000000000e+11 1.851486400000000000e+12 6.082446300000000000e+11
6.000000000000000125e-03 9.190710300000000000e+11 1.458334800000000000e+12 5.629667000000000000e+11
8.999999999999999320e-03 1.162312900000000000e+12 1.219423400000000000e+12 5.259883100000000000e+11
1.200000000000000025e-02 8.189620000000000000e+11 1.028470400000000000e+12 3.845360800000000000e+11
1.499999999999999944e-02 4.472861800000000000e+11 8.483696700000000000e+11 2.377469100000000000e+11
1.799999999999999864e-02 7.523747100000000000e+11 7.363932200000000000e+11 2.608816200000000000e+11
2.100000000000000130e-02 5.887997000000000000e+11 6.602927200000000000e+11 5.512191500000000000e+11
2.400000000000000050e-02 1.822695600000000000e+13 9.949691700000000000e+11 3.356940500000000000e+12
2.699999999999999969e-02 9.542743200000000000e+13 2.287860900000000000e+12 5.970007200000000000e+12
2.999999999999999889e-02 1.167810200000000000e+14 2.254987800000000000e+12 3.752225200000000000e+12
3.300000000000000155e-02 8.917320000000000000e+13 1.758206600000000000e+12 2.555553300000000000e+12
3.599999999999999728e-02 6.677375500000000000e+13 1.424254700000000000e+12 1.819709900000000000e+12
3.899999999999999994e-02 5.574692000000000000e+13 1.236348400000000000e+12 1.516031400000000000e+12
4.200000000000000261e-02 5.171014900000000000e+13 1.143899900000000000e+12 1.311535900000000000e+12
4.499999999999999833e-02 4.845013800000000000e+13 1.073440500000000000e+12 1.193539100000000000e+12
4.800000000000000100e-02 4.421421400000000000e+13 9.882030700000000000e+11 1.152666200000000000e+12
5.099999999999999672e-02 4.418358400000000000e+13 9.609604700000000000e+11 1.110583300000000000e+12
5.399999999999999939e-02 4.043315500000000000e+13 8.793821700000000000e+11 9.951211800000000000e+11
5.700000000000000205e-02 3.908965400000000000e+13 8.447563600000000000e+11 9.884721400000000000e+11
5.999999999999999778e-02 3.894699500000000000e+13 8.244587700000000000e+11 9.398082500000000000e+11
6.300000000000000044e-02 3.765151900000000000e+13 7.887374100000000000e+11 9.082972800000000000e+11
6.600000000000000311e-02 3.805399500000000000e+13 7.780319600000000000e+11 8.590518400000000000e+11
6.900000000000000577e-02 3.669782600000000000e+13 7.430615100000000000e+11 8.644382500000000000e+11
7.199999999999999456e-02 3.705763900000000000e+13 7.308957500000000000e+11 8.815361900000000000e+11
7.499999999999999722e-02 3.659970900000000000e+13 7.093947000000000000e+11 8.287778600000000000e+11
7.799999999999999989e-02 3.619342900000000000e+13 6.925794800000000000e+11 7.812703400000000000e+11
8.100000000000000255e-02 3.737999100000000000e+13 6.873241800000000000e+11 7.989895000000000000e+11
8.400000000000000522e-02 3.807672100000000000e+13 6.779402900000000000e+11 7.682938800000000000e+11
8.699999999999999400e-02 3.784260400000000000e+13 6.638663900000000000e+11 7.345351000000000000e+11
8.999999999999999667e-02 3.993733000000000000e+13 6.756299900000000000e+11 7.525854900000000000e+11
9.299999999999999933e-02 3.983277800000000000e+13 6.593728800000000000e+11 7.520284100000000000e+11
9.600000000000000200e-02 4.074936500000000000e+13 6.585098800000000000e+11 7.575030900000000000e+11
9.900000000000000466e-02 4.115911100000000000e+13 6.467762500000000000e+11 7.293318600000000000e+11
1.019999999999999934e-01 4.261264000000000000e+13 6.517172400000000000e+11 7.350505300000000000e+11
1.049999999999999961e-01 4.248850900000000000e+13 6.407046600000000000e+11 7.547459100000000000e+11
1.079999999999999988e-01 4.358258600000000000e+13 6.415688400000000000e+11 7.329038400000000000e+11
1.110000000000000014e-01 4.432675200000000000e+13 6.485404300000000000e+11 7.194702500000000000e+11
1.140000000000000041e-01 4.424019400000000000e+13 6.513429300000000000e+11 7.137685400000000000e+11
1.170000000000000068e-01 4.584363600000000000e+13 6.643948400000000000e+11 7.330030000000000000e+11
1.199999999999999956e-01 4.625389700000000000e+13 6.676485200000000000e+11 7.529971100000000000e+11
1.229999999999999982e-01 4.584870500000000000e+13 6.600186700000000000e+11 7.499044400000000000e+11
1.260000000000000009e-01 4.769389000000000000e+13 6.707157100000000000e+11 7.625370400000000000e+11
1.290000000000000036e-01 4.709175600000000000e+13 6.613263000000000000e+11 7.500725400000000000e+11
1.320000000000000062e-01 4.865553600000000000e+13 6.756821400000000000e+11 7.608287100000000000e+11
1.350000000000000089e-01 4.859039900000000000e+13 6.670026100000000000e+11 7.583921200000000000e+11
1.380000000000000115e-01 4.856384300000000000e+13 6.555493000000000000e+11 7.612658900000000000e+11
1.409999999999999865e-01 4.681493000000000000e+13 6.275948500000000000e+11 7.165243800000000000e+11
1.439999999999999891e-01 4.614068700000000000e+13 6.072256300000000000e+11 6.973987000000000000e+11
1.469999999999999918e-01 4.720964600000000000e+13 6.056782700000000000e+11 7.027866000000000000e+11
1.499999999999999944e-01 4.661446500000000000e+13 5.931176600000000000e+11 6.687118000000000000e+11
1.529999999999999971e-01 4.602881900000000000e+13 5.791457900000000000e+11 6.920947300000000000e+11
1.559999999999999998e-01 4.489436400000000000e+13 5.642408000000000000e+11 6.767687700000000000e+11
1.590000000000000024e-01 4.473069300000000000e+13 5.574056000000000000e+11 6.335293400000000000e+11
1.620000000000000051e-01 4.355276400000000000e+13 5.425035700000000000e+11 6.352154200000000000e+11
1.650000000000000078e-01 4.337719300000000000e+13 5.364468000000000000e+11 6.145799400000000000e+11
1.680000000000000104e-01 4.304045500000000000e+13 5.275332300000000000e+11 5.998967300000000000e+11
1.710000000000000131e-01 4.231945600000000000e+13 5.182232100000000000e+11 5.767739300000000000e+11
1.739999999999999880e-01 4.041175600000000000e+13 5.004292300000000000e+11 5.792754400000000000e+11
1.769999999999999907e-01 3.926575500000000000e+13 4.901080300000000000e+11 5.598186100000000000e+11
1.799999999999999933e-01 3.865944300000000000e+13 4.814532000000000000e+11 5.363382200000000000e+11
1.829999999999999960e-01 3.752156000000000000e+13 4.685251400000000000e+11 5.406261900000000000e+11
1.859999999999999987e-01 3.639587600000000000e+13 4.578512900000000000e+11 5.323560400000000000e+11
1.890000000000000013e-01 3.449221500000000000e+13 4.421188800000000000e+11 5.134823200000000000e+11
1.920000000000000040e-01 3.305780300000000000e+13 4.284814500000000000e+11 4.990036300000000000e+11
1.950000000000000067e-01 3.204728200000000000e+13 4.187354800000000000e+11 4.840158100000000000e+11
1.980000000000000093e-01 3.165946900000000000e+13 4.137300500000000000e+11 4.830153500000000000e+11
2.010000000000000120e-01 3.039958800000000000e+13 4.020464700000000000e+11 4.628768400000000000e+11
2.039999999999999869e-01 2.855775300000000000e+13 3.860293300000000000e+11 4.430582800000000000e+11
2.069999999999999896e-01 2.728592700000000000e+13 3.752784500000000000e+11 4.380160100000000000e+11
2.099999999999999922e-01 2.688876200000000000e+13 3.713627700000000000e+11 4.260096000000000000e+11
2.129999999999999949e-01 2.575664100000000000e+13 3.596865300000000000e+11 4.126701500000000000e+11
2.159999999999999976e-01 2.494273600000000000e+13 3.513005300000000000e+11 3.938981200000000000e+11
2.190000000000000002e-01 2.380376400000000000e+13 3.464214000000000000e+11 3.845291400000000000e+11
2.220000000000000029e-01 2.208742200000000000e+13 3.389977500000000000e+11 3.757049800000000000e+11
2.250000000000000056e-01 2.085258500000000000e+13 3.306261300000000000e+11 3.719180000000000000e+11
2.280000000000000082e-01 2.047713800000000000e+13 3.299753900000000000e+11 3.753378100000000000e+11
2.310000000000000109e-01 1.945598500000000000e+13 3.214070000000000000e+11 3.607525400000000000e+11
2.340000000000000135e-01 1.896794900000000000e+13 3.179828100000000000e+11 3.491517900000000000e+11
2.369999999999999885e-01 1.833991400000000000e+13 3.149762000000000000e+11 3.469909800000000000e+11
2.399999999999999911e-01 1.707221700000000000e+13 3.034856900000000000e+11 3.397212100000000000e+11
2.429999999999999938e-01 1.620390100000000000e+13 2.963873300000000000e+11 3.208443300000000000e+11
2.459999999999999964e-01 1.560024400000000000e+13 2.928775200000000000e+11 3.248724800000000000e+11
2.489999999999999991e-01 1.467659700000000000e+13 2.787423600000000000e+11 3.034726000000000000e+11
2.520000000000000018e-01 1.418762000000000000e+13 2.720070900000000000e+11 2.966850200000000000e+11
2.550000000000000044e-01 1.370849300000000000e+13 2.646685400000000000e+11 2.860455700000000000e+11
2.580000000000000071e-01 1.353996000000000000e+13 2.606013100000000000e+11 2.793024800000000000e+11
2.610000000000000098e-01 1.297970600000000000e+13 2.551584600000000000e+11 2.699564200000000000e+11
2.640000000000000124e-01 1.238186000000000000e+13 2.486332300000000000e+11 2.552369900000000000e+11
2.670000000000000151e-01 1.175428900000000000e+13 2.414567200000000000e+11 2.483448700000000000e+11
2.700000000000000178e-01 1.115701000000000000e+13 2.367722100000000000e+11 2.449859400000000000e+11
2.730000000000000204e-01 1.037572400000000000e+13 2.295175800000000000e+11 2.380660200000000000e+11
2.760000000000000231e-01 1.037754300000000000e+13 2.287920900000000000e+11 2.342901800000000000e+11
2.790000000000000258e-01 9.692980300000000000e+12 2.223393200000000000e+11 2.284691800000000000e+11
2.819999999999999729e-01 9.345574600000000000e+12 2.184079500000000000e+11 2.211553400000000000e+11
2.849999999999999756e-01 9.326878300000000000e+12 2.176686200000000000e+11 2.250183900000000000e+11
2.879999999999999782e-01 8.474695000000000000e+12 2.104727000000000000e+11 2.100644100000000000e+11
2.909999999999999809e-01 8.067216400000000000e+12 2.070285700000000000e+11 2.031077700000000000e+11
2.939999999999999836e-01 8.263337000000000000e+12 2.064960200000000000e+11 2.036995400000000000e+11
2.969999999999999862e-01 7.785683800000000000e+12 2.013317400000000000e+11 1.947503400000000000e+11
2.999999999999999889e-01 7.615501700000000000e+12 2.005282000000000000e+11 1.907447600000000000e+11
3.029999999999999916e-01 7.157050300000000000e+12 1.969038200000000000e+11 1.858258600000000000e+11
3.059999999999999942e-01 6.994677200000000000e+12 1.939435100000000000e+11 1.776502100000000000e+11
3.089999999999999969e-01 6.795774800000000000e+12 1.921145300000000000e+11 1.769137800000000000e+11
3.119999999999999996e-01 6.464031800000000000e+12 1.878970600000000000e+11 1.701924100000000000e+11
3.150000000000000022e-01 6.562281700000000000e+12 1.884801900000000000e+11 1.717260100000000000e+11
3.180000000000000049e-01 6.450594900000000000e+12 1.871039900000000000e+11 1.684932000000000000e+11
3.210000000000000075e-01 6.092872900000000000e+12 1.837369900000000000e+11 1.623768300000000000e+11
3.240000000000000102e-01 5.892493800000000000e+12 1.813941200000000000e+11 1.575398700000000000e+11
3.270000000000000129e-01 5.627323200000000000e+12 1.790557800000000000e+11 1.539379400000000000e+11
3.300000000000000155e-01 5.437316400000000000e+12 1.775533200000000000e+11 1.544096900000000000e+11
3.330000000000000182e-01 5.571359200000000000e+12 1.776087000000000000e+11 1.530168500000000000e+11
3.360000000000000209e-01 5.578780000000000000e+12 1.758401800000000000e+11 1.519549200000000000e+11
3.390000000000000235e-01 5.399834800000000000e+12 1.743598900000000000e+11 1.491107400000000000e+11
3.420000000000000262e-01 5.086058000000000000e+12 1.725557200000000000e+11 1.474213700000000000e+11
3.449999999999999734e-01 4.919326300000000000e+12 1.703934300000000000e+11 1.418497100000000000e+11
3.479999999999999760e-01 4.993887500000000000e+12 1.698165700000000000e+11 1.394407200000000000e+11
3.509999999999999787e-01 4.795939300000000000e+12 1.683497800000000000e+11 1.386986900000000000e+11
3.539999999999999813e-01 4.546215200000000000e+12 1.657277700000000000e+11 1.346563900000000000e+11
3.569999999999999840e-01 4.550331100000000000e+12 1.647460900000000000e+11 1.321975400000000000e+11
3.599999999999999867e-01 4.571163300000000000e+12 1.642178600000000000e+11 1.306125100000000000e+11
3.629999999999999893e-01 4.572078700000000000e+12 1.644657800000000000e+11 1.337818000000000000e+11
3.659999999999999920e-01 4.433449500000000000e+12 1.627990800000000000e+11 1.318287100000000000e+11
3.689999999999999947e-01 4.213933600000000000e+12 1.606148300000000000e+11 1.282519900000000000e+11
3.719999999999999973e-01 4.208804200000000000e+12 1.598679400000000000e+11 1.257633900000000000e+11
3.750000000000000000e-01 4.161994300000000000e+12 1.589857700000000000e+11 1.231874200000000000e+11
3.780000000000000027e-01 4.097138100000000000e+12 1.588264600000000000e+11 1.250913000000000000e+11
3.810000000000000053e-01 3.924825500000000000e+12 1.563370400000000000e+11 1.200935700000000000e+11
3.840000000000000080e-01 3.873323900000000000e+12 1.555841800000000000e+11 1.195231100000000000e+11
3.870000000000000107e-01 3.754797500000000000e+12 1.547635000000000000e+11 1.174817700000000000e+11
3.900000000000000133e-01 3.706060300000000000e+12 1.536206400000000000e+11 1.144589400000000000e+11
3.930000000000000160e-01 3.708710500000000000e+12 1.529917900000000000e+11 1.140429400000000000e+11
3.960000000000000187e-01 3.666896900000000000e+12 1.520527500000000000e+11 1.134047500000000000e+11
3.990000000000000213e-01 3.571309700000000000e+12 1.510201100000000000e+11 1.132924400000000000e+11
4.020000000000000240e-01 3.672772500000000000e+12 1.517591500000000000e+11 1.158938100000000000e+11
4.050000000000000266e-01 3.535168500000000000e+12 1.499250100000000000e+11 1.103331700000000000e+11
4.079999999999999738e-01 3.495563700000000000e+12 1.490295500000000000e+11 1.091368400000000000e+11
4.109999999999999765e-01 3.543964800000000000e+12 1.482534300000000000e+11 1.071467200000000000e+11
4.139999999999999791e-01 3.619195600000000000e+12 1.480835500000000000e+11 1.076825800000000000e+11
4.169999999999999818e-01 3.535124100000000000e+12 1.472730700000000000e+11 1.064319500000000000e+11
4.199999999999999845e-01 3.404013300000000000e+12 1.465965000000000000e+11 1.064708800000000000e+11
4.229999999999999871e-01 3.327171700000000000e+12 1.453998100000000000e+11 1.048016700000000000e+11
4.259999999999999898e-01 3.388751600000000000e+12 1.449744000000000000e+11 1.034906300000000000e+11
4.289999999999999925e-01 3.345898900000000000e+12 1.443939700000000000e+11 1.038674000000000000e+11
4.319999999999999951e-01 3.299427000000000000e+12 1.437526100000000000e+11 1.029864400000000000e+11
4.349999999999999978e-01 3.303741000000000000e+12 1.432987400000000000e+11 1.023816600000000000e+11
4.380000000000000004e-01 3.301004700000000000e+12 1.426524500000000000e+11 1.029482200000000000e+11
4.410000000000000031e-01 3.400939600000000000e+12 1.424098000000000000e+11 1.022239700000000000e+11
4.440000000000000058e-01 3.376984200000000000e+12 1.416001800000000000e+11 1.007028800000000000e+11
4.470000000000000084e-01 3.306892300000000000e+12 1.416142100000000000e+11 1.034246200000000000e+11
4.500000000000000111e-01 3.171264900000000000e+12 1.404817700000000000e+11 1.003017300000000000e+11
4.530000000000000138e-01 3.071477300000000000e+12 1.395115700000000000e+11 9.880593400000000000e+10
4.560000000000000164e-01 3.087042500000000000e+12 1.387138300000000000e+11 9.680698600000000000e+10
4.590000000000000191e-01 3.162746300000000000e+12 1.388030800000000000e+11 9.827266300000000000e+10
4.620000000000000218e-01 3.214855300000000000e+12 1.386161000000000000e+11 9.820998000000000000e+10
4.650000000000000244e-01 3.172109300000000000e+12 1.386577200000000000e+11 9.762507900000000000e+10
4.680000000000000271e-01 3.186566000000000000e+12 1.397678400000000000e+11 9.939465000000000000e+10
4.709999999999999742e-01 3.199238700000000000e+12 1.407449700000000000e+11 1.006862500000000000e+11
4.739999999999999769e-01 3.160523900000000000e+12 1.408531500000000000e+11 9.839950000000000000e+10
4.769999999999999796e-01 3.097278600000000000e+12 1.406536400000000000e+11 9.789034900000000000e+10
4.799999999999999822e-01 3.264966700000000000e+12 1.418225300000000000e+11 1.016038300000000000e+11
4.829999999999999849e-01 3.216238600000000000e+12 1.415284600000000000e+11 1.002716300000000000e+11
4.859999999999999876e-01 3.176441600000000000e+12 1.416072400000000000e+11 9.932919600000000000e+10
4.889999999999999902e-01 2.950614900000000000e+12 1.408913400000000000e+11 9.687505300000000000e+10
4.919999999999999929e-01 3.027401000000000000e+12 1.407239500000000000e+11 9.714301500000000000e+10
4.949999999999999956e-01 3.169028300000000000e+12 1.395202100000000000e+11 9.731417500000000000e+10
4.979999999999999982e-01 3.248015000000000000e+12 1.379442700000000000e+11 9.597536300000000000e+10
5.010000000000000009e-01 3.236334700000000000e+12 1.371178100000000000e+11 9.667483400000000000e+10
5.040000000000000036e-01 3.143168000000000000e+12 1.365519600000000000e+11 9.633067000000000000e+10
5.070000000000000062e-01 3.011360500000000000e+12 1.350918600000000000e+11 9.510841000000000000e+10
5.100000000000000089e-01 3.053569200000000000e+12 1.345748200000000000e+11 9.493267500000000000e+10
5.130000000000000115e-01 2.955608600000000000e+12 1.333392400000000000e+11 9.176085900000000000e+10
5.160000000000000142e-01 3.117128200000000000e+12 1.339781200000000000e+11 9.440474900000000000e+10
5.190000000000000169e-01 2.971165600000000000e+12 1.325683400000000000e+11 9.065016200000000000e+10
5.220000000000000195e-01 3.024115200000000000e+12 1.322160500000000000e+11 9.187270800000000000e+10
5.250000000000000222e-01 3.090906000000000000e+12 1.318732600000000000e+11 9.306962500000000000e+10
5.280000000000000249e-01 3.160863800000000000e+12 1.316962000000000000e+11 9.363767400000000000e+10
5.310000000000000275e-01 3.113100700000000000e+12 1.311244000000000000e+11 9.198216000000000000e+10
5.340000000000000302e-01 3.023368700000000000e+12 1.301151600000000000e+11 8.988357100000000000e+10
5.370000000000000329e-01 3.092963900000000000e+12 1.298541400000000000e+11 9.016083100000000000e+10
5.400000000000000355e-01 2.858863800000000000e+12 1.282059800000000000e+11 8.559089200000000000e+10
5.430000000000000382e-01 3.052722900000000000e+12 1.286298100000000000e+11 8.835653000000000000e+10
5.460000000000000409e-01 3.112361000000000000e+12 1.286598000000000000e+11 8.974236700000000000e+10
5.490000000000000435e-01 3.092081000000000000e+12 1.282430200000000000e+11 8.927720400000000000e+10
5.520000000000000462e-01 3.038471600000000000e+12 1.275158900000000000e+11 8.830139000000000000e+10
5.550000000000000488e-01 3.027984100000000000e+12 1.271302300000000000e+11 8.780706900000000000e+10
5.580000000000000515e-01 3.018862800000000000e+12 1.264447600000000000e+11 8.646488500000000000e+10
5.610000000000000542e-01 3.060116300000000000e+12 1.266967800000000000e+11 8.879941900000000000e+10
5.639999999999999458e-01 3.111840400000000000e+12 1.264632300000000000e+11 8.914332600000000000e+10
5.669999999999999485e-01 3.051822100000000000e+12 1.257527900000000000e+11 8.885552500000000000e+10
5.699999999999999512e-01 3.057287500000000000e+12 1.252531200000000000e+11 8.766937600000000000e+10
5.729999999999999538e-01 3.073805000000000000e+12 1.253956400000000000e+11 8.709254100000000000e+10
5.759999999999999565e-01 3.082917200000000000e+12 1.266166700000000000e+11 8.883968000000000000e+10
5.789999999999999591e-01 3.049336300000000000e+12 1.270881800000000000e+11 8.861302400000000000e+10
5.819999999999999618e-01 3.010838000000000000e+12 1.268614700000000000e+11 8.690938100000000000e+10
5.849999999999999645e-01 3.087475400000000000e+12 1.275804700000000000e+11 8.792634300000000000e+10
5.879999999999999671e-01 3.089541300000000000e+12 1.278436200000000000e+11 8.874639800000000000e+10
5.909999999999999698e-01 3.035647600000000000e+12 1.279129900000000000e+11 8.884087300000000000e+10
5.939999999999999725e-01 2.953816400000000000e+12 1.277046500000000000e+11 8.751655600000000000e+10
5.969999999999999751e-01 2.927039700000000000e+12 1.274980100000000000e+11 8.699271200000000000e+10
5.999999999999999778e-01 3.120768300000000000e+12 1.280379900000000000e+11 8.898187900000000000e+10
6.029999999999999805e-01 3.079864000000000000e+12 1.271015800000000000e+11 8.810866500000000000e+10
6.059999999999999831e-01 3.125037200000000000e+12 1.258559900000000000e+11 8.774673200000000000e+10
6.089999999999999858e-01 3.122013400000000000e+12 1.250054700000000000e+11 8.791795100000000000e+10
6.119999999999999885e-01 3.158608300000000000e+12 1.242700500000000000e+11 8.699521700000000000e+10
6.149999999999999911e-01 3.066162100000000000e+12 1.233277100000000000e+11 8.568459700000000000e+10
6.179999999999999938e-01 3.050917700000000000e+12 1.230171000000000000e+11 8.570144900000000000e+10
6.209999999999999964e-01 3.063108900000000000e+12 1.227344700000000000e+11 8.543315200000000000e+10
6.239999999999999991e-01 2.974865000000000000e+12 1.216456700000000000e+11 8.405786600000000000e+10
6.270000000000000018e-01 3.063178600000000000e+12 1.214200400000000000e+11 8.548862800000000000e+10
6.300000000000000044e-01 3.114693200000000000e+12 1.214563400000000000e+11 8.655900400000000000e+10
6.330000000000000071e-01 3.144874500000000000e+12 1.211071400000000000e+11 8.499851700000000000e+10
6.360000000000000098e-01 2.973256100000000000e+12 1.198325000000000000e+11 8.213820200000000000e+10
6.390000000000000124e-01 2.878969000000000000e+12 1.191297500000000000e+11 8.124048400000000000e+10
6.420000000000000151e-01 3.017331800000000000e+12 1.192906200000000000e+11 8.207854500000000000e+10
6.450000000000000178e-01 3.043169100000000000e+12 1.190745800000000000e+11 8.225454200000000000e+10
6.480000000000000204e-01 3.006627500000000000e+12 1.190448700000000000e+11 8.308980300000000000e+10
6.510000000000000231e-01 2.904152700000000000e+12 1.179576100000000000e+11 8.116561300000000000e+10
6.540000000000000258e-01 3.059320900000000000e+12 1.181274400000000000e+11 8.320176000000000000e+10
6.570000000000000284e-01 3.151192800000000000e+12 1.177556500000000000e+11 8.271839400000000000e+10
6.600000000000000311e-01 3.162773100000000000e+12 1.179368200000000000e+11 8.319405900000000000e+10
6.630000000000000338e-01 2.971276700000000000e+12 1.169927800000000000e+11 8.127984800000000000e+10
6.660000000000000364e-01 3.133765900000000000e+12 1.170705000000000000e+11 8.250549400000000000e+10
6.690000000000000391e-01 3.005407600000000000e+12 1.160648200000000000e+11 8.022852600000000000e+10
6.720000000000000417e-01 3.005239700000000000e+12 1.158201000000000000e+11 7.948377100000000000e+10
6.750000000000000444e-01 3.063130400000000000e+12 1.156684600000000000e+11 8.028075300000000000e+10
6.780000000000000471e-01 3.068186200000000000e+12 1.156682100000000000e+11 8.093636400000000000e+10
6.810000000000000497e-01 2.946198300000000000e+12 1.147253700000000000e+11 7.798703700000000000e+10
6.840000000000000524e-01 3.044999500000000000e+12 1.147484800000000000e+11 7.966501800000000000e+10
6.870000000000000551e-01 2.998498200000000000e+12 1.143218800000000000e+11 7.893385100000000000e+10
6.899999999999999467e-01 2.958472800000000000e+12 1.140923400000000000e+11 7.807355400000000000e+10
6.929999999999999494e-01 3.050020400000000000e+12 1.139512400000000000e+11 7.873181700000000000e+10
6.959999999999999520e-01 3.068190300000000000e+12 1.136419000000000000e+11 7.871877200000000000e+10
6.989999999999999547e-01 2.991680400000000000e+12 1.128772700000000000e+11 7.675227000000000000e+10
7.019999999999999574e-01 2.905570500000000000e+12 1.125332300000000000e+11 7.599656400000000000e+10
7.049999999999999600e-01 2.873739500000000000e+12 1.122320100000000000e+11 7.550087700000000000e+10
7.079999999999999627e-01 3.069417800000000000e+12 1.126537400000000000e+11 7.836621100000000000e+10
7.109999999999999654e-01 3.052571200000000000e+12 1.120030000000000000e+11 7.760861300000000000e+10
7.139999999999999680e-01 3.040987400000000000e+12 1.119149900000000000e+11 7.762363500000000000e+10
7.169999999999999707e-01 2.988314800000000000e+12 1.117032300000000000e+11 7.748399900000000000e+10
7.199999999999999734e-01 2.979204300000000000e+12 1.111991800000000000e+11 7.544371100000000000e+10
7.229999999999999760e-01 2.945779900000000000e+12 1.108725000000000000e+11 7.600646400000000000e+10
7.259999999999999787e-01 2.948681000000000000e+12 1.106143700000000000e+11 7.654256500000000000e+10
7.289999999999999813e-01 3.032841200000000000e+12 1.107437200000000000e+11 7.766620300000000000e+10
7.319999999999999840e-01 2.950776400000000000e+12 1.102945800000000000e+11 7.673962800000000000e+10
7.349999999999999867e-01 2.875351300000000000e+12 1.098469100000000000e+11 7.577534200000000000e+10
7.379999999999999893e-01 2.978033300000000000e+12 1.097819200000000000e+11 7.653064300000000000e+10
7.409999999999999920e-01 2.957833800000000000e+12 1.093375800000000000e+11 7.546216000000000000e+10
7.439999999999999947e-01 2.888916600000000000e+12 1.090299500000000000e+11 7.452584800000000000e+10
7.469999999999999973e-01 2.882256900000000000e+12 1.086917700000000000e+11 7.327470200000000000e+10
7.500000000000000000e-01 2.922749000000000000e+12 1.084842600000000000e+11 7.342741300000000000e+10
7.530000000000000027e-01 2.889772700000000000e+12 1.081296300000000000e+11 7.408830900000000000e+10
7.560000000000000053e-01 2.939771700000000000e+12 1.081055600000000000e+11 7.400444900000000000e+10
7.590000000000000080e-01 2.978084100000000000e+12 1.080033900000000000e+11 7.397914700000000000e+10
7.620000000000000107e-01 2.885476000000000000e+12 1.075428300000000000e+11 7.376935300000000000e+10
7.650000000000000133e-01 2.903434300000000000e+12 1.073992600000000000e+11 7.360461200000000000e+10
7.680000000000000160e-01 2.884075300000000000e+12 1.068241300000000000e+11 7.190993700000000000e+10
7.710000000000000187e-01 2.891271500000000000e+12 1.065830400000000000e+11 7.177826400000000000e+10
7.740000000000000213e-01 2.842770700000000000e+12 1.062640100000000000e+11 7.102685200000000000e+10
7.770000000000000240e-01 2.946954000000000000e+12 1.065505600000000000e+11 7.180840300000000000e+10
7.800000000000000266e-01 2.926943800000000000e+12 1.061102000000000000e+11 7.253577900000000000e+10
7.830000000000000293e-01 3.004047000000000000e+12 1.062043300000000000e+11 7.348013700000000000e+10
7.860000000000000320e-01 3.015143500000000000e+12 1.060320800000000000e+11 7.288461200000000000e+10
7.890000000000000346e-01 2.996711600000000000e+12 1.056426400000000000e+11 7.188980200000000000e+10
7.920000000000000373e-01 2.873779300000000000e+12 1.052206200000000000e+11 7.099860200000000000e+10
7.950000000000000400e-01 2.908861200000000000e+12 1.048996300000000000e+11 7.057353100000000000e+10
7.980000000000000426e-01 2.948426900000000000e+12 1.046532900000000000e+11 7.143715600000000000e+10
8.010000000000000453e-01 2.927599800000000000e+12 1.046979000000000000e+11 7.208997200000000000e+10
8.040000000000000480e-01 2.866793600000000000e+12 1.043914100000000000e+11 7.023660000000000000e+10
8.070000000000000506e-01 2.838983600000000000e+12 1.040982000000000000e+11 7.053712100000000000e+10
8.100000000000000533e-01 2.988631000000000000e+12 1.041991800000000000e+11 7.161136300000000000e+10
8.129999999999999449e-01 2.960471400000000000e+12 1.039084800000000000e+11 7.052112200000000000e+10
8.159999999999999476e-01 2.887031900000000000e+12 1.043079100000000000e+11 7.017213700000000000e+10
8.189999999999999503e-01 2.902138000000000000e+12 1.055132900000000000e+11 7.100958100000000000e+10
8.219999999999999529e-01 2.831080900000000000e+12 1.062763100000000000e+11 7.047778000000000000e+10
8.249999999999999556e-01 2.834421500000000000e+12 1.074674400000000000e+11 7.302409500000000000e+10
8.279999999999999583e-01 2.865504900000000000e+12 1.083644600000000000e+11 7.414409500000000000e+10
8.309999999999999609e-01 2.865215600000000000e+12 1.098604100000000000e+11 7.440238300000000000e+10
8.339999999999999636e-01 2.896773900000000000e+12 1.117341400000000000e+11 7.596629200000000000e+10
8.369999999999999662e-01 2.856966400000000000e+12 1.127945200000000000e+11 7.619266700000000000e+10
8.399999999999999689e-01 2.854143900000000000e+12 1.135654000000000000e+11 7.647883100000000000e+10
8.429999999999999716e-01 2.824096100000000000e+12 1.143665700000000000e+11 7.657224500000000000e+10
8.459999999999999742e-01 2.913786100000000000e+12 1.154323300000000000e+11 7.738924400000000000e+10
8.489999999999999769e-01 2.848839400000000000e+12 1.160492600000000000e+11 7.885211700000000000e+10
8.519999999999999796e-01 2.896364900000000000e+12 1.168360000000000000e+11 7.946210700000000000e+10
8.549999999999999822e-01 2.975008900000000000e+12 1.178640600000000000e+11 8.082421000000000000e+10
8.579999999999999849e-01 2.966444500000000000e+12 1.183618300000000000e+11 8.062617400000000000e+10
8.609999999999999876e-01 2.874111200000000000e+12 1.189505400000000000e+11 8.091003600000000000e+10
8.639999999999999902e-01 2.796967100000000000e+12 1.189852800000000000e+11 7.965392500000000000e+10
8.669999999999999929e-01 2.805756100000000000e+12 1.197481100000000000e+11 8.045164200000000000e+10
8.699999999999999956e-01 2.725955700000000000e+12 1.201403500000000000e+11 7.981729100000000000e+10
8.729999999999999982e-01 2.812909000000000000e+12 1.209835000000000000e+11 8.147265200000000000e+10
8.760000000000000009e-01 2.910349000000000000e+12 1.221563500000000000e+11 8.329987300000000000e+10
8.790000000000000036e-01 2.770378800000000000e+12 1.219987700000000000e+11 8.096998800000000000e+10
8.820000000000000062e-01 2.829512000000000000e+12 1.229330300000000000e+11 8.283789400000000000e+10
8.850000000000000089e-01 2.853679200000000000e+12 1.235513400000000000e+11 8.276462000000000000e+10
8.880000000000000115e-01 2.853759600000000000e+12 1.241190300000000000e+11 8.337862900000000000e+10
8.910000000000000142e-01 3.021179500000000000e+12 1.255394700000000000e+11 8.677760400000000000e+10
8.940000000000000169e-01 2.928521800000000000e+12 1.255894200000000000e+11 8.562127200000000000e+10
8.970000000000000195e-01 2.918722400000000000e+12 1.258107700000000000e+11 8.471759900000000000e+10
9.000000000000000222e-01 2.879128000000000000e+12 1.266571000000000000e+11 8.562746500000000000e+10
9.030000000000000249e-01 2.906799800000000000e+12 1.271533800000000000e+11 8.550342800000000000e+10
9.060000000000000275e-01 2.940366500000000000e+12 1.280465200000000000e+11 8.727474500000000000e+10
9.090000000000000302e-01 2.805751300000000000e+12 1.280068700000000000e+11 8.597222000000000000e+10
9.120000000000000329e-01 2.834554700000000000e+12 1.285580600000000000e+11 8.621548100000000000e+10
9.150000000000000355e-01 2.859167300000000000e+12 1.290511400000000000e+11 8.608575500000000000e+10
9.180000000000000382e-01 2.889261200000000000e+12 1.300137200000000000e+11 8.714771100000000000e+10
9.210000000000000409e-01 2.842111200000000000e+12 1.304072000000000000e+11 8.810875400000000000e+10
9.240000000000000435e-01 2.763778700000000000e+12 1.306807800000000000e+11 8.802408100000000000e+10
9.270000000000000462e-01 2.804663000000000000e+12 1.314262300000000000e+11 8.852818400000000000e+10
9.300000000000000488e-01 2.814420100000000000e+12 1.339743400000000000e+11 9.170472300000000000e+10
9.330000000000000515e-01 2.798402100000000000e+12 1.363468100000000000e+11 9.102704400000000000e+10
9.360000000000000542e-01 2.843123800000000000e+12 1.380703300000000000e+11 9.195555600000000000e+10
9.389999999999999458e-01 2.917370400000000000e+12 1.405305400000000000e+11 9.647539400000000000e+10
9.419999999999999485e-01 2.797429900000000000e+12 1.414191700000000000e+11 9.567446700000000000e+10
9.449999999999999512e-01 2.873526200000000000e+12 1.431314100000000000e+11 9.646352200000000000e+10
9.479999999999999538e-01 2.790350500000000000e+12 1.438370200000000000e+11 9.615050700000000000e+10
9.509999999999999565e-01 2.794883900000000000e+12 1.453440400000000000e+11 9.678550900000000000e+10
9.539999999999999591e-01 2.818528400000000000e+12 1.469154100000000000e+11 9.993057300000000000e+10
9.569999999999999618e-01 2.953304900000000000e+12 1.482795200000000000e+11 1.006469700000000000e+11
9.599999999999999645e-01 2.964166300000000000e+12 1.498859500000000000e+11 1.032360900000000000e+11
9.629999999999999671e-01 2.730270000000000000e+12 1.495144600000000000e+11 9.882743000000000000e+10
9.659999999999999698e-01 2.751001600000000000e+12 1.514131500000000000e+11 1.011130200000000000e+11
9.689999999999999725e-01 2.690834000000000000e+12 1.521615900000000000e+11 9.865734500000000000e+10
9.719999999999999751e-01 2.818095500000000000e+12 1.545693400000000000e+11 1.026027800000000000e+11
9.749999999999999778e-01 2.642346900000000000e+12 1.550185000000000000e+11 1.011793500000000000e+11
9.779999999999999805e-01 2.597166300000000000e+12 1.568236900000000000e+11 1.039472000000000000e+11
9.809999999999999831e-01 2.624164400000000000e+12 1.579927800000000000e+11 1.043573300000000000e+11
9.839999999999999858e-01 2.816740300000000000e+12 1.605347600000000000e+11 1.075068700000000000e+11
9.869999999999999885e-01 2.698552700000000000e+12 1.612451800000000000e+11 1.060815600000000000e+11
9.899999999999999911e-01 2.776029500000000000e+12 1.632834800000000000e+11 1.086835000000000000e+11
9.929999999999999938e-01 2.750989900000000000e+12 1.644789200000000000e+11 1.083738800000000000e+11
9.959999999999999964e-01 2.914778800000000000e+12 1.669531900000000000e+11 1.119597500000000000e+11
9.989999999999999991e-01 2.842455800000000000e+12 1.676838600000000000e+11 1.109521200000000000e+11
1.002000000000000002e+00 2.842514100000000000e+12 1.694769100000000000e+11 1.135142500000000000e+11
1.004999999999999893e+00 2.712204500000000000e+12 1.697397300000000000e+11 1.104120100000000000e+11
1.008000000000000007e+00 2.648808000000000000e+12 1.709576500000000000e+11 1.118031900000000000e+11
1.010999999999999899e+00 2.688672500000000000e+12 1.727428700000000000e+11 1.145841000000000000e+11
1.014000000000000012e+00 2.681467200000000000e+12 1.737511600000000000e+11 1.146697800000000000e+11
1.016999999999999904e+00 2.724989800000000000e+12 1.753635800000000000e+11 1.152409200000000000e+11
1.020000000000000018e+00 2.658765500000000000e+12 1.762662400000000000e+11 1.142148800000000000e+11
1.022999999999999909e+00 2.750901200000000000e+12 1.783771100000000000e+11 1.176855400000000000e+11
1.026000000000000023e+00 2.713105000000000000e+12 1.793876300000000000e+11 1.182485400000000000e+11
1.028999999999999915e+00 2.713504800000000000e+12 1.817309400000000000e+11 1.212532700000000000e+11
1.032000000000000028e+00 2.682860300000000000e+12 1.837019100000000000e+11 1.221486100000000000e+11
1.034999999999999920e+00 2.639499800000000000e+12 1.852475600000000000e+11 1.221788700000000000e+11
1.038000000000000034e+00 2.566966500000000000e+12 1.865206600000000000e+11 1.191326000000000000e+11
1.040999999999999925e+00 2.549789400000000000e+12 1.883629300000000000e+11 1.205793400000000000e+11
1.044000000000000039e+00 2.678205500000000000e+12 1.911384500000000000e+11 1.270421700000000000e+11
1.046999999999999931e+00 2.844071300000000000e+12 1.940236800000000000e+11 1.290970600000000000e+11
1.050000000000000044e+00 2.828372900000000000e+12 1.961434900000000000e+11 1.293802300000000000e+11
1.052999999999999936e+00 2.609868500000000000e+12 1.973484500000000000e+11 1.280413400000000000e+11
1.056000000000000050e+00 2.473561100000000000e+12 1.992570100000000000e+11 1.271777900000000000e+11
1.058999999999999941e+00 2.582179800000000000e+12 2.019430700000000000e+11 1.312617200000000000e+11
1.062000000000000055e+00 2.728637400000000000e+12 2.050614000000000000e+11 1.346727300000000000e+11
1.064999999999999947e+00 2.564871800000000000e+12 2.062195900000000000e+11 1.316468100000000000e+11
1.068000000000000060e+00 2.550791700000000000e+12 2.087946800000000000e+11 1.327582400000000000e+11
1.070999999999999952e+00 2.330638500000000000e+12 2.106363800000000000e+11 1.297243800000000000e+11
1.074000000000000066e+00 2.430974200000000000e+12 2.140466300000000000e+11 1.330292200000000000e+11
1.076999899999999899e+00 2.569124500000000000e+12 2.173593100000000000e+11 1.394832700000000000e+11
1.080000000000000071e+00 2.659646800000000000e+12 2.208145800000000000e+11 1.429901100000000000e+11
1.083000100000000021e+00 2.861848100000000000e+12 2.262678000000000000e+11 1.556513100000000000e+11
1.086000000000000076e+00 2.772110800000000000e+12 2.273941000000000000e+11 1.507576200000000000e+11
1.088999899999999910e+00 2.583952000000000000e+12 2.298625200000000000e+11 1.490598500000000000e+11
1.092000000000000082e+00 2.715805100000000000e+12 2.342723900000000000e+11 1.533458100000000000e+11
1.095000100000000032e+00 2.708424600000000000e+12 2.370717100000000000e+11 1.543077400000000000e+11
1.098000000000000087e+00 2.726180300000000000e+12 2.410941200000000000e+11 1.603892000000000000e+11
1.100999899999999920e+00 2.900867000000000000e+12 2.465363400000000000e+11 1.683729000000000000e+11
1.104000000000000092e+00 2.897399300000000000e+12 2.518530700000000000e+11 1.745138700000000000e+11
1.107000100000000042e+00 2.529860400000000000e+12 2.515161100000000000e+11 1.611974600000000000e+11
1.110000000000000098e+00 2.657941900000000000e+12 2.576763000000000000e+11 1.690287800000000000e+11
1.112999899999999931e+00 2.507291100000000000e+12 2.616413400000000000e+11 1.692393900000000000e+11
1.116000000000000103e+00 2.320913500000000000e+12 2.643837500000000000e+11 1.674748900000000000e+11
1.119000100000000053e+00 2.600294500000000000e+12 2.711814800000000000e+11 1.746417500000000000e+11
1.122000000000000108e+00 2.584086400000000000e+12 2.771085800000000000e+11 1.826511900000000000e+11
1.124999899999999942e+00 2.572163500000000000e+12 2.829020700000000000e+11 1.845764700000000000e+11
1.127999999999999892e+00 2.332453700000000000e+12 2.858920000000000000e+11 1.753037300000000000e+11
1.131000100000000064e+00 2.425682800000000000e+12 2.933783700000000000e+11 1.841148900000000000e+11
1.133999999999999897e+00 2.370866400000000000e+12 2.988346500000000000e+11 1.825849800000000000e+11
1.136999899999999952e+00 2.492270800000000000e+12 3.077619700000000000e+11 1.959561200000000000e+11
1.139999999999999902e+00 2.758361500000000000e+12 3.187256700000000000e+11 2.094691700000000000e+11
1.143000100000000074e+00 2.753359900000000000e+12 3.259574400000000000e+11 2.106236600000000000e+11
1.145999999999999908e+00 2.538967400000000000e+12 3.315484000000000000e+11 2.066665900000000000e+11
1.148999899999999963e+00 2.662274600000000000e+12 3.451738000000000000e+11 2.278567200000000000e+11
1.151999999999999913e+00 2.633113100000000000e+12 3.538911900000000000e+11 2.266024500000000000e+11
1.155000100000000085e+00 2.650345600000000000e+12 3.652903400000000000e+11 2.293087300000000000e+11
1.157999999999999918e+00 2.390575000000000000e+12 3.720830600000000000e+11 2.275344500000000000e+11
1.160999899999999974e+00 2.556522500000000000e+12 3.870859900000000000e+11 2.580992000000000000e+11
1.163999999999999924e+00 2.858723700000000000e+12 3.987858500000000000e+11 2.635448300000000000e+11
1.167000100000000096e+00 2.359542200000000000e+12 4.036075200000000000e+11 2.456906800000000000e+11
1.169999999999999929e+00 2.720631600000000000e+12 4.190440800000000000e+11 2.799660000000000000e+11
1.172999899999999984e+00 2.572581700000000000e+12 4.276462200000000000e+11 2.768427400000000000e+11
1.175999999999999934e+00 2.142724000000000000e+12 4.315274600000000000e+11 2.506047600000000000e+11
1.179000100000000106e+00 2.478335900000000000e+12 4.460917900000000000e+11 2.719343200000000000e+11
1.181999999999999940e+00 2.591030200000000000e+12 4.626938200000000000e+11 3.027984900000000000e+11
1.184999899999999995e+00 2.311141200000000000e+12 4.681975700000000000e+11 2.793908100000000000e+11
1.187999999999999945e+00 2.081198200000000000e+12 4.788650700000000000e+11 2.762130200000000000e+11
1.191000099999999895e+00 1.982305300000000000e+12 4.917833100000000000e+11 2.669539300000000000e+11
1.193999999999999950e+00 2.436475300000000000e+12 5.140570800000000000e+11 3.142287700000000000e+11
1.196999900000000006e+00 2.570039300000000000e+12 5.382474300000000000e+11 3.581060000000000000e+11
1.199999999999999956e+00 2.453021500000000000e+12 5.509258200000000000e+11 3.335718300000000000e+11
1.203000099999999906e+00 2.593989800000000000e+12 5.781226600000000000e+11 3.597089700000000000e+11
1.205999999999999961e+00 2.619552200000000000e+12 6.060437000000000000e+11 3.958961100000000000e+11
1.208999900000000016e+00 2.497775300000000000e+12 6.267199400000000000e+11 3.730795800000000000e+11
1.211999999999999966e+00 2.015980400000000000e+12 6.524052300000000000e+11 3.450227700000000000e+11
1.215000099999999916e+00 2.243962400000000000e+12 7.074580800000000000e+11 4.580432900000000000e+11
1.217999999999999972e+00 2.887766800000000000e+12 7.601635500000000000e+11 5.410935900000000000e+11
1.220999900000000027e+00 3.158529700000000000e+12 8.355027100000000000e+11 5.895179900000000000e+11
1.223999999999999977e+00 1.889871800000000000e+12 8.607385600000000000e+11 4.536673200000000000e+11
1.227000099999999927e+00 2.117944400000000000e+12 9.650381000000000000e+11 5.208462900000000000e+11
1.229999999999999982e+00 2.618679400000000000e+12 1.129854900000000000e+12 7.073123800000000000e+11
1.232999900000000038e+00 3.496946100000000000e+12 1.361127400000000000e+12 9.336629700000000000e+11
1.235999999999999988e+00 3.154417600000000000e+12 1.650319300000000000e+12 1.055407100000000000e+12
1.239000099999999938e+00 1.681067900000000000e+12 1.981872500000000000e+12 1.018810500000000000e+12
