2.400000000000000050e-02 4.957486400000000031e+24 1.904667599999999987e+23 1.513852799999999920e+24
2.599999999999999881e-02 6.154106499999999642e+24 1.126937200000000003e+23 4.567504799999999974e+23
2.800000000000000058e-02 7.966744200000000328e+24 7.171294299999999676e+22 2.306917499999999964e+23
2.999999999999999889e-02 6.957900299999999626e+24 4.893060300000000265e+22 1.458027300000000010e+23
3.200000000000000067e-02 5.831930299999999995e+24 4.047141900000000213e+22 1.085005199999999997e+23
3.400000000000000244e-02 4.846996899999999939e+24 3.539526199999999875e+22 8.357685000000000072e+22
3.599999999999999728e-02 4.121086300000000238e+24 3.140981800000000151e+22 6.570945199999999908e+22
3.799999999999999906e-02 3.509389300000000089e+24 2.795462099999999918e+22 5.585611700000000049e+22
4.000000000000000083e-02 2.998310300000000244e+24 2.511979399999999967e+22 4.928730099999999787e+22
4.200000000000000261e-02 2.539277200000000148e+24 2.238969100000000003e+22 3.984574499999999800e+22
4.399999999999999745e-02 2.174197599999999934e+24 2.024025999999999830e+22 3.605673699999999853e+22
4.599999999999999922e-02 1.821577900000000095e+24 1.810961100000000056e+22 3.089321300000000023e+22
4.800000000000000100e-02 1.549731699999999875e+24 1.616735900000000043e+22 2.652111899999999938e+22
5.000000000000000278e-02 1.318233799999999965e+24 1.461418499999999931e+22 2.456412300000000108e+22
5.199999999999999761e-02 1.085701299999999974e+24 1.301822400000000052e+22 2.048075400000000177e+22
5.399999999999999939e-02 8.987859199999999958e+23 1.150680500000000049e+22 1.817484700000000043e+22
5.600000000000000117e-02 7.616512600000000248e+23 1.045924300000000056e+22 1.526503300000000036e+22
5.800000000000000294e-02 6.138657799999999527e+23 9.155034299999999492e+21 1.254042799999999908e+22
5.999999999999999778e-02 5.112264900000000068e+23 8.203890700000000213e+21 1.102903500000000056e+22
6.199999999999999956e-02 4.354147800000000269e+23 7.460947999999999869e+21 1.024604799999999895e+22
6.400000000000000133e-02 3.613189000000000051e+23 6.644614500000000377e+21 8.630716899999999853e+21
6.600000000000000311e-02 3.005660099999999942e+23 5.987808499999999787e+21 7.349340599999999771e+21
6.800000000000000488e-02 2.572387200000000021e+23 5.457792699999999492e+21 6.775117200000000459e+21
7.000000000000000666e-02 2.305688300000000134e+23 5.098086599999999705e+21 6.318444999999999705e+21
7.199999999999999456e-02 2.069286699999999872e+23 4.724284599999999771e+21 5.897718199999999771e+21
7.399999999999999634e-02 1.889117899999999846e+23 4.443953199999999803e+21 5.373681799999999967e+21
7.599999999999999811e-02 1.825081900000000082e+23 4.339973399999999902e+21 5.129535599999999541e+21
7.799999999999999989e-02 1.768606899999999839e+23 4.207151500000000213e+21 5.101119500000000213e+21
8.000000000000000167e-02 1.725151700000000086e+23 4.118691299999999853e+21 4.837849199999999541e+21
8.200000000000000344e-02 1.654843700000000154e+23 3.985312799999999869e+21 4.808622300000000410e+21
8.400000000000000522e-02 1.681188999999999841e+23 3.975019700000000049e+21 4.682601500000000147e+21
8.599999999999999312e-02 1.744208500000000018e+23 3.957248600000000164e+21 4.729943400000000098e+21
8.799999999999999489e-02 1.762451599999999872e+23 3.939635999999999869e+21 4.682425800000000229e+21
8.999999999999999667e-02 1.756428500000000128e+23 3.902510100000000180e+21 4.607947700000000049e+21
9.199999999999999845e-02 1.777599200000000089e+23 3.857787300000000115e+21 4.458863399999999836e+21
9.400000000000000022e-02 1.822629300000000133e+23 3.890405300000000049e+21 4.482423300000000246e+21
9.600000000000000200e-02 1.800551999999999990e+23 3.824368600000000164e+21 4.394866000000000197e+21
9.800000000000000377e-02 1.730471999999999906e+23 3.706113799999999967e+21 4.296726899999999787e+21
1.000000000000000056e-01 1.638530100000000028e+23 3.560489399999999771e+21 3.954028099999999984e+21
1.019999999999999934e-01 1.579737900000000040e+23 3.461326800000000197e+21 4.060525500000000016e+21
1.039999999999999952e-01 1.485238100000000023e+23 3.330531599999999934e+21 3.861841099999999951e+21
1.059999999999999970e-01 1.390926100000000033e+23 3.216526999999999902e+21 3.779227899999999754e+21
1.079999999999999988e-01 1.304755499999999956e+23 3.093715200000000000e+21 3.508158100000000180e+21
1.100000000000000006e-01 1.143978400000000058e+23 2.869913900000000082e+21 3.260624799999999869e+21
1.120000000000000023e-01 1.065160900000000068e+23 2.775366000000000066e+21 3.223547399999999967e+21
1.140000000000000041e-01 9.423871899999999623e+22 2.593810299999999754e+21 3.072654100000000180e+21
1.160000000000000059e-01 8.389213700000000770e+22 2.466281299999999918e+21 2.874989500000000016e+21
1.179999999999999938e-01 7.582330000000000039e+22 2.340989599999999869e+21 2.481833800000000229e+21
1.199999999999999956e-01 6.821721500000000043e+22 2.221677100000000082e+21 2.284233099999999951e+21
1.219999999999999973e-01 5.927220400000000328e+22 2.091622700000000082e+21 2.120340499999999918e+21
1.239999999999999991e-01 5.322125499999999702e+22 2.020065000000000098e+21 2.127355799999999902e+21
1.260000000000000009e-01 4.919205700000000298e+22 1.975497000000000098e+21 2.073220499999999918e+21
1.280000000000000027e-01 4.423043699999999682e+22 1.865156600000000033e+21 1.811872300000000082e+21
1.300000000000000044e-01 4.226349599999999869e+22 1.856593200000000066e+21 1.849186800000000066e+21
1.320000000000000062e-01 3.843775199999999921e+22 1.798920399999999934e+21 1.728347599999999934e+21
1.340000000000000080e-01 3.759730699999999794e+22 1.773681799999999967e+21 1.720983199999999869e+21
1.360000000000000098e-01 3.673733099999999925e+22 1.741509199999999934e+21 1.689688700000000016e+21
1.380000000000000115e-01 3.900529400000000347e+22 1.772772699999999885e+21 1.725847800000000033e+21
1.400000000000000133e-01 3.853871399999999941e+22 1.758671600000000066e+21 1.646246599999999967e+21
1.419999999999999873e-01 3.816129599999999738e+22 1.778820200000000098e+21 1.712088100000000115e+21
1.439999999999999891e-01 3.659114699999999846e+22 1.757323700000000049e+21 1.671408399999999934e+21
1.459999999999999909e-01 4.099715000000000400e+22 1.819908600000000033e+21 1.812326700000000082e+21
1.479999999999999927e-01 4.381435600000000197e+22 1.846180200000000098e+21 1.843096500000000049e+21
1.499999999999999944e-01 4.368198299999999833e+22 1.834790900000000049e+21 1.808406999999999902e+21
1.519999999999999962e-01 4.564094900000000049e+22 1.864316800000000000e+21 1.900709899999999951e+21
1.539999999999999980e-01 4.991080799999999816e+22 1.917025999999999934e+21 2.039344799999999869e+21
1.559999999999999998e-01 4.984899700000000102e+22 1.897868600000000033e+21 1.934911899999999885e+21
1.580000000000000016e-01 4.588320399999999620e+22 1.837722699999999951e+21 1.782400500000000049e+21
1.600000000000000033e-01 4.474557300000000311e+22 1.838724099999999984e+21 1.775009299999999918e+21
1.620000000000000051e-01 4.523826100000000049e+22 1.852898499999999984e+21 1.831741800000000098e+21
1.640000000000000069e-01 4.356355600000000144e+22 1.813972200000000098e+21 1.789067500000000082e+21
1.660000000000000087e-01 4.079696299999999767e+22 1.789232199999999967e+21 1.759594899999999918e+21
1.680000000000000104e-01 3.708049099999999846e+22 1.727559800000000033e+21 1.662771900000000016e+21
1.700000000000000122e-01 3.802827199999999843e+22 1.718556800000000000e+21 1.670667500000000082e+21
1.719999999999999862e-01 3.769597299999999892e+22 1.667478099999999918e+21 1.537433799999999967e+21
1.739999999999999880e-01 3.323920700000000016e+22 1.618518200000000033e+21 1.489958900000000049e+21
1.759999999999999898e-01 3.009418299999999807e+22 1.570715399999999967e+21 1.392046900000000049e+21
1.779999999999999916e-01 2.771329900000000029e+22 1.529153700000000115e+21 1.313777299999999918e+21
1.799999999999999933e-01 2.724501799999999941e+22 1.512149100000000082e+21 1.304205399999999902e+21
1.819999999999999951e-01 2.671913300000000023e+22 1.502005699999999984e+21 1.317023499999999951e+21
1.839999999999999969e-01 2.522369500000000200e+22 1.476388999999999967e+21 1.244612999999999967e+21
1.859999999999999987e-01 2.436154800000000118e+22 1.453639400000000098e+21 1.222155700000000049e+21
1.880000000000000004e-01 2.375554999999999980e+22 1.440739599999999934e+21 1.185904799999999869e+21
1.900000000000000022e-01 2.199372400000000170e+22 1.424874100000000049e+21 1.139366499999999984e+21
1.920000000000000040e-01 2.084041700000000062e+22 1.420680899999999984e+21 1.133171599999999934e+21
1.940000000000000058e-01 2.093894500000000167e+22 1.420352199999999967e+21 1.106781199999999934e+21
1.960000000000000075e-01 2.100170800000000013e+22 1.427156900000000115e+21 1.114167100000000016e+21
1.980000000000000093e-01 1.976530300000000174e+22 1.424902000000000066e+21 1.100344600000000033e+21
2.000000000000000111e-01 1.952049100000000056e+22 1.418641299999999918e+21 1.089918900000000049e+21
2.020000000000000129e-01 2.122930800000000170e+22 1.430708699999999885e+21 1.105472500000000049e+21
2.039999999999999869e-01 2.091033300000000128e+22 1.434356299999999951e+21 1.125547399999999967e+21
2.059999999999999887e-01 1.907996899999999853e+22 1.413504399999999934e+21 1.083626100000000049e+21
2.079999999999999905e-01 2.065736899999999984e+22 1.422770400000000131e+21 1.111150499999999984e+21
2.099999999999999922e-01 2.226010500000000036e+22 1.443775699999999918e+21 1.166978699999999951e+21
2.119999999999999940e-01 2.142004700000000200e+22 1.427242899999999918e+21 1.147672299999999951e+21
2.139999999999999958e-01 2.181085999999999803e+22 1.426097700000000115e+21 1.144754100000000049e+21
2.159999999999999976e-01 2.004064699999999912e+22 1.413989199999999934e+21 1.093993099999999951e+21
2.179999999999999993e-01 1.954395799999999902e+22 1.399549800000000098e+21 1.071407100000000016e+21
2.200000000000000011e-01 2.231151399999999941e+22 1.415193600000000000e+21 1.173416700000000016e+21
2.220000000000000029e-01 2.189652899999999905e+22 1.373684600000000033e+21 1.097417600000000000e+21
2.240000000000000047e-01 2.121402700000000161e+22 1.360462599999999967e+21 1.081216700000000016e+21
2.260000000000000064e-01 1.982983899999999990e+22 1.325448700000000016e+21 1.005982699999999951e+21
2.280000000000000082e-01 2.084324300000000056e+22 1.330977099999999951e+21 1.044315599999999934e+21
2.300000000000000100e-01 2.163832499999999839e+22 1.328820600000000033e+21 1.065955499999999951e+21
2.320000000000000118e-01 1.899817499999999938e+22 1.297942799999999934e+21 1.000028999999999967e+21
2.340000000000000135e-01 1.851010300000000069e+22 1.290606099999999918e+21 1.002774699999999951e+21
2.359999999999999876e-01 1.717154599999999941e+22 1.265432800000000131e+21 9.551515100000000410e+20
2.379999999999999893e-01 1.650297699999999957e+22 1.250793499999999885e+21 9.110561099999999427e+20
2.399999999999999911e-01 1.660598199999999980e+22 1.242666300000000016e+21 8.818877499999999754e+20
2.419999999999999929e-01 1.636188699999999938e+22 1.234814000000000066e+21 8.682349700000000246e+20
2.439999999999999947e-01 1.581826999999999980e+22 1.222218199999999902e+21 8.517739400000000492e+20
2.459999999999999964e-01 1.441681899999999925e+22 1.209293100000000082e+21 8.389356199999999836e+20
2.479999999999999982e-01 1.471368700000000069e+22 1.204771500000000082e+21 8.201440300000000082e+20
2.500000000000000000e-01 1.515263300000000088e+22 1.199771799999999902e+21 8.411160200000000492e+20
2.520000000000000018e-01 1.480991900000000043e+22 1.193781899999999951e+21 8.452346899999999918e+20
2.540000000000000036e-01 1.302844000000000026e+22 1.172518400000000000e+21 7.546802200000000164e+20
2.560000000000000053e-01 1.371723800000000007e+22 1.167456800000000000e+21 7.617577299999999918e+20
2.580000000000000071e-01 1.491224699999999964e+22 1.174967100000000016e+21 8.032346899999999918e+20
2.600000000000000089e-01 1.445876399999999908e+22 1.162569799999999967e+21 7.732410200000000164e+20
2.620000000000000107e-01 1.452360599999999902e+22 1.155635200000000000e+21 7.804620100000000246e+20
2.640000000000000124e-01 1.525034399999999974e+22 1.162254499999999984e+21 8.207572800000000000e+20
2.660000000000000142e-01 1.576353599999999948e+22 1.155880800000000000e+21 8.067484199999999836e+20
2.680000000000000160e-01 1.421800800000000026e+22 1.137560600000000033e+21 7.677116899999999590e+20
2.700000000000000178e-01 1.525776200000000020e+22 1.149863399999999967e+21 8.176812899999999590e+20
2.720000000000000195e-01 1.563173499999999964e+22 1.144176099999999984e+21 8.171478900000000573e+20
2.740000000000000213e-01 1.431408600000000059e+22 1.124005799999999967e+21 7.696314800000000328e+20
2.760000000000000231e-01 1.527326500000000010e+22 1.129486000000000066e+21 7.947273999999999672e+20
2.780000000000000249e-01 1.571812800000000052e+22 1.123598200000000033e+21 7.861103900000000410e+20
2.800000000000000266e-01 1.420647999999999948e+22 1.111396400000000066e+21 7.508501100000000082e+20
2.819999999999999729e-01 1.336545499999999990e+22 1.103194499999999984e+21 7.222711300000000246e+20
2.839999999999999747e-01 1.357154499999999984e+22 1.099352600000000033e+21 7.254075899999999754e+20
2.859999999999999765e-01 1.389346699999999898e+22 1.096335800000000033e+21 7.340959000000000164e+20
2.879999999999999782e-01 1.412579800000000059e+22 1.090790000000000066e+21 7.277763299999999590e+20
2.899999999999999800e-01 1.479725299999999997e+22 1.094062499999999984e+21 7.637580599999999508e+20
2.919999999999999818e-01 1.379517199999999934e+22 1.083426800000000066e+21 7.337687099999999754e+20
2.939999999999999836e-01 1.335193100000000003e+22 1.074918100000000049e+21 7.102766900000000573e+20
2.959999999999999853e-01 1.342494800000000092e+22 1.074678499999999984e+21 7.183622600000000492e+20
2.979999999999999871e-01 1.231910800000000039e+22 1.057163800000000033e+21 6.697830199999999508e+20
2.999999999999999889e-01 1.293928399999999987e+22 1.061569500000000016e+21 6.909504200000000492e+20
3.019999999999999907e-01 1.283587199999999895e+22 1.051742100000000049e+21 6.669827299999999590e+20
3.039999999999999925e-01 1.186676399999999908e+22 1.043236299999999951e+21 6.374520999999999836e+20
3.059999999999999942e-01 1.164926400000000052e+22 1.037691700000000049e+21 6.270892400000000328e+20
3.079999999999999960e-01 1.287999500000000003e+22 1.044542300000000016e+21 6.768888399999999672e+20
3.099999999999999978e-01 1.299076099999999931e+22 1.041297099999999951e+21 6.730930800000000328e+20
3.119999999999999996e-01 1.262330000000000039e+22 1.035766000000000066e+21 6.737816500000000573e+20
3.140000000000000013e-01 1.224074399999999974e+22 1.027956700000000016e+21 6.584740599999999508e+20
3.160000000000000031e-01 1.107263300000000088e+22 1.020009600000000000e+21 6.273857600000000000e+20
3.180000000000000049e-01 1.145134399999999948e+22 1.016300899999999984e+21 6.210469400000000164e+20
3.200000000000000067e-01 1.109291999999999921e+22 1.010169899999999951e+21 6.044506899999999918e+20
3.220000000000000084e-01 1.096795000000000033e+22 1.009402200000000033e+21 6.106780299999999427e+20
3.240000000000000102e-01 1.145361200000000013e+22 1.007288500000000049e+21 6.318986899999999918e+20
3.260000000000000120e-01 1.219407700000000023e+22 1.006258900000000049e+21 6.355295600000000328e+20
3.280000000000000138e-01 1.282892700000000043e+22 1.010827299999999984e+21 6.612643800000000164e+20
3.300000000000000155e-01 1.256726600000000020e+22 1.002113699999999984e+21 6.447741100000000082e+20
3.320000000000000173e-01 1.092180899999999905e+22 9.870381899999999427e+20 5.840448300000000082e+20
3.340000000000000191e-01 1.144886000000000066e+22 9.890449600000000000e+20 5.916662199999999508e+20
3.360000000000000209e-01 1.218886099999999918e+22 9.857692400000000328e+20 6.050638900000000573e+20
3.380000000000000226e-01 1.192545999999999987e+22 9.856019899999999754e+20 6.210624200000000492e+20
3.400000000000000244e-01 1.132267499999999925e+22 9.811185399999999508e+20 6.067349199999999672e+20
3.420000000000000262e-01 1.165692000000000026e+22 9.755740700000000410e+20 5.914667299999999590e+20
3.439999999999999725e-01 1.117499500000000029e+22 9.716545900000000082e+20 5.889473999999999672e+20
3.459999999999999742e-01 1.039334999999999954e+22 9.635104099999999590e+20 5.640313600000000000e+20
3.479999999999999760e-01 1.165229600000000079e+22 9.706929299999999918e+20 6.115362200000000164e+20
3.499999999999999778e-01 1.123586400000000026e+22 9.630573899999999427e+20 5.873407899999999754e+20
3.519999999999999796e-01 1.105907500000000082e+22 9.604725000000000492e+20 5.832984199999999836e+20
3.539999999999999813e-01 1.091006500000000010e+22 9.533176000000000000e+20 5.747446000000000328e+20
3.559999999999999831e-01 1.091956299999999951e+22 9.514189300000000573e+20 5.625726400000000000e+20
3.579999999999999849e-01 1.127229699999999931e+22 9.512000900000000246e+20 5.786950899999999918e+20
3.599999999999999867e-01 1.135975099999999912e+22 9.472610500000000246e+20 5.776359399999999836e+20
3.619999999999999885e-01 1.109818000000000039e+22 9.487302799999999672e+20 5.889758000000000328e+20
3.639999999999999902e-01 1.091842699999999898e+22 9.435586500000000246e+20 5.854775500000000082e+20
3.659999999999999920e-01 9.963854500000000115e+21 9.323141600000000655e+20 5.393886500000000246e+20
3.679999999999999938e-01 9.664172600000000295e+21 9.253952999999999836e+20 5.083407899999999754e+20
3.699999999999999956e-01 1.089845199999999987e+22 9.289655300000000246e+20 5.409487300000000246e+20
3.719999999999999973e-01 1.119599700000000023e+22 9.311379700000000573e+20 5.602675399999999836e+20
3.739999999999999991e-01 9.518261199999999148e+21 9.209998000000000328e+20 5.289243800000000164e+20
3.760000000000000009e-01 9.707270499999999328e+21 9.178904600000000164e+20 5.265966200000000164e+20
3.780000000000000027e-01 1.013107299999999957e+22 9.189617900000000082e+20 5.422075200000000000e+20
3.800000000000000044e-01 1.034500200000000098e+22 9.202145299999999918e+20 5.524269100000000082e+20
3.820000000000000062e-01 9.360026099999999787e+21 9.071206099999999918e+20 5.086643500000000082e+20
3.840000000000000080e-01 1.071291799999999902e+22 9.144614400000000000e+20 5.424272999999999836e+20
3.860000000000000098e-01 1.071650800000000066e+22 9.079279900000000410e+20 5.323233700000000246e+20
3.880000000000000115e-01 1.074090600000000098e+22 9.080229199999999672e+20 5.440519899999999754e+20
3.900000000000000133e-01 1.047626999999999928e+22 9.036217200000000328e+20 5.307471800000000164e+20
3.920000000000000151e-01 1.102911099999999964e+22 9.021751000000000164e+20 5.375788300000000082e+20
3.940000000000000169e-01 1.011595800000000007e+22 8.967566099999999918e+20 5.219825200000000328e+20
3.960000000000000187e-01 1.012676099999999931e+22 8.949474699999999427e+20 5.105301400000000164e+20
3.980000000000000204e-01 1.045388800000000000e+22 8.930073399999999508e+20 5.195603200000000000e+20
4.000000000000000222e-01 9.874251599999999672e+21 8.875917000000000492e+20 5.097431500000000082e+20
4.020000000000000240e-01 9.999128600000000426e+21 8.902818299999999754e+20 5.290268699999999754e+20
4.040000000000000258e-01 1.020117399999999902e+22 8.853970500000000246e+20 5.246179599999999672e+20
4.060000000000000275e-01 1.073989400000000007e+22 8.869413600000000655e+20 5.413570899999999918e+20
4.079999999999999738e-01 1.077856300000000082e+22 8.867920799999999345e+20 5.354297700000000246e+20
4.099999999999999756e-01 9.610657400000000033e+21 8.737241099999999427e+20 4.933497799999999836e+20
4.119999999999999774e-01 9.854912200000000754e+21 8.730556800000000000e+20 4.897571899999999754e+20
4.139999999999999791e-01 1.068898099999999944e+22 8.792335900000000410e+20 5.291139899999999754e+20
4.159999999999999809e-01 1.078934400000000105e+22 8.734440399999999672e+20 5.253478099999999918e+20
4.179999999999999827e-01 9.694366499999999590e+21 8.663409200000000328e+20 4.910975399999999836e+20
4.199999999999999845e-01 9.899601199999999803e+21 8.659657299999999918e+20 4.849640499999999918e+20
4.219999999999999862e-01 1.021622799999999934e+22 8.659701499999999754e+20 5.070298800000000328e+20
4.239999999999999880e-01 1.023353500000000043e+22 8.630222600000000492e+20 5.042377499999999754e+20
4.259999999999999898e-01 9.263901999999999803e+21 8.563450399999999345e+20 4.836996100000000246e+20
4.279999999999999916e-01 1.000146799999999961e+22 8.588652599999999508e+20 5.031265100000000082e+20
4.299999999999999933e-01 1.001675999999999921e+22 8.547070900000000573e+20 4.920190099999999918e+20
4.319999999999999951e-01 9.897372500000000442e+21 8.532666500000000246e+20 4.942257499999999754e+20
4.339999999999999969e-01 1.002043000000000033e+22 8.528683700000000573e+20 5.008734400000000000e+20
4.359999999999999987e-01 9.860130700000000737e+21 8.486846400000000000e+20 4.881282800000000328e+20
4.380000000000000004e-01 9.367684800000000262e+21 8.445791399999999836e+20 4.734642500000000246e+20
4.400000000000000022e-01 9.373940299999999951e+21 8.423481200000000328e+20 4.735635099999999754e+20
4.420000000000000040e-01 9.367209200000000066e+21 8.400776099999999590e+20 4.752208699999999754e+20
4.440000000000000058e-01 9.784871200000000918e+21 8.409361900000000082e+20 4.836848699999999754e+20
4.460000000000000075e-01 9.409329900000000344e+21 8.346122500000000246e+20 4.670973700000000246e+20
4.480000000000000093e-01 9.900227799999999640e+21 8.383599499999999427e+20 4.816498099999999918e+20
4.500000000000000111e-01 9.210966199999999771e+21 8.300830099999999918e+20 4.599664399999999672e+20
4.520000000000000129e-01 9.800586399999999345e+21 8.350076800000000000e+20 4.922780000000000000e+20
4.540000000000000147e-01 9.456667500000000868e+21 8.299156499999999918e+20 4.772936199999999836e+20
4.560000000000000164e-01 9.747506700000000213e+21 8.266592000000000000e+20 4.736569100000000082e+20
4.580000000000000182e-01 9.922956300000000213e+21 8.285571800000000164e+20 4.875245100000000082e+20
4.600000000000000200e-01 9.445354699999999427e+21 8.239858200000000164e+20 4.664645199999999672e+20
4.620000000000000218e-01 9.997202500000000508e+21 8.226211100000000410e+20 4.698123099999999754e+20
4.640000000000000235e-01 9.524703800000000295e+21 8.190476800000000000e+20 4.625692100000000246e+20
4.660000000000000253e-01 9.268455399999999574e+21 8.167124599999999508e+20 4.515143800000000164e+20
4.680000000000000271e-01 8.798032200000000229e+21 8.127724899999999590e+20 4.433644999999999836e+20
4.699999999999999734e-01 9.093180299999999689e+21 8.125642999999999508e+20 4.524835200000000000e+20
4.719999999999999751e-01 9.425978299999999492e+21 8.103946599999999836e+20 4.518691300000000246e+20
4.739999999999999769e-01 9.199781499999999754e+21 8.081921399999999508e+20 4.453533700000000246e+20
4.759999999999999787e-01 8.772218699999999951e+21 8.038750199999999508e+20 4.302922400000000000e+20
4.779999999999999805e-01 9.494884900000000639e+21 8.064612700000000410e+20 4.576677199999999672e+20
4.799999999999999822e-01 9.739303200000000918e+21 8.062042500000000246e+20 4.694152999999999836e+20
4.819999999999999840e-01 9.651298499999999984e+21 8.049438499999999590e+20 4.625839000000000164e+20
4.839999999999999858e-01 9.264390200000000295e+21 7.991745900000000082e+20 4.405923099999999754e+20
4.859999999999999876e-01 8.906434399999999607e+21 7.970322200000000164e+20 4.455494700000000082e+20
4.879999999999999893e-01 9.460287700000000967e+21 7.975738299999999754e+20 4.480141700000000246e+20
4.899999999999999911e-01 9.876250800000000328e+21 7.977596599999999508e+20 4.619325199999999672e+20
4.919999999999999929e-01 9.490835399999999705e+21 7.965002299999999754e+20 4.642844100000000246e+20
4.939999999999999947e-01 9.204790900000000311e+21 7.931910099999999918e+20 4.530554899999999918e+20
4.959999999999999964e-01 9.670079000000000426e+21 7.921808500000000573e+20 4.669119399999999836e+20
4.979999999999999982e-01 9.602578099999999001e+21 7.969017600000000000e+20 4.597361499999999754e+20
5.000000000000000000e-01 9.164829000000000229e+21 7.996862300000000410e+20 4.450392100000000246e+20
5.020000000000000018e-01 8.879250700000000213e+21 7.993651800000000164e+20 4.429635599999999672e+20
5.040000000000000036e-01 9.249701700000000508e+21 8.046113500000000410e+20 4.483370299999999754e+20
5.060000000000000053e-01 9.612449000000000623e+21 8.091200999999999836e+20 4.700264399999999672e+20
5.080000000000000071e-01 9.207357699999999721e+21 8.066795299999999590e+20 4.588903000000000164e+20
5.100000000000000089e-01 9.303209800000000229e+21 8.088788499999999918e+20 4.577659399999999836e+20
5.120000000000000107e-01 8.825906100000000049e+21 8.065275100000000410e+20 4.542080499999999918e+20
5.140000000000000124e-01 8.777959199999999869e+21 8.058325499999999754e+20 4.362894400000000000e+20
5.160000000000000142e-01 9.437139399999999705e+21 8.098302499999999590e+20 4.500087500000000082e+20
5.180000000000000160e-01 9.128744499999999525e+21 8.090165799999999836e+20 4.525155500000000082e+20
5.200000000000000178e-01 8.787470899999999525e+21 8.087877600000000655e+20 4.424495600000000328e+20
5.220000000000000195e-01 9.317230899999999525e+21 8.113070400000000000e+20 4.567559300000000246e+20
5.240000000000000213e-01 8.653625499999999623e+21 8.066768799999999345e+20 4.375366200000000164e+20
5.260000000000000231e-01 9.238483200000000000e+21 8.075967300000000246e+20 4.506136900000000246e+20
5.280000000000000249e-01 9.264246300000000147e+21 7.977856000000000000e+20 4.400191600000000328e+20
5.300000000000000266e-01 9.288423000000000164e+21 7.931511600000000328e+20 4.400546800000000328e+20
5.320000000000000284e-01 9.198835000000000295e+21 7.894445799999999836e+20 4.409612199999999836e+20
5.340000000000000302e-01 9.159248899999999721e+21 7.847566300000000410e+20 4.292118200000000164e+20
5.360000000000000320e-01 9.011806900000000049e+21 7.817858500000000246e+20 4.228252800000000000e+20
5.380000000000000338e-01 8.997965799999999574e+21 7.812558799999999672e+20 4.365444900000000246e+20
5.400000000000000355e-01 9.768523800000000426e+21 7.791953600000000000e+20 4.441968399999999672e+20
5.420000000000000373e-01 9.271526099999999918e+21 7.762949899999999427e+20 4.402136800000000000e+20
5.440000000000000391e-01 8.824755999999999869e+21 7.725922400000000655e+20 4.271070299999999754e+20
5.460000000000000409e-01 9.209100600000000295e+21 7.703767099999999754e+20 4.318116900000000246e+20
5.480000000000000426e-01 9.708502400000000524e+21 7.721811299999999590e+20 4.397492100000000246e+20
5.500000000000000444e-01 9.720316700000000147e+21 7.763838700000000082e+20 4.431148400000000328e+20
5.520000000000000462e-01 9.472344999999999836e+21 7.800219100000000410e+20 4.399914500000000246e+20
5.540000000000000480e-01 8.933524600000000033e+21 7.787176300000000082e+20 4.221312999999999836e+20
5.560000000000000497e-01 9.367982800000000197e+21 7.823751699999999918e+20 4.372977799999999836e+20
5.580000000000000515e-01 9.596466499999999459e+21 7.844424200000000492e+20 4.444843300000000246e+20
5.600000000000000533e-01 8.831714199999999902e+21 7.826623099999999754e+20 4.310285799999999836e+20
5.620000000000000551e-01 8.834078199999999508e+21 7.819918700000000082e+20 4.220649200000000328e+20
5.639999999999999458e-01 9.212341200000000197e+21 7.835994100000000573e+20 4.333581100000000082e+20
5.659999999999999476e-01 9.168962600000000360e+21 7.848345099999999427e+20 4.418932600000000164e+20
5.679999999999999494e-01 9.755671000000000688e+21 7.879559000000000164e+20 4.493386500000000246e+20
5.699999999999999512e-01 8.913295199999999607e+21 7.822244199999999836e+20 4.291018099999999918e+20
5.719999999999999529e-01 8.624369499999999885e+21 7.824364899999999590e+20 4.213028400000000328e+20
5.739999999999999547e-01 8.548206699999999820e+21 7.826730699999999427e+20 4.198046299999999754e+20
5.759999999999999565e-01 9.102537899999999558e+21 7.841123299999999590e+20 4.337941299999999918e+20
5.779999999999999583e-01 9.460655599999999017e+21 7.816681699999999590e+20 4.403108699999999754e+20
5.799999999999999600e-01 9.274563100000000147e+21 7.730875700000000573e+20 4.355200800000000000e+20
5.819999999999999618e-01 9.545374200000000557e+21 7.675197199999999672e+20 4.365327000000000164e+20
5.839999999999999636e-01 9.748687499999999689e+21 7.676981300000000573e+20 4.448240000000000000e+20
5.859999999999999654e-01 8.821391999999999476e+21 7.594429499999999754e+20 4.190496699999999754e+20
5.879999999999999671e-01 8.796026699999999951e+21 7.563390099999999918e+20 4.158789100000000082e+20
5.899999999999999689e-01 8.555769499999999623e+21 7.533089099999999427e+20 4.092039500000000082e+20
5.919999999999999707e-01 8.866547200000000000e+21 7.516896300000000082e+20 4.148118000000000328e+20
5.939999999999999725e-01 8.737729299999999656e+21 7.478831600000000328e+20 4.058679899999999754e+20
5.959999999999999742e-01 9.150731700000000049e+21 7.466293899999999427e+20 4.102875899999999754e+20
5.979999999999999760e-01 9.204102200000000295e+21 7.448703600000000328e+20 4.148970500000000246e+20
5.999999999999999778e-01 9.190739200000000000e+21 7.436304500000000573e+20 4.134616199999999836e+20
6.019999999999999796e-01 8.866970200000000164e+21 7.404580599999999508e+20 4.058732000000000000e+20
6.039999999999999813e-01 8.939938099999999525e+21 7.393648600000000164e+20 4.105194800000000328e+20
6.059999999999999831e-01 9.464490500000000770e+21 7.400072000000000000e+20 4.205965299999999918e+20
6.079999999999999849e-01 9.038834100000000049e+21 7.342420199999999836e+20 4.013060000000000000e+20
6.099999999999999867e-01 8.784851500000000082e+21 7.312892700000000410e+20 3.947138599999999836e+20
6.119999999999999885e-01 9.132344300000000344e+21 7.315714999999999508e+20 4.060656900000000246e+20
6.139999999999999902e-01 9.568903800000000033e+21 7.318943600000000328e+20 4.107430000000000328e+20
6.159999999999999920e-01 8.511859500000000082e+21 7.261020199999999836e+20 3.879884900000000246e+20
6.179999999999999938e-01 8.507559999999999738e+21 7.248148299999999427e+20 3.875791500000000082e+20
6.199999999999999956e-01 8.708627300000000377e+21 7.238144999999999836e+20 3.930034800000000328e+20
6.219999999999999973e-01 9.323422700000000344e+21 7.268230700000000082e+20 4.164059300000000246e+20
6.239999999999999991e-01 8.703117899999999951e+21 7.216073600000000000e+20 3.967620499999999918e+20
6.260000000000000009e-01 8.501767600000000328e+21 7.177612899999999590e+20 3.829211300000000246e+20
6.280000000000000027e-01 9.016429499999999492e+21 7.180828800000000000e+20 3.937192000000000000e+20
6.300000000000000044e-01 9.618893199999999410e+21 7.201075700000000573e+20 4.077725299999999918e+20
6.320000000000000062e-01 9.239028799999999738e+21 7.167285300000000573e+20 3.984811200000000000e+20
6.340000000000000080e-01 8.607248599999999640e+21 7.124056999999999836e+20 3.829112000000000000e+20
6.360000000000000098e-01 9.004966500000000377e+21 7.130808600000000164e+20 3.927005400000000164e+20
6.380000000000000115e-01 9.104526099999999656e+21 7.118511699999999918e+20 3.905597700000000246e+20
6.400000000000000133e-01 8.962493699999999721e+21 7.105744500000000573e+20 3.893430200000000164e+20
6.420000000000000151e-01 8.779713099999999951e+21 7.081697900000000082e+20 3.923124999999999836e+20
6.440000000000000169e-01 9.019138600000000360e+21 7.076256799999999345e+20 3.940844699999999754e+20
6.460000000000000187e-01 9.087704000000000262e+21 7.066001800000000492e+20 3.925784399999999672e+20
6.480000000000000204e-01 8.970800200000000229e+21 7.053665600000000000e+20 3.929123399999999836e+20
6.500000000000000222e-01 9.155421099999999558e+21 7.048710799999999672e+20 3.978050299999999754e+20
6.520000000000000240e-01 9.293326999999999902e+21 7.038601800000000492e+20 3.982125299999999918e+20
6.540000000000000258e-01 8.708309699999999984e+21 6.995648699999999754e+20 3.810013400000000164e+20
6.560000000000000275e-01 9.034922199999999640e+21 7.001781700000000246e+20 3.883150899999999918e+20
6.580000000000000293e-01 8.830477599999999869e+21 6.973151900000000410e+20 3.831587899999999754e+20
6.600000000000000311e-01 8.528603900000000279e+21 6.950899200000000000e+20 3.738956400000000328e+20
6.620000000000000329e-01 8.947332599999999508e+21 6.973616200000000492e+20 3.853555800000000164e+20
6.640000000000000346e-01 8.552719999999999476e+21 6.929846499999999590e+20 3.768390599999999836e+20
6.660000000000000364e-01 9.052807300000000246e+21 6.935433600000000000e+20 3.869041900000000082e+20
6.680000000000000382e-01 9.055968400000000459e+21 6.923132199999999836e+20 3.831236400000000328e+20
6.700000000000000400e-01 8.636851300000000377e+21 6.885057200000000328e+20 3.681052499999999918e+20
6.720000000000000417e-01 8.619655699999999656e+21 6.881792200000000492e+20 3.722405600000000000e+20
6.740000000000000435e-01 8.658129399999999508e+21 6.875072999999999836e+20 3.728160699999999754e+20
6.760000000000000453e-01 8.508866600000000360e+21 6.849579899999999754e+20 3.691852400000000328e+20
6.780000000000000471e-01 9.026864099999999853e+21 6.867549499999999754e+20 3.819600800000000000e+20
6.800000000000000488e-01 8.716002999999999771e+21 6.829911300000000246e+20 3.695806200000000164e+20
6.820000000000000506e-01 8.406626199999999902e+21 6.808091500000000082e+20 3.684878899999999918e+20
6.840000000000000524e-01 9.269809999999999672e+21 6.833408200000000492e+20 3.783224300000000082e+20
6.860000000000000542e-01 9.073329900000000344e+21 6.812550000000000328e+20 3.757926299999999754e+20
6.879999999999999449e-01 8.621082599999999574e+21 6.797206700000000082e+20 3.738228199999999836e+20
6.899999999999999467e-01 8.320519300000000246e+21 6.779619400000000492e+20 3.725070899999999918e+20
6.919999999999999485e-01 9.433777000000000098e+21 6.796409200000000328e+20 3.817972000000000000e+20
6.939999999999999503e-01 9.032758699999999558e+21 6.762153999999999672e+20 3.693189299999999918e+20
6.959999999999999520e-01 8.577920199999999705e+21 6.745361200000000328e+20 3.625854299999999754e+20
6.979999999999999538e-01 8.355044200000000098e+21 6.713251599999999672e+20 3.587023399999999836e+20
6.999999999999999556e-01 8.713860000000000393e+21 6.726847699999999918e+20 3.675565199999999672e+20
7.019999999999999574e-01 8.511708599999999771e+21 6.721827100000000410e+20 3.672180000000000000e+20
7.039999999999999591e-01 8.586159100000000279e+21 6.688816399999999672e+20 3.596256000000000000e+20
7.059999999999999609e-01 8.916807800000000033e+21 6.698206499999999590e+20 3.675408699999999754e+20
7.079999999999999627e-01 9.053196399999999541e+21 6.700484899999999590e+20 3.760106700000000082e+20
7.099999999999999645e-01 8.778024499999999525e+21 6.670400699999999754e+20 3.659912800000000000e+20
7.119999999999999662e-01 7.950275199999999476e+21 6.629487699999999918e+20 3.467710899999999918e+20
7.139999999999999680e-01 8.899565799999999574e+21 6.669012100000000246e+20 3.686254200000000164e+20
7.159999999999999698e-01 8.600689699999999590e+21 6.636741899999999427e+20 3.616716699999999754e+20
7.179999999999999716e-01 8.309723799999999902e+21 6.615364400000000328e+20 3.547380000000000000e+20
7.199999999999999734e-01 8.598058400000000393e+21 6.620583499999999427e+20 3.594592600000000164e+20
7.219999999999999751e-01 8.606056799999999607e+21 6.600900100000000246e+20 3.591422400000000000e+20
7.239999999999999769e-01 8.664129299999999656e+21 6.593170699999999427e+20 3.597257400000000164e+20
7.259999999999999787e-01 8.189844499999999656e+21 6.564912799999999345e+20 3.482421600000000000e+20
7.279999999999999805e-01 9.213310499999999590e+21 6.594942000000000328e+20 3.667959899999999754e+20
7.299999999999999822e-01 8.638636600000000295e+21 6.554469199999999672e+20 3.545816999999999836e+20
7.319999999999999840e-01 8.723415700000000180e+21 6.563498699999999427e+20 3.562297499999999754e+20
7.339999999999999858e-01 7.796440900000000508e+21 6.517161200000000328e+20 3.398855200000000000e+20
7.359999999999999876e-01 8.017330400000000131e+21 6.516091500000000082e+20 3.417800999999999836e+20
7.379999999999999893e-01 7.986291300000000377e+21 6.502593699999999590e+20 3.384921499999999754e+20
7.399999999999999911e-01 7.620881999999999672e+21 6.472900599999999508e+20 3.314897100000000082e+20
7.419999999999999929e-01 8.351629100000000082e+21 6.502044899999999590e+20 3.498744199999999836e+20
7.439999999999999947e-01 8.322803099999999623e+21 6.483596199999999836e+20 3.483735699999999918e+20
7.459999999999999964e-01 8.398307900000000016e+21 6.477693700000000246e+20 3.482382500000000246e+20
7.479999999999999982e-01 8.543606100000000442e+21 6.476639300000000246e+20 3.531807699999999918e+20
7.500000000000000000e-01 8.380857600000000000e+21 6.456646799999999672e+20 3.524233999999999672e+20
7.520000000000000018e-01 8.953885199999999934e+21 6.464982000000000328e+20 3.560796199999999836e+20
7.540000000000000036e-01 8.734892800000000000e+21 6.448036400000000328e+20 3.476833499999999754e+20
7.560000000000000053e-01 8.014835099999999623e+21 6.416744500000000573e+20 3.362829799999999836e+20
7.580000000000000071e-01 8.088361899999999558e+21 6.407292400000000328e+20 3.412148800000000000e+20
7.600000000000000089e-01 9.128728699999999754e+21 6.435874599999999836e+20 3.594075200000000000e+20
7.620000000000000107e-01 9.204506299999999492e+21 6.423713699999999590e+20 3.569253299999999918e+20
7.640000000000000124e-01 8.611266600000000360e+21 6.397504799999999345e+20 3.415331000000000164e+20
7.660000000000000142e-01 8.687577199999999541e+21 6.392182499999999590e+20 3.479751899999999754e+20
7.680000000000000160e-01 8.607768199999999967e+21 6.371515899999999754e+20 3.479173100000000082e+20
7.700000000000000178e-01 8.629686999999999640e+21 6.380468800000000000e+20 3.478745799999999836e+20
7.720000000000000195e-01 8.646697899999999558e+21 6.361514500000000246e+20 3.436962099999999918e+20
7.740000000000000213e-01 8.448440300000000344e+21 6.347061600000000655e+20 3.426544100000000246e+20
7.760000000000000231e-01 8.553248300000000082e+21 6.344353200000000328e+20 3.431846899999999918e+20
7.780000000000000249e-01 8.152321200000000328e+21 6.315960699999999754e+20 3.341664800000000000e+20
7.800000000000000266e-01 8.087596199999999836e+21 6.312553699999999590e+20 3.309272199999999836e+20
7.820000000000000284e-01 8.142940799999999476e+21 6.299511399999999836e+20 3.335316600000000164e+20
7.840000000000000302e-01 8.428747899999999754e+21 6.305051299999999590e+20 3.431353400000000164e+20
7.860000000000000320e-01 7.882005399999999902e+21 6.273104900000000246e+20 3.300827899999999754e+20
7.880000000000000338e-01 8.426291899999999492e+21 6.286090200000000164e+20 3.383366899999999918e+20
7.900000000000000355e-01 8.737335400000000098e+21 6.282583499999999427e+20 3.419848199999999836e+20
7.920000000000000373e-01 8.966404000000000393e+21 6.277687699999999918e+20 3.418009400000000164e+20
7.940000000000000391e-01 8.839789599999999869e+21 6.275668299999999427e+20 3.444002099999999918e+20
7.960000000000000409e-01 8.628120199999999967e+21 6.251914599999999836e+20 3.393177600000000000e+20
7.980000000000000426e-01 8.498937499999999623e+21 6.247421199999999672e+20 3.405464999999999836e+20
8.000000000000000444e-01 8.114307400000000229e+21 6.215118499999999590e+20 3.280312399999999672e+20
8.020000000000000462e-01 8.775764299999999951e+21 6.240044100000000246e+20 3.404188699999999754e+20
8.040000000000000480e-01 8.514180999999999967e+21 6.221991000000000164e+20 3.349079899999999754e+20
8.060000000000000497e-01 8.986231599999999803e+21 6.230328699999999754e+20 3.487852499999999918e+20
8.080000000000000515e-01 8.636637399999999640e+21 6.207042200000000164e+20 3.417974500000000246e+20
8.100000000000000533e-01 8.250109600000000393e+21 6.191228700000000410e+20 3.322592100000000246e+20
8.120000000000000551e-01 8.412137999999999934e+21 6.193726700000000082e+20 3.312273299999999918e+20
8.139999999999999458e-01 8.546938599999999574e+21 6.230952200000000492e+20 3.334037299999999918e+20
8.159999999999999476e-01 8.705721700000000377e+21 6.270613799999999836e+20 3.401177799999999836e+20
8.179999999999999494e-01 8.044488100000000115e+21 6.269438499999999590e+20 3.350892000000000000e+20
8.199999999999999512e-01 8.301665700000000115e+21 6.291376200000000492e+20 3.365487300000000246e+20
8.219999999999999529e-01 8.614929300000000180e+21 6.309226800000000328e+20 3.370778299999999754e+20
8.239999999999999547e-01 8.123620999999999967e+21 6.297880099999999590e+20 3.318714899999999918e+20
8.259999999999999565e-01 8.220219199999999738e+21 6.311449200000000328e+20 3.380354899999999918e+20
8.279999999999999583e-01 8.681720399999999672e+21 6.329411400000000492e+20 3.448582500000000246e+20
8.299999999999999600e-01 8.171151199999999607e+21 6.293582799999999672e+20 3.271569900000000082e+20
8.319999999999999618e-01 8.076862799999999672e+21 6.310458599999999836e+20 3.317132300000000082e+20
8.339999999999999636e-01 8.511532499999999918e+21 6.328393800000000492e+20 3.397509100000000082e+20
8.359999999999999654e-01 8.275603099999999623e+21 6.304163999999999345e+20 3.323039000000000164e+20
8.379999999999999671e-01 8.599574900000000311e+21 6.331540899999999590e+20 3.412321299999999918e+20
8.399999999999999689e-01 8.140738800000000066e+21 6.296434100000000573e+20 3.294532699999999754e+20
8.419999999999999707e-01 8.295172099999999721e+21 6.295640099999999590e+20 3.321985100000000082e+20
8.439999999999999725e-01 8.327352600000000426e+21 6.321067299999999590e+20 3.338493900000000082e+20
8.459999999999999742e-01 8.434278500000000377e+21 6.380058999999999508e+20 3.441864300000000082e+20
8.479999999999999760e-01 8.520706900000000442e+21 6.428020899999999590e+20 3.494043899999999754e+20
8.499999999999999778e-01 9.169591599999999803e+21 6.493954299999999754e+20 3.657003300000000246e+20
8.519999999999999796e-01 8.523978100000000311e+21 6.467929600000000000e+20 3.470613499999999754e+20
8.539999999999999813e-01 8.102265100000000213e+21 6.483889600000000000e+20 3.373573600000000000e+20
8.559999999999999831e-01 8.360310600000000229e+21 6.561720999999999836e+20 3.490991699999999918e+20
8.579999999999999849e-01 8.541742899999999525e+21 6.627041200000000328e+20 3.579325400000000164e+20
8.599999999999999867e-01 9.103188100000000246e+21 6.696354699999999427e+20 3.677750400000000000e+20
8.619999999999999885e-01 7.968265600000000524e+21 6.685823600000000328e+20 3.489211800000000164e+20
8.639999999999999902e-01 8.212551000000000164e+21 6.745410800000000328e+20 3.616354599999999836e+20
8.659999999999999920e-01 8.205231100000000279e+21 6.792950600000000492e+20 3.634231300000000246e+20
8.679999999999999938e-01 7.615162800000000328e+21 6.790760200000000492e+20 3.489304900000000246e+20
8.699999999999999956e-01 8.074786600000000360e+21 6.817705200000000328e+20 3.555776399999999672e+20
8.719999999999999973e-01 8.530907300000000115e+21 6.881727799999999508e+20 3.759475800000000164e+20
8.739999999999999991e-01 8.192025299999999918e+21 6.891311600000000328e+20 3.615983600000000328e+20
8.760000000000000009e-01 7.990708799999999738e+21 6.913756299999999427e+20 3.629531300000000246e+20
8.780000000000000027e-01 8.073445400000000426e+21 6.939494600000000492e+20 3.660750299999999754e+20
8.800000000000000044e-01 8.542453599999999607e+21 6.992736500000000573e+20 3.731412199999999836e+20
8.820000000000000062e-01 8.298052599999999508e+21 7.021837100000000082e+20 3.743045600000000000e+20
8.840000000000000080e-01 8.110115700000000311e+21 7.043368900000000246e+20 3.726207099999999754e+20
8.860000000000000098e-01 8.495354200000000164e+21 7.070195999999999345e+20 3.771715500000000082e+20
8.880000000000000115e-01 8.513993200000000066e+21 7.082434500000000246e+20 3.732470099999999918e+20
8.900000000000000133e-01 8.726650000000000459e+21 7.130037199999999672e+20 3.793891699999999918e+20
8.920000000000000151e-01 8.798636699999999623e+21 7.163226699999999427e+20 3.891901299999999918e+20
8.940000000000000169e-01 8.440757200000000197e+21 7.168125000000000492e+20 3.818888300000000082e+20
8.960000000000000187e-01 8.434651100000000410e+21 7.193351300000000246e+20 3.848680900000000246e+20
8.980000000000000204e-01 9.080534999999999640e+21 7.248161600000000000e+20 4.053488100000000246e+20
9.000000000000000222e-01 8.445604599999999508e+21 7.251646700000000082e+20 3.921545100000000082e+20
9.020000000000000240e-01 8.166544399999999934e+21 7.261836299999999427e+20 3.803487300000000246e+20
9.040000000000000258e-01 8.850700699999999623e+21 7.316627400000000492e+20 4.017519000000000164e+20
9.060000000000000275e-01 8.482131800000000164e+21 7.336308899999999590e+20 3.915519399999999836e+20
9.080000000000000293e-01 8.233182100000000180e+21 7.430676599999999508e+20 3.997824800000000000e+20
9.100000000000000311e-01 8.310249000000000360e+21 7.531724199999999836e+20 4.106052699999999754e+20
9.120000000000000329e-01 7.588400399999999934e+21 7.570027200000000000e+20 3.860395200000000000e+20
9.140000000000000346e-01 7.895381000000000492e+21 7.636626400000000655e+20 3.924615300000000246e+20
9.160000000000000364e-01 8.182985300000000442e+21 7.717577399999999508e+20 4.039771899999999754e+20
9.180000000000000382e-01 8.195212300000000213e+21 7.788903399999999836e+20 4.140820000000000000e+20
9.200000000000000400e-01 7.927188100000000246e+21 7.823685899999999427e+20 4.134489999999999672e+20
9.220000000000000417e-01 7.873441800000000492e+21 7.887053499999999754e+20 4.177938800000000328e+20
9.240000000000000435e-01 8.342372099999999721e+21 7.988666100000000573e+20 4.372353299999999918e+20
9.260000000000000453e-01 7.991551500000000213e+21 7.992531100000000410e+20 4.210853700000000246e+20
9.280000000000000471e-01 7.984097200000000328e+21 8.021067599999999672e+20 4.119097499999999754e+20
9.300000000000000488e-01 8.035337300000000442e+21 8.115948700000000410e+20 4.219780499999999918e+20
9.320000000000000506e-01 7.524702100000000180e+21 8.132804400000000328e+20 4.164726000000000328e+20
9.340000000000000524e-01 7.548403200000000000e+21 8.166060299999999427e+20 4.115921200000000328e+20
9.360000000000000542e-01 8.031132899999999853e+21 8.276250899999999918e+20 4.289061499999999754e+20
9.379999999999999449e-01 8.155983900000000147e+21 8.305520500000000573e+20 4.366832999999999836e+20
9.399999999999999467e-01 8.275305099999999689e+21 8.362318300000000410e+20 4.376221700000000246e+20
9.419999999999999485e-01 7.648696999999999836e+21 8.404059200000000000e+20 4.270055200000000000e+20
9.439999999999999503e-01 7.996835299999999853e+21 8.460403999999999345e+20 4.392953499999999754e+20
9.459999999999999520e-01 7.988078300000000410e+21 8.538645199999999672e+20 4.549272800000000000e+20
9.479999999999999538e-01 8.579118300000000410e+21 8.603652499999999918e+20 4.642499599999999672e+20
9.499999999999999556e-01 8.374267999999999607e+21 8.612851500000000082e+20 4.569295200000000000e+20
9.519999999999999574e-01 8.159589199999999672e+21 8.693629000000000492e+20 4.568415699999999918e+20
9.539999999999999591e-01 7.211565899999999951e+21 8.685316400000000328e+20 4.329286200000000164e+20
9.559999999999999609e-01 7.541695699999999918e+21 8.740713900000000082e+20 4.469186599999999836e+20
9.579999999999999627e-01 7.473049299999999918e+21 8.781318900000000573e+20 4.351997700000000246e+20
9.599999999999999645e-01 7.056823700000000180e+21 8.808006900000000573e+20 4.245183699999999918e+20
9.619999999999999662e-01 7.439332599999999508e+21 8.862928799999999345e+20 4.391795899999999754e+20
9.639999999999999680e-01 7.487571999999999869e+21 8.907786800000000328e+20 4.494217299999999918e+20
9.659999999999999698e-01 8.194139999999999607e+21 9.005015699999999918e+20 4.748266099999999918e+20
9.679999999999999716e-01 8.298927600000000066e+21 9.054774400000000000e+20 4.793657299999999918e+20
9.699999999999999734e-01 8.169460199999999574e+21 9.086906599999999836e+20 4.735872900000000246e+20
9.719999999999999751e-01 8.555278099999999656e+21 9.168778899999999918e+20 4.942748900000000246e+20
9.739999999999999769e-01 8.133694100000000180e+21 9.211224399999999672e+20 4.929783699999999918e+20
9.759999999999999787e-01 8.009574899999999787e+21 9.261580700000000410e+20 4.925287899999999754e+20
9.779999999999999805e-01 7.998371400000000229e+21 9.293450500000000246e+20 4.857750200000000164e+20
9.799999999999999822e-01 8.264576499999999787e+21 9.363556899999999590e+20 4.877512699999999754e+20
9.819999999999999840e-01 8.423424799999999869e+21 9.427393800000000492e+20 5.035966899999999918e+20
9.839999999999999858e-01 8.360809099999999689e+21 9.464553399999999508e+20 5.167189600000000000e+20
9.859999999999999876e-01 8.359425400000000033e+21 9.507201399999999508e+20 5.045130500000000246e+20
9.879999999999999893e-01 8.129193300000000442e+21 9.532949000000000492e+20 5.067906400000000000e+20
9.899999999999999911e-01 8.320388800000000262e+21 9.564287099999999754e+20 5.133096000000000000e+20
9.919999999999999929e-01 7.797959000000000164e+21 9.581502000000000328e+20 4.924336600000000164e+20
9.939999999999999947e-01 7.671751800000000033e+21 9.597941499999999754e+20 4.934901600000000000e+20
9.959999999999999964e-01 7.241234700000000213e+21 9.632153999999999672e+20 4.963277900000000082e+20
9.979999999999999982e-01 7.298369299999999656e+21 9.707181799999999836e+20 4.886340699999999754e+20
1.000000000000000000e+00 7.806117700000000508e+21 9.760935300000000246e+20 5.112219099999999754e+20
1.002000000000000002e+00 7.699403299999999590e+21 9.790129200000000328e+20 5.019266899999999918e+20
1.004000000000000004e+00 7.903986299999999754e+21 9.917061899999999427e+20 5.089479000000000164e+20
1.006000000000000005e+00 8.313072099999999853e+21 9.962669799999999836e+20 5.248432399999999672e+20
1.008000000000000007e+00 8.167228299999999689e+21 1.000381400000000033e+21 5.262446599999999836e+20
1.010000000000000009e+00 7.279259499999999820e+21 1.004111100000000016e+21 4.954793299999999918e+20
1.012000000000000011e+00 7.616120300000000344e+21 1.007298599999999967e+21 5.029018200000000164e+20
1.014000000000000012e+00 9.132255399999999836e+21 1.021145699999999984e+21 5.634489600000000000e+20
1.016000000000000014e+00 8.155668700000000410e+21 1.023333500000000016e+21 5.490611300000000246e+20
1.018000000000000016e+00 8.500143400000000360e+21 1.029197400000000033e+21 5.529917600000000000e+20
1.020000000000000018e+00 8.342350099999999656e+21 1.033263000000000033e+21 5.531769999999999672e+20
1.022000000000000020e+00 7.964865400000000033e+21 1.035764899999999984e+21 5.392356000000000000e+20
1.024000000000000021e+00 7.438134499999999853e+21 1.037708800000000000e+21 5.189250599999999836e+20
1.026000000000000023e+00 7.280119500000000475e+21 1.048162300000000016e+21 5.321628000000000000e+20
1.028000000000000025e+00 7.915389500000000016e+21 1.057377899999999951e+21 5.533268100000000246e+20
1.030000000000000027e+00 7.793344300000000082e+21 1.060963800000000033e+21 5.513599500000000082e+20
1.032000000000000028e+00 7.732678200000000295e+21 1.068815900000000016e+21 5.422161100000000082e+20
1.034000000000000030e+00 8.042207500000000213e+21 1.081639499999999951e+21 5.760947800000000164e+20
1.036000000000000032e+00 7.705367100000000016e+21 1.081398100000000049e+21 5.560140400000000328e+20
1.038000000000000034e+00 7.731258399999999869e+21 1.091070000000000066e+21 5.626700300000000082e+20
1.040000000000000036e+00 7.094763599999999672e+21 1.093634400000000000e+21 5.454732100000000246e+20
1.042000000000000037e+00 7.546679100000000016e+21 1.106785099999999951e+21 5.672519399999999836e+20
1.044000000000000039e+00 6.974160099999999853e+21 1.109196800000000000e+21 5.484333299999999918e+20
1.046000000000000041e+00 7.411564800000000000e+21 1.115463100000000016e+21 5.580580000000000000e+20
1.048000000000000043e+00 8.250814799999999672e+21 1.133225799999999967e+21 6.025748700000000410e+20
1.050000000000000044e+00 7.235714300000000279e+21 1.133114400000000000e+21 5.690993100000000082e+20
1.052000000000000046e+00 7.416682700000000475e+21 1.143975600000000066e+21 5.862178599999999836e+20
1.054000000000000048e+00 6.565064899999999984e+21 1.148756700000000016e+21 5.690091500000000082e+20
1.056000000000000050e+00 7.620999199999999869e+21 1.161850599999999967e+21 5.867151600000000328e+20
1.058000000000000052e+00 7.532350599999999967e+21 1.167782799999999934e+21 5.854704699999999754e+20
1.060000000000000053e+00 8.359605500000000279e+21 1.182230299999999885e+21 6.157496699999999754e+20
1.062000000000000055e+00 9.200653400000000164e+21 1.199098399999999869e+21 6.654630900000000573e+20
1.064000000000000057e+00 8.487671100000000016e+21 1.200185999999999934e+21 6.300398799999999672e+20
1.066000000000000059e+00 8.217701100000000344e+21 1.212339200000000000e+21 6.469152099999999590e+20
1.068000000000000060e+00 8.247259799999999902e+21 1.217217099999999951e+21 6.535494799999999672e+20
1.070000000000000062e+00 8.168741700000000508e+21 1.227668099999999984e+21 6.461130399999999345e+20
1.072000000000000064e+00 6.582124100000000508e+21 1.231551100000000016e+21 5.992610299999999754e+20
1.074000000000000066e+00 7.923677199999999934e+21 1.242885199999999934e+21 6.260491500000000082e+20
1.076000000000000068e+00 8.132300199999999836e+21 1.253991899999999885e+21 6.498828000000000655e+20
1.078000000000000069e+00 8.084531000000000295e+21 1.270028099999999984e+21 6.622103699999999918e+20
1.080000000000000071e+00 8.100501000000000492e+21 1.277943299999999984e+21 6.672182300000000410e+20
1.082000000000000073e+00 7.418902799999999934e+21 1.279371599999999934e+21 6.318177699999999590e+20
1.084000000000000075e+00 8.898885799999999836e+21 1.309239800000000033e+21 7.013990700000000082e+20
1.086000000000000076e+00 7.399643600000000197e+21 1.303169099999999951e+21 6.464437100000000082e+20
1.088000000000000078e+00 7.985103499999999689e+21 1.318769000000000098e+21 6.688804599999999508e+20
1.090000000000000080e+00 8.347795800000000164e+21 1.341074800000000066e+21 7.149899899999999754e+20
1.092000000000000082e+00 8.869143899999999885e+21 1.356502400000000000e+21 7.561717499999999754e+20
1.094000000000000083e+00 9.042114800000000066e+21 1.368681600000000000e+21 7.607945500000000410e+20
1.096000000000000085e+00 7.831778600000000360e+21 1.375504000000000000e+21 7.205145600000000000e+20
1.098000000000000087e+00 7.862976499999999787e+21 1.380494400000000000e+21 7.052708400000000328e+20
1.100000000000000089e+00 8.620726399999999476e+21 1.403498699999999951e+21 7.366568999999999836e+20
1.102000000000000091e+00 7.089167700000000442e+21 1.407697600000000000e+21 6.955773899999999427e+20
1.104000000000000092e+00 6.834241599999999738e+21 1.418082499999999984e+21 7.083347400000000492e+20
1.106000000000000094e+00 7.004923999999999607e+21 1.435393700000000115e+21 7.147260899999999590e+20
1.108000000000000096e+00 6.893535899999999623e+21 1.450264300000000082e+21 7.108835100000000410e+20
1.110000000000000098e+00 7.838997099999999820e+21 1.467556699999999885e+21 7.415511600000000328e+20
1.112000000000000099e+00 7.523110899999999787e+21 1.485248300000000082e+21 7.607653100000000082e+20
1.114000000000000101e+00 7.678180200000000098e+21 1.506754899999999918e+21 7.924468599999999508e+20
1.116000000000000103e+00 8.425120600000000164e+21 1.529061100000000082e+21 8.315517400000000164e+20
1.118000000000000105e+00 7.608957600000000393e+21 1.533770100000000049e+21 7.876405499999999754e+20
1.120000000000000107e+00 8.887090299999999754e+21 1.563608199999999967e+21 8.381906299999999754e+20
1.122000000000000108e+00 8.603898800000000328e+21 1.582325699999999984e+21 8.359998099999999918e+20
1.124000000000000110e+00 8.537438700000000344e+21 1.601374900000000049e+21 8.863318900000000573e+20
1.125999999999999890e+00 9.388612300000000475e+21 1.627622299999999885e+21 9.397619100000000410e+20
1.127999999999999892e+00 8.617441099999999951e+21 1.643441600000000000e+21 8.725455600000000328e+20
1.129999999999999893e+00 6.844905099999999689e+21 1.649598500000000115e+21 8.166015600000000328e+20
1.131999999999999895e+00 6.899458000000000197e+21 1.669485100000000082e+21 8.290948100000000246e+20
1.133999999999999897e+00 7.839026200000000426e+21 1.702124900000000115e+21 8.665661499999999754e+20
1.135999999999999899e+00 8.036732700000000147e+21 1.721936700000000016e+21 8.923425399999999508e+20
1.137999999999999901e+00 8.449741400000000164e+21 1.751995300000000115e+21 9.237545900000000082e+20
1.139999999999999902e+00 7.349226600000000098e+21 1.780818199999999902e+21 9.178848500000000573e+20
1.141999999999999904e+00 5.627594600000000098e+21 1.777601799999999967e+21 7.792288300000000082e+20
1.143999999999999906e+00 5.879158600000000229e+21 1.805956900000000115e+21 8.114032000000000000e+20
1.145999999999999908e+00 7.744201600000000524e+21 1.871778199999999902e+21 9.718540800000000000e+20
1.147999999999999909e+00 8.008015999999999476e+21 1.888896799999999869e+21 9.631227400000000492e+20
1.149999999999999911e+00 8.418071899999999885e+21 1.930631800000000033e+21 1.077947399999999967e+21
1.151999999999999913e+00 6.727112899999999984e+21 1.948751499999999951e+21 9.385228299999999427e+20
1.153999999999999915e+00 6.397677299999999787e+21 1.982905900000000082e+21 9.658097200000000328e+20
1.155999999999999917e+00 8.407259900000000279e+21 2.046315099999999885e+21 1.124892099999999984e+21
1.157999999999999918e+00 8.780963100000000147e+21 2.085711699999999918e+21 1.127666100000000049e+21
1.159999999999999920e+00 8.378858400000000393e+21 2.108809799999999967e+21 1.095685099999999951e+21
1.161999999999999922e+00 8.452467800000000164e+21 2.165815699999999918e+21 1.136641999999999934e+21
1.163999999999999924e+00 8.700081799999999967e+21 2.226600000000000000e+21 1.145180199999999967e+21
1.165999999999999925e+00 8.092900399999999803e+21 2.247368800000000131e+21 1.166823399999999967e+21
1.167999999999999927e+00 8.772318599999999967e+21 2.321459099999999885e+21 1.282654000000000066e+21
1.169999999999999929e+00 9.706181600000000131e+21 2.411075599999999934e+21 1.319163300000000115e+21
1.171999999999999931e+00 8.755376099999999853e+21 2.432449400000000033e+21 1.247646099999999918e+21
1.173999999999999932e+00 9.771757300000000836e+21 2.515675899999999754e+21 1.380581600000000131e+21
1.175999999999999934e+00 9.078458800000000328e+21 2.598908199999999836e+21 1.455702599999999967e+21
1.177999999999999936e+00 9.266666900000000180e+21 2.695345199999999803e+21 1.564896000000000000e+21
1.179999999999999938e+00 8.013543399999999574e+21 2.754461899999999951e+21 1.438414599999999967e+21
1.181999999999999940e+00 5.688424599999999902e+21 2.784766299999999885e+21 1.253958599999999967e+21
1.183999999999999941e+00 7.593936500000000311e+21 2.899174000000000066e+21 1.522285399999999902e+21
1.185999999999999943e+00 9.119509500000000279e+21 3.033257900000000082e+21 1.753321799999999967e+21
1.187999999999999945e+00 9.409439099999999754e+21 3.114895699999999918e+21 1.844494900000000049e+21
1.189999999999999947e+00 7.859699000000000295e+21 3.194812000000000131e+21 1.752293899999999951e+21
1.191999999999999948e+00 8.880064400000000459e+21 3.331299299999999853e+21 1.776016100000000115e+21
1.193999999999999950e+00 6.217110999999999640e+21 3.405873700000000115e+21 1.620846799999999934e+21
1.195999999999999952e+00 7.261401900000000082e+21 3.576404699999999885e+21 1.841267300000000115e+21
1.197999999999999954e+00 7.467225499999999623e+21 3.731887900000000147e+21 1.842447499999999951e+21
1.199999999999999956e+00 6.971766300000000147e+21 3.912499800000000164e+21 1.805696700000000016e+21
1.201999999999999957e+00 6.296609099999999951e+21 4.069466500000000246e+21 1.812996099999999984e+21
1.203999999999999959e+00 6.128393699999999853e+21 4.260795700000000049e+21 1.872855600000000066e+21
1.205999999999999961e+00 6.249548600000000295e+21 4.467582999999999902e+21 1.977063800000000033e+21
1.207999999999999963e+00 6.818638800000000197e+21 4.688496499999999787e+21 2.217154499999999984e+21
1.209999999999999964e+00 6.951753099999999689e+21 5.026477599999999869e+21 2.588208799999999869e+21
1.211999999999999966e+00 5.922550499999999853e+21 5.224010700000000475e+21 2.267830700000000082e+21
1.213999999999999968e+00 5.714938099999999787e+21 5.532332499999999918e+21 2.583145600000000000e+21
1.215999999999999970e+00 7.068303100000000279e+21 6.300764299999999689e+21 3.808410799999999803e+21
1.217999999999999972e+00 4.820447300000000508e+21 6.452073800000000229e+21 2.568924800000000000e+21
1.219999999999999973e+00 7.873913499999999623e+21 6.812754400000000131e+21 3.365465200000000066e+21
1.221999999999999975e+00 8.190423100000000016e+21 7.302640500000000311e+21 3.601042000000000197e+21
1.223999999999999977e+00 5.010800800000000393e+21 7.675151199999999607e+21 3.132225899999999820e+21
1.225999999999999979e+00 4.900966899999999787e+21 8.228064999999999574e+21 3.307302700000000082e+21
1.227999999999999980e+00 1.100912700000000016e+22 9.478429100000000606e+21 6.493029400000000426e+21
1.229999999999999982e+00 1.367358699999999925e+22 1.022653300000000102e+22 6.567961499999999623e+21
1.231999999999999984e+00 3.398106099999999787e+21 1.128598699999999977e+22 4.025535299999999984e+21
1.233999999999999986e+00 1.860652300000000003e+22 1.570610700000000003e+22 1.451676500000000023e+22
