2.400000000000000050e-02 4.468549400000000267e+24 2.204469100000000113e+23 1.440226500000000034e+24
2.599999999999999881e-02 5.458465600000000317e+24 1.024775199999999953e+23 3.604275200000000000e+23
2.800000000000000058e-02 6.552998300000000143e+24 6.245730799999999856e+22 1.516949600000000026e+23
2.999999999999999889e-02 6.064005200000000301e+24 4.500186900000000285e+22 8.997438699999999715e+22
3.200000000000000067e-02 5.558586100000000299e+24 3.935267000000000190e+22 6.811182600000000282e+22
3.400000000000000244e-02 5.053216899999999961e+24 3.606913600000000157e+22 5.802798899999999735e+22
3.599999999999999728e-02 4.771981399999999862e+24 3.398273500000000200e+22 5.390502499999999957e+22
3.799999999999999906e-02 4.418523300000000148e+24 3.143921100000000056e+22 4.859810100000000154e+22
4.000000000000000083e-02 4.065676700000000043e+24 2.931169899999999820e+22 4.393724799999999685e+22
4.200000000000000261e-02 3.726565499999999998e+24 2.718691200000000105e+22 3.659654899999999997e+22
4.399999999999999745e-02 3.453207700000000054e+24 2.549742100000000075e+22 3.565264999999999889e+22
4.599999999999999922e-02 3.215973900000000062e+24 2.416621299999999997e+22 3.722501999999999961e+22
4.800000000000000100e-02 2.956422199999999842e+24 2.250068799999999948e+22 3.189172499999999866e+22
5.000000000000000278e-02 2.685293600000000087e+24 2.093625299999999918e+22 3.172261000000000177e+22
5.199999999999999761e-02 2.431169299999999815e+24 1.951175199999999869e+22 2.830885499999999964e+22
5.399999999999999939e-02 2.194020999999999959e+24 1.806410600000000098e+22 2.612868099999999931e+22
5.600000000000000117e-02 1.975888500000000085e+24 1.682236299999999898e+22 2.489705499999999938e+22
5.800000000000000294e-02 1.754176299999999973e+24 1.560817899999999925e+22 2.128854899999999892e+22
5.999999999999999778e-02 1.542414199999999890e+24 1.429312699999999912e+22 1.899941599999999921e+22
6.199999999999999956e-02 1.386888599999999960e+24 1.334599800000000033e+22 1.783774699999999925e+22
6.400000000000000133e-02 1.188830399999999952e+24 1.212102099999999918e+22 1.598705100000000056e+22
6.600000000000000311e-02 1.036176500000000001e+24 1.110624900000000036e+22 1.495148999999999915e+22
6.800000000000000488e-02 8.981193899999999474e+23 1.021395699999999997e+22 1.374037299999999944e+22
7.000000000000000666e-02 7.651766900000000018e+23 9.253813500000000279e+21 1.172258800000000066e+22
7.199999999999999456e-02 6.680267300000000052e+23 8.501795700000000311e+21 1.140549800000000046e+22
7.399999999999999634e-02 5.720352100000000167e+23 7.756813700000000246e+21 1.057883699999999944e+22
7.599999999999999811e-02 4.749235099999999791e+23 6.973606200000000295e+21 9.513520799999999345e+21
7.799999999999999989e-02 3.789171999999999911e+23 6.130193300000000180e+21 7.875984599999999640e+21
8.000000000000000167e-02 3.142226000000000301e+23 5.521528099999999590e+21 7.334617499999999623e+21
8.200000000000000344e-02 2.619678499999999842e+23 4.956103300000000246e+21 6.629019300000000115e+21
8.400000000000000522e-02 2.260514599999999857e+23 4.576102899999999787e+21 5.692276299999999951e+21
8.599999999999999312e-02 1.710594299999999943e+23 3.919506999999999771e+21 4.856172300000000213e+21
8.799999999999999489e-02 1.393886199999999970e+23 3.544440699999999754e+21 4.423435399999999967e+21
8.999999999999999667e-02 1.137019200000000031e+23 3.179399400000000098e+21 3.770003500000000082e+21
9.199999999999999845e-02 9.305538799999999227e+22 2.877853599999999869e+21 3.293805299999999787e+21
9.400000000000000022e-02 7.825436600000000400e+22 2.645837599999999869e+21 2.972703699999999918e+21
9.600000000000000200e-02 6.859094499999999643e+22 2.498888800000000131e+21 2.679761499999999885e+21
9.800000000000000377e-02 5.626199199999999764e+22 2.307630700000000082e+21 2.390350599999999967e+21
1.000000000000000056e-01 5.128285800000000308e+22 2.242134900000000049e+21 2.382302500000000115e+21
1.019999999999999934e-01 5.094623399999999626e+22 2.218354800000000066e+21 2.345241299999999918e+21
1.039999999999999952e-01 5.142603799999999587e+22 2.201873700000000115e+21 2.264329000000000098e+21
1.059999999999999970e-01 5.025961500000000357e+22 2.166645199999999934e+21 2.226324900000000115e+21
1.079999999999999988e-01 5.104210200000000216e+22 2.119850300000000016e+21 2.147014000000000066e+21
1.100000000000000006e-01 5.450776699999999964e+22 2.163173100000000082e+21 2.275079600000000066e+21
1.120000000000000023e-01 5.415905699999999905e+22 2.144405899999999951e+21 2.333422500000000115e+21
1.140000000000000041e-01 6.135972600000000347e+22 2.219480399999999934e+21 2.409779999999999869e+21
1.160000000000000059e-01 6.414721699999999695e+22 2.224192000000000000e+21 2.406485600000000131e+21
1.179999999999999938e-01 6.304291599999999934e+22 2.177702500000000115e+21 2.297390000000000066e+21
1.199999999999999956e-01 6.926418799999999961e+22 2.248225600000000000e+21 2.420997200000000197e+21
1.219999999999999973e-01 6.966144900000000036e+22 2.226118299999999885e+21 2.451278900000000049e+21
1.239999999999999991e-01 7.088663499999999636e+22 2.226934999999999902e+21 2.480184000000000262e+21
1.260000000000000009e-01 7.053902299999999780e+22 2.184545600000000000e+21 2.406845000000000229e+21
1.280000000000000027e-01 7.260362800000000013e+22 2.209441000000000098e+21 2.374434999999999771e+21
1.300000000000000044e-01 6.736693999999999646e+22 2.110204900000000115e+21 2.230675399999999967e+21
1.320000000000000062e-01 6.801262000000000118e+22 2.119225799999999967e+21 2.269393099999999951e+21
1.340000000000000080e-01 6.508998000000000380e+22 2.074049799999999967e+21 2.194729600000000000e+21
1.360000000000000098e-01 6.016432499999999892e+22 1.995379900000000016e+21 2.057547300000000115e+21
1.380000000000000115e-01 6.066580899999999905e+22 1.994854400000000000e+21 2.082694999999999902e+21
1.400000000000000133e-01 5.834724099999999721e+22 1.990972400000000066e+21 2.151248799999999869e+21
1.419999999999999873e-01 5.139369399999999980e+22 1.911915799999999902e+21 1.954647400000000098e+21
1.439999999999999891e-01 4.772041700000000062e+22 1.886276800000000000e+21 1.884980699999999885e+21
1.459999999999999909e-01 4.588102499999999748e+22 1.864911100000000016e+21 1.814663899999999885e+21
1.479999999999999927e-01 4.141538500000000403e+22 1.812310999999999902e+21 1.763975800000000033e+21
1.499999999999999944e-01 3.525787799999999902e+22 1.741695200000000131e+21 1.625733500000000016e+21
1.519999999999999962e-01 3.358954799999999803e+22 1.743212600000000033e+21 1.672194300000000016e+21
1.539999999999999980e-01 3.386307399999999810e+22 1.728382999999999902e+21 1.582670599999999967e+21
1.559999999999999998e-01 3.163000900000000088e+22 1.704806099999999918e+21 1.526650499999999984e+21
1.580000000000000016e-01 2.866208499999999997e+22 1.670881200000000066e+21 1.453163000000000033e+21
1.600000000000000033e-01 2.666270699999999925e+22 1.641486099999999918e+21 1.373184500000000049e+21
1.620000000000000051e-01 2.526022800000000039e+22 1.633524699999999885e+21 1.382144399999999934e+21
1.640000000000000069e-01 2.527062799999999934e+22 1.636216300000000082e+21 1.398833799999999967e+21
1.660000000000000087e-01 2.306360599999999797e+22 1.605200300000000082e+21 1.313004999999999967e+21
1.680000000000000104e-01 2.132017200000000013e+22 1.560895200000000131e+21 1.227402499999999984e+21
1.700000000000000122e-01 2.250918900000000206e+22 1.551227399999999967e+21 1.234524999999999967e+21
1.719999999999999862e-01 2.183702699999999977e+22 1.526877300000000049e+21 1.192988600000000033e+21
1.739999999999999880e-01 2.155783099999999912e+22 1.509496899999999984e+21 1.228513099999999951e+21
1.759999999999999898e-01 2.196605000000000020e+22 1.490203799999999902e+21 1.224419399999999967e+21
1.779999999999999916e-01 2.266080100000000167e+22 1.479703100000000016e+21 1.187564499999999918e+21
1.799999999999999933e-01 2.443374000000000118e+22 1.492582500000000115e+21 1.252105200000000066e+21
1.819999999999999951e-01 2.291255199999999974e+22 1.458775100000000016e+21 1.179338900000000049e+21
1.839999999999999969e-01 2.332716699999999833e+22 1.448808500000000049e+21 1.137048299999999951e+21
1.859999999999999987e-01 2.529340900000000062e+22 1.452997100000000082e+21 1.160967800000000033e+21
1.880000000000000004e-01 2.494877500000000016e+22 1.442414400000000000e+21 1.196879899999999885e+21
1.900000000000000022e-01 2.461424499999999892e+22 1.444894500000000115e+21 1.226438299999999885e+21
1.920000000000000040e-01 2.452923499999999820e+22 1.449187999999999869e+21 1.204107200000000000e+21
1.940000000000000058e-01 2.403910899999999997e+22 1.449820600000000033e+21 1.224836200000000098e+21
1.960000000000000075e-01 2.431448600000000007e+22 1.465528100000000115e+21 1.245435799999999902e+21
1.980000000000000093e-01 2.319752299999999820e+22 1.454276600000000033e+21 1.187193499999999885e+21
2.000000000000000111e-01 2.324993099999999951e+22 1.451041400000000033e+21 1.197184399999999934e+21
2.020000000000000129e-01 2.336665200000000170e+22 1.448684000000000131e+21 1.204848399999999934e+21
2.039999999999999869e-01 2.458383099999999859e+22 1.458604000000000131e+21 1.215288899999999984e+21
2.059999999999999887e-01 2.418876199999999941e+22 1.456233499999999885e+21 1.211157300000000049e+21
2.079999999999999905e-01 2.127819199999999843e+22 1.420347599999999934e+21 1.105642800000000066e+21
2.099999999999999922e-01 2.094386399999999921e+22 1.424188299999999951e+21 1.101271000000000033e+21
2.119999999999999940e-01 1.957689900000000082e+22 1.410432199999999967e+21 1.093658200000000033e+21
2.139999999999999958e-01 2.064536500000000049e+22 1.411608000000000000e+21 1.078005199999999934e+21
2.159999999999999976e-01 1.914909400000000059e+22 1.397332499999999918e+21 1.045237500000000016e+21
2.179999999999999993e-01 1.974841100000000003e+22 1.399601299999999918e+21 1.072332299999999951e+21
2.200000000000000011e-01 2.010796599999999875e+22 1.385630999999999902e+21 1.075375200000000000e+21
2.220000000000000029e-01 1.917994300000000016e+22 1.352048599999999902e+21 1.016715100000000016e+21
2.240000000000000047e-01 1.773618799999999961e+22 1.328719899999999885e+21 9.671912800000000655e+20
2.260000000000000064e-01 1.805586899999999918e+22 1.315429800000000098e+21 9.570255200000000655e+20
2.280000000000000082e-01 1.821509900000000003e+22 1.312661399999999902e+21 1.007708400000000066e+21
2.300000000000000100e-01 1.725219800000000059e+22 1.288574299999999885e+21 9.507407200000000655e+20
2.320000000000000118e-01 1.711230099999999971e+22 1.284761099999999951e+21 9.496814300000000410e+20
2.340000000000000135e-01 1.652221300000000102e+22 1.263270900000000049e+21 9.037771800000000164e+20
2.359999999999999876e-01 1.752683100000000095e+22 1.267813199999999934e+21 9.399068000000000655e+20
2.379999999999999893e-01 1.738771100000000043e+22 1.256449799999999967e+21 9.312328500000000573e+20
2.399999999999999911e-01 1.908872099999999905e+22 1.260612999999999967e+21 9.586667400000000492e+20
2.419999999999999929e-01 1.885939200000000000e+22 1.258167299999999984e+21 9.763457299999999918e+20
2.439999999999999947e-01 1.808783100000000069e+22 1.240026300000000016e+21 9.455102900000000573e+20
2.459999999999999964e-01 1.854790599999999915e+22 1.226677100000000082e+21 8.889839200000000655e+20
2.479999999999999982e-01 1.664999700000000075e+22 1.219715599999999934e+21 8.803804100000000246e+20
2.500000000000000000e-01 1.676985500000000043e+22 1.210005800000000098e+21 8.722081500000000410e+20
2.520000000000000018e-01 1.784269999999999908e+22 1.204926999999999902e+21 8.713581100000000082e+20
2.540000000000000036e-01 1.854087399999999993e+22 1.209053199999999934e+21 9.022930100000000573e+20
2.560000000000000053e-01 1.783258400000000079e+22 1.197891200000000000e+21 8.971092899999999590e+20
2.580000000000000071e-01 1.702076900000000062e+22 1.186967699999999918e+21 8.729133000000000492e+20
2.600000000000000089e-01 1.921007800000000190e+22 1.207215299999999984e+21 9.340598099999999918e+20
2.620000000000000107e-01 1.866959600000000066e+22 1.179935700000000049e+21 8.961033699999999590e+20
2.640000000000000124e-01 1.930594699999999898e+22 1.190549500000000016e+21 9.368885400000000164e+20
2.660000000000000142e-01 1.846190899999999944e+22 1.178735399999999967e+21 9.130762200000000164e+20
2.680000000000000160e-01 1.699940499999999971e+22 1.153834200000000033e+21 8.471726199999999508e+20
2.700000000000000178e-01 1.789013399999999902e+22 1.158308299999999951e+21 8.443898999999999508e+20
2.720000000000000195e-01 1.706715900000000069e+22 1.141664999999999967e+21 7.996955200000000000e+20
2.740000000000000213e-01 1.748997400000000007e+22 1.144130100000000049e+21 8.424697800000000492e+20
2.760000000000000231e-01 1.861875500000000082e+22 1.148020999999999967e+21 8.630079000000000164e+20
2.780000000000000249e-01 1.630122499999999931e+22 1.124612199999999967e+21 7.987681800000000492e+20
2.800000000000000266e-01 1.603051499999999925e+22 1.121029500000000016e+21 7.908215000000000164e+20
2.819999999999999729e-01 1.720742899999999997e+22 1.125857699999999984e+21 8.062554500000000246e+20
2.839999999999999747e-01 1.644184799999999921e+22 1.114364199999999967e+21 8.051102700000000082e+20
2.859999999999999765e-01 1.703398200000000085e+22 1.116463100000000016e+21 8.293824900000000246e+20
2.879999999999999782e-01 1.679925699999999984e+22 1.107466300000000016e+21 8.019174499999999590e+20
2.899999999999999800e-01 1.678617100000000003e+22 1.100226300000000016e+21 7.878818200000000164e+20
2.919999999999999818e-01 1.510775000000000059e+22 1.085296600000000033e+21 7.511225900000000082e+20
2.939999999999999836e-01 1.526143199999999921e+22 1.088473799999999967e+21 7.740466599999999836e+20
2.959999999999999853e-01 1.618673899999999925e+22 1.088583700000000049e+21 7.853380700000000410e+20
2.979999999999999871e-01 1.586478899999999944e+22 1.082832399999999934e+21 7.745230400000000000e+20
2.999999999999999889e-01 1.553488799999999974e+22 1.075760399999999934e+21 7.541321200000000328e+20
3.019999999999999907e-01 1.573868899999999957e+22 1.069746300000000016e+21 7.570932299999999427e+20
3.039999999999999925e-01 1.698893100000000082e+22 1.070768700000000016e+21 7.710915299999999590e+20
3.059999999999999942e-01 1.725749899999999898e+22 1.072475299999999984e+21 7.782537999999999672e+20
3.079999999999999960e-01 1.644092199999999941e+22 1.062491200000000000e+21 7.560602299999999754e+20
3.099999999999999978e-01 1.775183600000000066e+22 1.068221699999999984e+21 7.832938599999999836e+20
3.119999999999999996e-01 1.679780499999999971e+22 1.053447100000000016e+21 7.631055200000000655e+20
3.140000000000000013e-01 1.680638300000000095e+22 1.053043399999999967e+21 7.633293300000000573e+20
3.160000000000000031e-01 1.622793099999999898e+22 1.049411700000000049e+21 7.582612700000000410e+20
3.180000000000000049e-01 1.656668799999999895e+22 1.045853300000000049e+21 7.559720900000000246e+20
3.200000000000000067e-01 1.655323699999999944e+22 1.036061099999999951e+21 7.253711200000000655e+20
3.220000000000000084e-01 1.681617600000000052e+22 1.043266200000000033e+21 7.586552900000000246e+20
3.240000000000000102e-01 1.630566999999999954e+22 1.031967100000000016e+21 7.426899200000000000e+20
3.260000000000000120e-01 1.659728600000000059e+22 1.031939499999999951e+21 7.587179700000000573e+20
3.280000000000000138e-01 1.584928199999999915e+22 1.028511399999999967e+21 7.488308700000000410e+20
3.300000000000000155e-01 1.513465299999999918e+22 1.014321600000000000e+21 7.026767000000000164e+20
3.320000000000000173e-01 1.526832399999999934e+22 1.011219200000000000e+21 7.003804700000000410e+20
3.340000000000000191e-01 1.607224299999999925e+22 1.015428299999999951e+21 7.164372599999999508e+20
3.360000000000000209e-01 1.676377600000000000e+22 1.014414100000000049e+21 7.344994699999999427e+20
3.380000000000000226e-01 1.595873800000000072e+22 1.006212600000000033e+21 7.279177600000000000e+20
3.400000000000000244e-01 1.696357300000000049e+22 1.010121099999999951e+21 7.296970100000000573e+20
3.420000000000000262e-01 1.662815500000000003e+22 1.000289899999999951e+21 7.027607300000000246e+20
3.439999999999999725e-01 1.613894300000000043e+22 9.952184900000000246e+20 6.943996199999999836e+20
3.459999999999999742e-01 1.602280800000000026e+22 9.937098999999999508e+20 7.041772000000000655e+20
3.479999999999999760e-01 1.586381200000000039e+22 9.884940000000000655e+20 7.059644899999999590e+20
3.499999999999999778e-01 1.686293100000000029e+22 9.955615499999999427e+20 7.174828100000000246e+20
3.519999999999999796e-01 1.582464499999999997e+22 9.812003200000000000e+20 6.809450500000000246e+20
3.539999999999999813e-01 1.642790499999999957e+22 9.839671499999999427e+20 7.076048799999999345e+20
3.559999999999999831e-01 1.479254299999999938e+22 9.692202999999999508e+20 6.581808799999999345e+20
3.579999999999999849e-01 1.468165700000000088e+22 9.689440399999999672e+20 6.631366700000000082e+20
3.599999999999999867e-01 1.499897199999999961e+22 9.675658299999999754e+20 6.804212400000000328e+20
3.619999999999999885e-01 1.557780699999999990e+22 9.661546599999999836e+20 6.710458299999999754e+20
3.639999999999999902e-01 1.516187500000000029e+22 9.615567799999999508e+20 6.679777299999999918e+20
3.659999999999999920e-01 1.593292100000000088e+22 9.655221000000000492e+20 6.882242999999999508e+20
3.679999999999999938e-01 1.572504299999999925e+22 9.573080500000000573e+20 6.756030300000000410e+20
3.699999999999999956e-01 1.631057000000000098e+22 9.579164700000000410e+20 6.802427500000000082e+20
3.719999999999999973e-01 1.596703400000000046e+22 9.534855699999999918e+20 6.815586599999999836e+20
3.739999999999999991e-01 1.607975200000000079e+22 9.546451200000000000e+20 6.897289099999999427e+20
3.760000000000000009e-01 1.585883900000000069e+22 9.481085799999999836e+20 6.700671799999999508e+20
3.780000000000000027e-01 1.599637600000000026e+22 9.473746899999999918e+20 6.848231099999999754e+20
3.800000000000000044e-01 1.582972599999999980e+22 9.434244800000000000e+20 6.710309100000000082e+20
3.820000000000000062e-01 1.549568800000000079e+22 9.405856500000000573e+20 6.672502700000000082e+20
3.840000000000000080e-01 1.512021600000000026e+22 9.356039099999999754e+20 6.594849299999999918e+20
3.860000000000000098e-01 1.561444999999999967e+22 9.368883400000000492e+20 6.694601800000000492e+20
3.880000000000000115e-01 1.493629300000000102e+22 9.266068199999999836e+20 6.519130899999999918e+20
3.900000000000000133e-01 1.671871199999999921e+22 9.394413100000000082e+20 6.889915400000000492e+20
3.920000000000000151e-01 1.587651400000000020e+22 9.259814300000000410e+20 6.547196000000000655e+20
3.940000000000000169e-01 1.519310299999999990e+22 9.193778999999999508e+20 6.338402899999999918e+20
3.960000000000000187e-01 1.481812199999999993e+22 9.175749100000000082e+20 6.238972199999999836e+20
3.980000000000000204e-01 1.478595999999999974e+22 9.109108499999999918e+20 6.076811100000000410e+20
4.000000000000000222e-01 1.626346300000000016e+22 9.191231300000000246e+20 6.523996700000000410e+20
4.020000000000000240e-01 1.589182599999999967e+22 9.135095300000000246e+20 6.520824699999999754e+20
4.040000000000000258e-01 1.558675100000000043e+22 9.115423200000000655e+20 6.521888099999999590e+20
4.060000000000000275e-01 1.500697400000000085e+22 9.046982400000000000e+20 6.203731599999999672e+20
4.079999999999999738e-01 1.445465199999999961e+22 9.038215199999999345e+20 6.193321099999999427e+20
4.099999999999999756e-01 1.505572900000000010e+22 8.972688000000000000e+20 6.123661499999999754e+20
4.119999999999999774e-01 1.512935099999999912e+22 8.971026200000000164e+20 6.151411599999999672e+20
4.139999999999999791e-01 1.549064200000000072e+22 9.000473999999999672e+20 6.251874899999999918e+20
4.159999999999999809e-01 1.549946599999999993e+22 8.950336799999999345e+20 6.298989100000000082e+20
4.179999999999999827e-01 1.459726100000000075e+22 8.878585099999999427e+20 6.090658999999999508e+20
4.199999999999999845e-01 1.577525600000000026e+22 8.952445000000000492e+20 6.236032600000000164e+20
4.219999999999999862e-01 1.489256700000000069e+22 8.830378500000000246e+20 5.946020100000000246e+20
4.239999999999999880e-01 1.520848299999999977e+22 8.847627500000000082e+20 6.038522999999999508e+20
4.259999999999999898e-01 1.539996599999999980e+22 8.852697399999999508e+20 6.251881200000000328e+20
4.279999999999999916e-01 1.556124599999999980e+22 8.831030900000000573e+20 6.224355200000000000e+20
4.299999999999999933e-01 1.501712100000000062e+22 8.764032200000000492e+20 5.921777999999999672e+20
4.319999999999999951e-01 1.513101499999999912e+22 8.764774799999999672e+20 6.045129099999999427e+20
4.339999999999999969e-01 1.442864100000000062e+22 8.678372800000000000e+20 5.800960900000000246e+20
4.359999999999999987e-01 1.515008300000000082e+22 8.738168000000000000e+20 6.037360500000000573e+20
4.380000000000000004e-01 1.483145600000000105e+22 8.707241800000000492e+20 6.142263799999999508e+20
4.400000000000000022e-01 1.581270400000000105e+22 8.724703699999999918e+20 6.189454000000000328e+20
4.420000000000000040e-01 1.568167399999999993e+22 8.671212499999999918e+20 6.059070099999999918e+20
4.440000000000000058e-01 1.516329899999999977e+22 8.634607300000000246e+20 5.952286300000000410e+20
4.460000000000000075e-01 1.502428699999999938e+22 8.595153200000000328e+20 5.867422500000000246e+20
4.480000000000000093e-01 1.496047100000000069e+22 8.598422900000000573e+20 5.994459700000000573e+20
4.500000000000000111e-01 1.545742799999999987e+22 8.601960399999999672e+20 6.051627800000000164e+20
4.520000000000000129e-01 1.503048599999999902e+22 8.550203599999999672e+20 5.919273999999999672e+20
4.540000000000000147e-01 1.506249999999999934e+22 8.532440500000000573e+20 5.927848500000000573e+20
4.560000000000000164e-01 1.489688799999999921e+22 8.503005499999999754e+20 5.850720000000000000e+20
4.580000000000000182e-01 1.482241599999999948e+22 8.475095900000000410e+20 5.786239000000000164e+20
4.600000000000000200e-01 1.529186099999999944e+22 8.492207600000000328e+20 5.891097100000000082e+20
4.620000000000000218e-01 1.573413700000000088e+22 8.470380199999999836e+20 5.927952500000000573e+20
4.640000000000000235e-01 1.590773899999999898e+22 8.482234699999999427e+20 6.086861000000000492e+20
4.660000000000000253e-01 1.466328799999999921e+22 8.397506299999999754e+20 5.755532100000000246e+20
4.680000000000000271e-01 1.359751800000000033e+22 8.304782700000000082e+20 5.443747200000000000e+20
4.699999999999999734e-01 1.490760800000000026e+22 8.368259599999999672e+20 5.728277799999999836e+20
4.719999999999999751e-01 1.519127900000000095e+22 8.353099100000000410e+20 5.792755800000000164e+20
4.739999999999999769e-01 1.501784600000000007e+22 8.324365499999999754e+20 5.680661799999999836e+20
4.759999999999999787e-01 1.479130500000000036e+22 8.301053899999999427e+20 5.630644800000000000e+20
4.779999999999999805e-01 1.572172700000000043e+22 8.333681099999999427e+20 5.891408600000000164e+20
4.799999999999999822e-01 1.514518400000000105e+22 8.289179800000000164e+20 5.841737400000000164e+20
4.819999999999999840e-01 1.572443400000000072e+22 8.323394299999999754e+20 5.850455600000000328e+20
4.839999999999999858e-01 1.572291900000000016e+22 8.269297800000000492e+20 5.788415399999999836e+20
4.859999999999999876e-01 1.494436700000000095e+22 8.199352699999999754e+20 5.604788000000000000e+20
4.879999999999999893e-01 1.553622799999999934e+22 8.267672300000000082e+20 5.830304300000000082e+20
4.899999999999999911e-01 1.504115399999999915e+22 8.181438000000000328e+20 5.723933400000000164e+20
4.919999999999999929e-01 1.479945099999999898e+22 8.164977800000000492e+20 5.663607000000000164e+20
4.939999999999999947e-01 1.475100199999999941e+22 8.143753200000000328e+20 5.616331000000000164e+20
4.959999999999999964e-01 1.489033300000000023e+22 8.121029700000000246e+20 5.564152300000000082e+20
4.979999999999999982e-01 1.482922700000000056e+22 8.171415099999999754e+20 5.584313900000000082e+20
5.000000000000000000e-01 1.459961699999999957e+22 8.221949599999999345e+20 5.608912600000000164e+20
5.020000000000000018e-01 1.505499699999999944e+22 8.271443299999999590e+20 5.742672600000000164e+20
5.040000000000000036e-01 1.545253800000000046e+22 8.304573700000000246e+20 5.749122700000000082e+20
5.060000000000000053e-01 1.473043399999999915e+22 8.285364700000000410e+20 5.621341400000000164e+20
5.080000000000000071e-01 1.476904200000000072e+22 8.273355200000000000e+20 5.567629499999999754e+20
5.100000000000000089e-01 1.596466500000000088e+22 8.346311600000000328e+20 5.766973100000000082e+20
5.120000000000000107e-01 1.499069800000000098e+22 8.283555700000000573e+20 5.575345100000000082e+20
5.140000000000000124e-01 1.430945699999999905e+22 8.276832900000000246e+20 5.488271099999999754e+20
5.160000000000000142e-01 1.425725199999999934e+22 8.290091200000000000e+20 5.552506299999999754e+20
5.180000000000000160e-01 1.414551299999999931e+22 8.302372400000000328e+20 5.609675300000000246e+20
5.200000000000000178e-01 1.498348600000000085e+22 8.360108400000000328e+20 5.765704100000000246e+20
5.220000000000000195e-01 1.449296200000000020e+22 8.304316700000000410e+20 5.682401600000000000e+20
5.240000000000000213e-01 1.552735199999999921e+22 8.375717199999999672e+20 5.884770599999999836e+20
5.260000000000000231e-01 1.546664300000000029e+22 8.326562999999999508e+20 5.759043099999999754e+20
5.280000000000000249e-01 1.471496899999999984e+22 8.215207199999999345e+20 5.593791399999999836e+20
5.300000000000000266e-01 1.516232999999999941e+22 8.199188800000000000e+20 5.688401400000000164e+20
5.320000000000000284e-01 1.444679999999999948e+22 8.105642699999999427e+20 5.497158000000000328e+20
5.340000000000000302e-01 1.511012200000000098e+22 8.093076499999999918e+20 5.523039399999999836e+20
5.360000000000000320e-01 1.480698500000000036e+22 8.075818699999999427e+20 5.582841400000000164e+20
5.380000000000000338e-01 1.436717200000000039e+22 8.033915500000000082e+20 5.567188999999999836e+20
5.400000000000000355e-01 1.549739800000000007e+22 8.032157599999999345e+20 5.590860100000000246e+20
5.420000000000000373e-01 1.527368300000000029e+22 7.994103399999999836e+20 5.489263899999999754e+20
5.440000000000000391e-01 1.465945000000000046e+22 7.934911099999999754e+20 5.370152199999999836e+20
5.460000000000000409e-01 1.592928300000000082e+22 7.979238700000000082e+20 5.626274899999999918e+20
5.480000000000000426e-01 1.555380500000000075e+22 7.964203400000000492e+20 5.568862599999999836e+20
5.500000000000000444e-01 1.400497600000000052e+22 7.940392399999999672e+20 5.346652300000000082e+20
5.520000000000000462e-01 1.459735000000000059e+22 7.996505900000000082e+20 5.436561799999999836e+20
5.540000000000000480e-01 1.443628800000000000e+22 8.027053899999999427e+20 5.580215800000000164e+20
5.560000000000000497e-01 1.452935800000000033e+22 8.058062000000000328e+20 5.578506400000000000e+20
5.580000000000000515e-01 1.424608000000000000e+22 8.034144600000000164e+20 5.465499000000000164e+20
5.600000000000000533e-01 1.484062800000000092e+22 8.071988299999999427e+20 5.584592499999999918e+20
5.620000000000000551e-01 1.475757899999999951e+22 8.079223199999999345e+20 5.560679000000000164e+20
5.639999999999999458e-01 1.482153700000000062e+22 8.077566300000000410e+20 5.521696900000000246e+20
5.659999999999999476e-01 1.475640500000000049e+22 8.080405799999999836e+20 5.564593299999999918e+20
5.679999999999999494e-01 1.454385799999999967e+22 8.070884700000000410e+20 5.477259300000000246e+20
5.699999999999999512e-01 1.415031199999999974e+22 8.045140700000000410e+20 5.389082700000000082e+20
5.719999999999999529e-01 1.431507200000000000e+22 8.071741100000000082e+20 5.481934799999999672e+20
5.739999999999999547e-01 1.441279599999999961e+22 8.060509599999999345e+20 5.447412699999999754e+20
5.759999999999999565e-01 1.445605999999999961e+22 8.059247000000000164e+20 5.448246599999999836e+20
5.779999999999999583e-01 1.414383399999999941e+22 7.970855099999999754e+20 5.248321700000000246e+20
5.799999999999999600e-01 1.500381599999999974e+22 7.974597600000000655e+20 5.532676800000000000e+20
5.819999999999999618e-01 1.498507499999999925e+22 7.911120200000000492e+20 5.488171000000000164e+20
5.839999999999999636e-01 1.438896700000000016e+22 7.840281399999999508e+20 5.353627200000000000e+20
5.859999999999999654e-01 1.492970499999999931e+22 7.864229700000000246e+20 5.502007099999999754e+20
5.879999999999999671e-01 1.492292800000000052e+22 7.792726199999999508e+20 5.338522700000000082e+20
5.899999999999999689e-01 1.447307999999999921e+22 7.755211100000000410e+20 5.286836999999999836e+20
5.919999999999999707e-01 1.496395999999999921e+22 7.752944500000000573e+20 5.289593100000000082e+20
5.939999999999999725e-01 1.411520000000000000e+22 7.693511799999999508e+20 5.264648100000000246e+20
5.959999999999999742e-01 1.433065300000000023e+22 7.690380400000000328e+20 5.317805799999999836e+20
5.979999999999999760e-01 1.462734200000000033e+22 7.667888900000000246e+20 5.263072600000000164e+20
5.999999999999999778e-01 1.493049299999999918e+22 7.672258800000000328e+20 5.257542200000000164e+20
6.019999999999999796e-01 1.462050199999999902e+22 7.602879699999999918e+20 5.092006000000000328e+20
6.039999999999999813e-01 1.488268600000000085e+22 7.629582199999999508e+20 5.248625900000000082e+20
6.059999999999999831e-01 1.435942300000000043e+22 7.578343300000000246e+20 5.106302700000000082e+20
6.079999999999999849e-01 1.477770100000000102e+22 7.579422400000000000e+20 5.205283599999999672e+20
6.099999999999999867e-01 1.497391600000000066e+22 7.565694199999999508e+20 5.209963000000000164e+20
6.119999999999999885e-01 1.440953699999999957e+22 7.552533600000000655e+20 5.198930599999999836e+20
6.139999999999999902e-01 1.384608599999999954e+22 7.486026899999999918e+20 5.074316999999999836e+20
6.159999999999999920e-01 1.416737800000000072e+22 7.489840000000000000e+20 5.100759000000000164e+20
6.179999999999999938e-01 1.417029900000000003e+22 7.461607199999999345e+20 5.052999300000000246e+20
6.199999999999999956e-01 1.489254499999999957e+22 7.486707700000000573e+20 5.129322400000000000e+20
6.219999999999999973e-01 1.407480699999999964e+22 7.431763599999999672e+20 5.065177999999999672e+20
6.239999999999999991e-01 1.457664199999999915e+22 7.446268199999999836e+20 5.178349100000000082e+20
6.260000000000000009e-01 1.455569600000000052e+22 7.420514899999999918e+20 5.085246899999999918e+20
6.280000000000000027e-01 1.419097400000000085e+22 7.387808200000000492e+20 4.986723099999999754e+20
6.300000000000000044e-01 1.409021900000000056e+22 7.362498699999999427e+20 4.987835099999999754e+20
6.320000000000000062e-01 1.520847999999999895e+22 7.409232799999999345e+20 5.197473799999999836e+20
6.340000000000000080e-01 1.542862999999999902e+22 7.417073999999999672e+20 5.220139000000000164e+20
6.360000000000000098e-01 1.547089799999999967e+22 7.375546100000000573e+20 5.180773199999999672e+20
6.380000000000000115e-01 1.486873400000000085e+22 7.339532899999999590e+20 5.077145700000000246e+20
6.400000000000000133e-01 1.431445500000000069e+22 7.299110099999999918e+20 4.891014799999999672e+20
6.420000000000000151e-01 1.446272000000000000e+22 7.291381799999999836e+20 4.980016499999999918e+20
6.440000000000000169e-01 1.433895300000000036e+22 7.258634399999999345e+20 4.873704499999999918e+20
6.460000000000000187e-01 1.432831500000000003e+22 7.253737699999999590e+20 4.882132300000000082e+20
6.480000000000000204e-01 1.443882100000000102e+22 7.235011299999999590e+20 4.877752100000000246e+20
6.500000000000000222e-01 1.448950199999999980e+22 7.234408500000000573e+20 4.908865200000000328e+20
6.520000000000000240e-01 1.484622399999999948e+22 7.229581400000000164e+20 4.860058200000000164e+20
6.540000000000000258e-01 1.469434199999999954e+22 7.215744399999999672e+20 4.944351600000000328e+20
6.560000000000000275e-01 1.470939699999999944e+22 7.202226100000000573e+20 4.953804999999999836e+20
6.580000000000000293e-01 1.480272700000000016e+22 7.203679000000000164e+20 4.954341100000000082e+20
6.600000000000000311e-01 1.507487000000000007e+22 7.196336200000000492e+20 4.954290099999999918e+20
6.620000000000000329e-01 1.535670000000000066e+22 7.195696999999999836e+20 4.978300199999999836e+20
6.640000000000000346e-01 1.489303100000000016e+22 7.147006300000000410e+20 4.883255600000000328e+20
6.660000000000000364e-01 1.517954699999999898e+22 7.151921200000000328e+20 4.925450500000000246e+20
6.680000000000000382e-01 1.466344599999999902e+22 7.118055900000000410e+20 4.865378200000000164e+20
6.700000000000000400e-01 1.421253099999999925e+22 7.082593099999999427e+20 4.771545100000000082e+20
6.720000000000000417e-01 1.450500400000000013e+22 7.090694700000000082e+20 4.827029299999999918e+20
6.740000000000000435e-01 1.475307899999999964e+22 7.089918199999999508e+20 4.872399800000000164e+20
6.760000000000000453e-01 1.482170199999999954e+22 7.092616500000000573e+20 4.910157700000000246e+20
6.780000000000000471e-01 1.461133499999999912e+22 7.071752999999999836e+20 4.881423000000000164e+20
6.800000000000000488e-01 1.418411200000000052e+22 7.024329699999999590e+20 4.708577900000000082e+20
6.820000000000000506e-01 1.413582100000000075e+22 7.018672799999999345e+20 4.732834700000000082e+20
6.840000000000000524e-01 1.492424099999999905e+22 7.043150799999999672e+20 4.879383500000000082e+20
6.860000000000000542e-01 1.497958400000000000e+22 7.033506500000000246e+20 4.897982400000000000e+20
6.879999999999999449e-01 1.399067799999999902e+22 6.969479300000000246e+20 4.680469600000000000e+20
6.899999999999999467e-01 1.387472299999999977e+22 6.958213000000000492e+20 4.651646200000000164e+20
6.919999999999999485e-01 1.453744799999999974e+22 6.981576099999999590e+20 4.828619500000000082e+20
6.939999999999999503e-01 1.549261700000000036e+22 7.012249600000000000e+20 4.897422200000000164e+20
6.959999999999999520e-01 1.460863199999999921e+22 6.949426599999999836e+20 4.741176199999999836e+20
6.979999999999999538e-01 1.431343299999999984e+22 6.914285000000000492e+20 4.667675399999999836e+20
6.999999999999999556e-01 1.452258300000000069e+22 6.934454499999999590e+20 4.724825799999999836e+20
7.019999999999999574e-01 1.413271299999999931e+22 6.897448999999999836e+20 4.638265799999999836e+20
7.039999999999999591e-01 1.460234800000000013e+22 6.896765300000000573e+20 4.672434200000000164e+20
7.059999999999999609e-01 1.422315100000000095e+22 6.873037700000000246e+20 4.643825200000000328e+20
7.079999999999999627e-01 1.470743100000000016e+22 6.910444400000000328e+20 4.776812100000000246e+20
7.099999999999999645e-01 1.433454399999999948e+22 6.868986200000000164e+20 4.678470799999999672e+20
7.119999999999999662e-01 1.404421400000000007e+22 6.833521399999999508e+20 4.603876199999999836e+20
7.139999999999999680e-01 1.451308899999999957e+22 6.851608699999999754e+20 4.635697100000000082e+20
7.159999999999999698e-01 1.458938099999999997e+22 6.822387500000000082e+20 4.641432000000000000e+20
7.179999999999999716e-01 1.461317800000000046e+22 6.847925000000000492e+20 4.782205700000000246e+20
7.199999999999999734e-01 1.421929599999999895e+22 6.799555100000000410e+20 4.528634099999999918e+20
7.219999999999999751e-01 1.449692299999999898e+22 6.806735000000000164e+20 4.595993299999999918e+20
7.239999999999999769e-01 1.415225500000000043e+22 6.769591799999999508e+20 4.539968699999999754e+20
7.259999999999999787e-01 1.416874200000000059e+22 6.780230700000000082e+20 4.601155899999999754e+20
7.279999999999999805e-01 1.393338299999999912e+22 6.735872200000000492e+20 4.501803599999999672e+20
7.299999999999999822e-01 1.442530499999999984e+22 6.763107800000000164e+20 4.624854500000000246e+20
7.319999999999999840e-01 1.489537900000000029e+22 6.792414799999999672e+20 4.724433799999999836e+20
7.339999999999999858e-01 1.502207800000000085e+22 6.764697999999999672e+20 4.676271899999999754e+20
7.359999999999999876e-01 1.500191500000000003e+22 6.746479300000000246e+20 4.645123000000000164e+20
7.379999999999999893e-01 1.419809499999999990e+22 6.709662199999999508e+20 4.518568999999999836e+20
7.399999999999999911e-01 1.428660600000000033e+22 6.691897699999999590e+20 4.475592699999999754e+20
7.419999999999999929e-01 1.462827800000000007e+22 6.713976099999999590e+20 4.595432199999999836e+20
7.439999999999999947e-01 1.428392099999999905e+22 6.673594100000000573e+20 4.496729400000000164e+20
7.459999999999999964e-01 1.455857799999999967e+22 6.675199000000000164e+20 4.561352100000000246e+20
7.479999999999999982e-01 1.464438000000000066e+22 6.681408300000000082e+20 4.577216900000000246e+20
7.500000000000000000e-01 1.418041199999999961e+22 6.638201900000000082e+20 4.456572000000000000e+20
7.520000000000000018e-01 1.407802699999999951e+22 6.629447399999999836e+20 4.465487300000000246e+20
7.540000000000000036e-01 1.437943100000000016e+22 6.642378500000000246e+20 4.553119500000000082e+20
7.560000000000000053e-01 1.499282700000000003e+22 6.672025399999999508e+20 4.719676000000000000e+20
7.580000000000000071e-01 1.449194200000000059e+22 6.626856099999999590e+20 4.537628999999999836e+20
7.600000000000000089e-01 1.441302299999999938e+22 6.612576099999999590e+20 4.459727899999999754e+20
7.620000000000000107e-01 1.499190900000000102e+22 6.616436299999999427e+20 4.549267599999999672e+20
7.640000000000000124e-01 1.538120599999999902e+22 6.641325400000000164e+20 4.625095800000000164e+20
7.660000000000000142e-01 1.440616300000000029e+22 6.563551799999999508e+20 4.423873600000000000e+20
7.680000000000000160e-01 1.485088099999999957e+22 6.576778699999999427e+20 4.534597700000000246e+20
7.700000000000000178e-01 1.470298199999999954e+22 6.580528600000000164e+20 4.494438799999999672e+20
7.720000000000000195e-01 1.413176699999999964e+22 6.536544799999999345e+20 4.366504499999999918e+20
7.740000000000000213e-01 1.385524600000000033e+22 6.505698500000000246e+20 4.329978200000000164e+20
7.760000000000000231e-01 1.381825300000000075e+22 6.516158000000000328e+20 4.344370500000000246e+20
7.780000000000000249e-01 1.371778400000000026e+22 6.486418899999999918e+20 4.289767300000000246e+20
7.800000000000000266e-01 1.419267999999999974e+22 6.507549700000000246e+20 4.417500499999999918e+20
7.820000000000000284e-01 1.438789400000000007e+22 6.509276800000000000e+20 4.421940999999999836e+20
7.840000000000000302e-01 1.420077600000000079e+22 6.482279499999999427e+20 4.359270500000000246e+20
7.860000000000000320e-01 1.453417499999999938e+22 6.507186200000000164e+20 4.509821900000000082e+20
7.880000000000000338e-01 1.466520000000000052e+22 6.491006000000000328e+20 4.450034599999999836e+20
7.900000000000000355e-01 1.448636000000000026e+22 6.476840800000000655e+20 4.412874099999999918e+20
7.920000000000000373e-01 1.360039999999999948e+22 6.437639399999999836e+20 4.348101299999999918e+20
7.940000000000000391e-01 1.459636399999999908e+22 6.459433399999999508e+20 4.375730299999999754e+20
7.960000000000000409e-01 1.400620800000000000e+22 6.417886799999999672e+20 4.254173499999999754e+20
7.980000000000000426e-01 1.354039400000000098e+22 6.396537200000000328e+20 4.218377700000000246e+20
8.000000000000000444e-01 1.415896500000000049e+22 6.404993999999999672e+20 4.287712600000000164e+20
8.020000000000000462e-01 1.415761000000000098e+22 6.407945299999999918e+20 4.370604600000000164e+20
8.040000000000000480e-01 1.373948000000000026e+22 6.396177699999999590e+20 4.315293600000000000e+20
8.060000000000000497e-01 1.397171399999999915e+22 6.390310799999999672e+20 4.338664499999999918e+20
8.080000000000000515e-01 1.460369299999999971e+22 6.401947500000000082e+20 4.369953200000000328e+20
8.100000000000000533e-01 1.409204299999999951e+22 6.383117100000000082e+20 4.347092800000000000e+20
8.120000000000000551e-01 1.428914700000000003e+22 6.384990799999999672e+20 4.301718899999999918e+20
8.139999999999999458e-01 1.348159800000000085e+22 6.393357799999999836e+20 4.247440900000000246e+20
8.159999999999999476e-01 1.362557500000000016e+22 6.437674699999999427e+20 4.334697799999999836e+20
8.179999999999999494e-01 1.385127499999999951e+22 6.444791399999999836e+20 4.292511200000000000e+20
8.199999999999999512e-01 1.381633099999999951e+22 6.468587599999999672e+20 4.318314599999999836e+20
8.219999999999999529e-01 1.428489099999999898e+22 6.504149000000000492e+20 4.397611099999999754e+20
8.239999999999999547e-01 1.416681300000000023e+22 6.489430499999999590e+20 4.343590599999999836e+20
8.259999999999999565e-01 1.396547300000000062e+22 6.485682599999999836e+20 4.306151099999999754e+20
8.279999999999999583e-01 1.400315299999999905e+22 6.490157000000000492e+20 4.345168600000000164e+20
8.299999999999999600e-01 1.399452500000000023e+22 6.504220700000000410e+20 4.434455200000000000e+20
8.319999999999999618e-01 1.356285800000000098e+22 6.487745200000000328e+20 4.320327600000000328e+20
8.339999999999999636e-01 1.359524800000000052e+22 6.486193699999999590e+20 4.327697900000000082e+20
8.359999999999999654e-01 1.404665199999999961e+22 6.496210800000000328e+20 4.364350200000000164e+20
8.379999999999999671e-01 1.321897399999999980e+22 6.468638099999999918e+20 4.280759699999999918e+20
8.399999999999999689e-01 1.410577600000000052e+22 6.501400800000000655e+20 4.382781299999999918e+20
8.419999999999999707e-01 1.445502400000000052e+22 6.499172899999999590e+20 4.379099599999999672e+20
8.439999999999999725e-01 1.394169199999999961e+22 6.519668499999999918e+20 4.421793900000000082e+20
8.459999999999999742e-01 1.377609999999999934e+22 6.559392900000000246e+20 4.460105999999999672e+20
8.479999999999999760e-01 1.396114000000000092e+22 6.599904900000000246e+20 4.409908499999999918e+20
8.499999999999999778e-01 1.365204899999999905e+22 6.622900599999999508e+20 4.341756699999999754e+20
8.519999999999999796e-01 1.367157500000000069e+22 6.624014099999999918e+20 4.340135500000000082e+20
8.539999999999999813e-01 1.400876100000000088e+22 6.683123500000000082e+20 4.465208699999999754e+20
8.559999999999999831e-01 1.418158499999999905e+22 6.771090699999999427e+20 4.541931599999999672e+20
8.579999999999999849e-01 1.424871200000000079e+22 6.818124000000000655e+20 4.582436300000000082e+20
8.599999999999999867e-01 1.384176000000000105e+22 6.865988199999999836e+20 4.667098500000000246e+20
8.619999999999999885e-01 1.430813900000000056e+22 6.921188400000000328e+20 4.724350899999999918e+20
8.639999999999999902e-01 1.460149100000000029e+22 6.948407300000000246e+20 4.701288499999999918e+20
8.659999999999999920e-01 1.393636300000000056e+22 6.982362800000000328e+20 4.679956100000000246e+20
8.679999999999999938e-01 1.442748900000000062e+22 7.049201600000000000e+20 4.853824900000000246e+20
8.699999999999999956e-01 1.420523200000000052e+22 7.044618399999999345e+20 4.778328800000000000e+20
8.719999999999999973e-01 1.361408000000000000e+22 7.045337500000000410e+20 4.628444499999999918e+20
8.739999999999999991e-01 1.415004299999999898e+22 7.104933000000000492e+20 4.774713299999999918e+20
8.760000000000000009e-01 1.484201099999999898e+22 7.186456000000000000e+20 5.041818800000000328e+20
8.780000000000000027e-01 1.476940399999999961e+22 7.192271900000000410e+20 4.992983399999999836e+20
8.800000000000000044e-01 1.437276000000000026e+22 7.208177900000000082e+20 4.889357900000000082e+20
8.820000000000000062e-01 1.363273999999999934e+22 7.204761500000000410e+20 4.741106500000000246e+20
8.840000000000000080e-01 1.352595799999999954e+22 7.220078400000000000e+20 4.691064000000000000e+20
8.860000000000000098e-01 1.365128499999999944e+22 7.267962299999999754e+20 4.878790000000000328e+20
8.880000000000000115e-01 1.395920100000000062e+22 7.308730899999999918e+20 4.958600600000000164e+20
8.900000000000000133e-01 1.424619899999999964e+22 7.345911900000000410e+20 5.033340000000000000e+20
8.920000000000000151e-01 1.459178399999999974e+22 7.377267800000000164e+20 5.044805499999999754e+20
8.940000000000000169e-01 1.390362299999999912e+22 7.357565300000000573e+20 4.807144800000000000e+20
8.960000000000000187e-01 1.343980200000000046e+22 7.368439699999999918e+20 4.755069600000000000e+20
8.980000000000000204e-01 1.428205200000000039e+22 7.422222799999999672e+20 4.972160100000000246e+20
9.000000000000000222e-01 1.441582999999999902e+22 7.484252199999999836e+20 5.150108499999999918e+20
9.020000000000000240e-01 1.409110100000000023e+22 7.505782300000000410e+20 5.115857200000000328e+20
9.040000000000000258e-01 1.377880400000000092e+22 7.499025699999999590e+20 5.045549100000000082e+20
9.060000000000000275e-01 1.335884499999999918e+22 7.523590000000000328e+20 4.942899200000000000e+20
9.080000000000000293e-01 1.341595000000000033e+22 7.614654199999999508e+20 5.040521400000000164e+20
9.100000000000000311e-01 1.505454499999999905e+22 7.783948199999999836e+20 5.428732900000000246e+20
9.120000000000000329e-01 1.491560399999999987e+22 7.883527000000000164e+20 5.450744699999999754e+20
9.140000000000000346e-01 1.394005500000000069e+22 7.893665699999999590e+20 5.332863300000000246e+20
9.160000000000000364e-01 1.402032500000000102e+22 7.944469499999999754e+20 5.328155899999999754e+20
9.180000000000000382e-01 1.417403599999999987e+22 8.019189199999999672e+20 5.307348800000000000e+20
9.200000000000000400e-01 1.403144399999999987e+22 8.075557700000000246e+20 5.394655300000000246e+20
9.220000000000000417e-01 1.380105700000000062e+22 8.116306200000000164e+20 5.403501499999999754e+20
9.240000000000000435e-01 1.428537500000000043e+22 8.213466899999999918e+20 5.541574500000000246e+20
9.260000000000000453e-01 1.438760700000000069e+22 8.271519799999999508e+20 5.806242700000000082e+20
9.280000000000000471e-01 1.436304700000000016e+22 8.331754399999999345e+20 5.839776399999999672e+20
9.300000000000000488e-01 1.412585099999999898e+22 8.395767900000000410e+20 5.719027399999999836e+20
9.320000000000000506e-01 1.367746099999999944e+22 8.371281099999999427e+20 5.551204499999999918e+20
9.340000000000000524e-01 1.321937000000000098e+22 8.416518199999999508e+20 5.505244400000000328e+20
9.360000000000000542e-01 1.398381899999999951e+22 8.551133599999999345e+20 5.826551399999999836e+20
9.379999999999999449e-01 1.461089400000000033e+22 8.609473900000000082e+20 6.016168900000000246e+20
9.399999999999999467e-01 1.463445100000000029e+22 8.639308299999999427e+20 5.852128699999999754e+20
9.419999999999999485e-01 1.464649499999999938e+22 8.693294900000000573e+20 5.842781700000000246e+20
9.439999999999999503e-01 1.389159300000000036e+22 8.705370100000000573e+20 5.775128600000000164e+20
9.459999999999999520e-01 1.332807099999999912e+22 8.769608200000000492e+20 5.760064800000000000e+20
9.479999999999999538e-01 1.430329199999999961e+22 8.846643599999999672e+20 5.922864500000000573e+20
9.499999999999999556e-01 1.447676800000000105e+22 8.888167600000000328e+20 5.954835500000000082e+20
9.519999999999999574e-01 1.386088099999999905e+22 8.932866999999999508e+20 5.878604999999999836e+20
9.539999999999999591e-01 1.385389499999999912e+22 8.978283599999999672e+20 5.949715599999999672e+20
9.559999999999999609e-01 1.361432100000000010e+22 9.010410599999999836e+20 5.970102799999999672e+20
9.579999999999999627e-01 1.340885100000000029e+22 9.055610399999999345e+20 5.986465999999999672e+20
9.599999999999999645e-01 1.334330900000000075e+22 9.097874999999999508e+20 5.965585800000000492e+20
9.619999999999999662e-01 1.405951800000000085e+22 9.198376000000000000e+20 6.247784099999999590e+20
9.639999999999999680e-01 1.442569200000000066e+22 9.260491200000000000e+20 6.423328000000000000e+20
9.659999999999999698e-01 1.426709199999999987e+22 9.274556899999999590e+20 6.276561800000000492e+20
9.679999999999999716e-01 1.414962899999999918e+22 9.339472900000000246e+20 6.304921699999999590e+20
9.699999999999999734e-01 1.384520800000000026e+22 9.377725199999999672e+20 6.386084100000000246e+20
9.719999999999999751e-01 1.379547799999999902e+22 9.441045100000000082e+20 6.551729200000000328e+20
9.739999999999999769e-01 1.394408300000000029e+22 9.493920300000000082e+20 6.442397700000000246e+20
9.759999999999999787e-01 1.392795299999999905e+22 9.525597899999999427e+20 6.308991399999999836e+20
9.779999999999999805e-01 1.360299300000000010e+22 9.561159399999999836e+20 6.358641999999999672e+20
9.799999999999999822e-01 1.288776300000000029e+22 9.612618899999999918e+20 6.359207600000000328e+20
9.819999999999999840e-01 1.359804199999999941e+22 9.671611700000000573e+20 6.287735000000000164e+20
9.839999999999999858e-01 1.315400200000000072e+22 9.675935000000000164e+20 6.212658699999999427e+20
9.859999999999999876e-01 1.327487099999999964e+22 9.737764700000000410e+20 6.324433900000000082e+20
9.879999999999999893e-01 1.379442700000000003e+22 9.811931599999999672e+20 6.501314400000000655e+20
9.899999999999999911e-01 1.340708400000000013e+22 9.798258400000000655e+20 6.458085499999999754e+20
9.919999999999999929e-01 1.394448799999999974e+22 9.900976500000000573e+20 6.656992500000000573e+20
9.939999999999999947e-01 1.379548299999999898e+22 9.886991200000000655e+20 6.521126300000000410e+20
9.959999999999999964e-01 1.334188399999999961e+22 9.911716499999999918e+20 6.602357400000000164e+20
9.979999999999999982e-01 1.401465799999999915e+22 1.004399299999999984e+21 6.728286099999999918e+20
1.000000000000000000e+00 1.328042399999999974e+22 1.001777699999999984e+21 6.583522100000000573e+20
1.002000000000000002e+00 1.346104799999999921e+22 1.012222900000000049e+21 6.754946299999999754e+20
1.004000000000000004e+00 1.332020399999999908e+22 1.020999700000000049e+21 6.860725100000000082e+20
1.006000000000000005e+00 1.366069600000000026e+22 1.024991000000000033e+21 6.860283700000000573e+20
1.008000000000000007e+00 1.346098299999999964e+22 1.029166000000000066e+21 6.767269199999999672e+20
1.010000000000000009e+00 1.405971600000000039e+22 1.040875599999999934e+21 6.963024799999999345e+20
1.012000000000000011e+00 1.388288000000000000e+22 1.042402800000000066e+21 6.942808200000000492e+20
1.014000000000000012e+00 1.332958400000000052e+22 1.045338900000000049e+21 7.002039300000000246e+20
1.016000000000000014e+00 1.317870700000000029e+22 1.053758000000000066e+21 7.076577999999999672e+20
1.018000000000000016e+00 1.394685099999999977e+22 1.055326699999999951e+21 6.936067299999999590e+20
1.020000000000000018e+00 1.489366100000000023e+22 1.072999200000000000e+21 7.475321099999999427e+20
1.022000000000000020e+00 1.393037999999999908e+22 1.067625999999999934e+21 7.195104999999999836e+20
1.024000000000000021e+00 1.330840900000000088e+22 1.070252999999999967e+21 7.056461100000000082e+20
1.026000000000000023e+00 1.184461600000000079e+22 1.071502699999999951e+21 6.745473299999999918e+20
1.028000000000000025e+00 1.223434800000000013e+22 1.078937200000000066e+21 6.824618800000000328e+20
1.030000000000000027e+00 1.339333900000000003e+22 1.089250900000000049e+21 7.074252100000000246e+20
1.032000000000000028e+00 1.426999400000000098e+22 1.105068700000000016e+21 7.435489900000000082e+20
1.034000000000000030e+00 1.425496500000000049e+22 1.111981899999999951e+21 7.456811500000000082e+20
1.036000000000000032e+00 1.400586100000000102e+22 1.116759800000000033e+21 7.339181700000000246e+20
1.038000000000000034e+00 1.390082099999999944e+22 1.123038200000000033e+21 7.339662900000000573e+20
1.040000000000000036e+00 1.347117200000000039e+22 1.132422300000000016e+21 7.575426800000000328e+20
1.042000000000000037e+00 1.409605800000000046e+22 1.142250100000000049e+21 7.634780499999999918e+20
1.044000000000000039e+00 1.394133600000000026e+22 1.148791800000000033e+21 7.789240699999999754e+20
1.046000000000000041e+00 1.371244800000000000e+22 1.158393899999999951e+21 7.896572899999999590e+20
1.048000000000000043e+00 1.343739000000000033e+22 1.161537899999999951e+21 7.664614799999999672e+20
1.050000000000000044e+00 1.460990400000000052e+22 1.181490300000000016e+21 8.116498500000000246e+20
1.052000000000000046e+00 1.379107300000000062e+22 1.179448199999999967e+21 7.912098299999999754e+20
1.054000000000000048e+00 1.278711900000000095e+22 1.185005100000000082e+21 7.814425500000000410e+20
1.056000000000000050e+00 1.315391900000000043e+22 1.195993600000000000e+21 7.921583600000000328e+20
1.058000000000000052e+00 1.347547299999999905e+22 1.203606400000000000e+21 7.941789899999999427e+20
1.060000000000000053e+00 1.486391799999999928e+22 1.227157899999999951e+21 8.307206799999999672e+20
1.062000000000000055e+00 1.399377600000000052e+22 1.223570400000000131e+21 8.105352300000000082e+20
1.064000000000000057e+00 1.299644900000000062e+22 1.230468600000000033e+21 8.223209699999999590e+20
1.066000000000000059e+00 1.323948899999999957e+22 1.243933100000000082e+21 8.334894600000000492e+20
1.068000000000000060e+00 1.318998799999999934e+22 1.251496000000000000e+21 8.250998099999999918e+20
1.070000000000000062e+00 1.290795200000000052e+22 1.258918599999999967e+21 8.203296799999999345e+20
1.072000000000000064e+00 1.367565600000000079e+22 1.279953499999999885e+21 8.729583300000000246e+20
1.074000000000000066e+00 1.339503700000000023e+22 1.281252800000000000e+21 8.479993099999999427e+20
1.076000000000000068e+00 1.341851500000000029e+22 1.288506399999999869e+21 8.278067999999999345e+20
1.078000000000000069e+00 1.307552000000000000e+22 1.299666499999999984e+21 8.245873399999999508e+20
1.080000000000000071e+00 1.310688199999999915e+22 1.307549599999999869e+21 8.265919200000000655e+20
1.082000000000000073e+00 1.282765899999999951e+22 1.317243500000000082e+21 8.459393999999999672e+20
1.084000000000000075e+00 1.342046300000000095e+22 1.342783899999999885e+21 9.018656900000000246e+20
1.086000000000000076e+00 1.431879300000000036e+22 1.352873900000000082e+21 9.254349199999999672e+20
1.088000000000000078e+00 1.354329000000000046e+22 1.358565199999999934e+21 8.954898500000000246e+20
1.090000000000000080e+00 1.232445199999999934e+22 1.366444900000000115e+21 8.697521099999999427e+20
1.092000000000000082e+00 1.361121800000000072e+22 1.383226399999999869e+21 9.195525199999999672e+20
1.094000000000000083e+00 1.475926100000000023e+22 1.410948600000000033e+21 9.761513900000000082e+20
1.096000000000000085e+00 1.407868299999999898e+22 1.421486900000000049e+21 9.555602999999999508e+20
1.098000000000000087e+00 1.175421099999999977e+22 1.405918299999999885e+21 8.738675200000000000e+20
1.100000000000000089e+00 1.226554199999999954e+22 1.428796699999999885e+21 8.856160300000000082e+20
1.102000000000000091e+00 1.153870999999999902e+22 1.431568000000000000e+21 8.460678099999999918e+20
1.104000000000000092e+00 1.392705199999999908e+22 1.470779500000000082e+21 9.818443500000000082e+20
1.106000000000000094e+00 1.400949799999999941e+22 1.484683599999999934e+21 9.775664900000000246e+20
1.108000000000000096e+00 1.241557399999999902e+22 1.491638400000000000e+21 9.510299200000000000e+20
1.110000000000000098e+00 1.266496400000000039e+22 1.500942099999999918e+21 9.335915800000000164e+20
1.112000000000000099e+00 1.196526299999999990e+22 1.512725199999999934e+21 9.113264999999999836e+20
1.114000000000000101e+00 1.095103599999999961e+22 1.526613399999999902e+21 9.309448300000000082e+20
1.116000000000000103e+00 1.238612699999999990e+22 1.555990400000000000e+21 9.867003299999999590e+20
1.118000000000000105e+00 1.122520400000000092e+22 1.560483200000000000e+21 9.692437400000000164e+20
1.120000000000000107e+00 1.168278100000000023e+22 1.581306300000000016e+21 9.673501100000000082e+20
1.122000000000000108e+00 1.253769099999999898e+22 1.614843300000000115e+21 1.023463499999999951e+21
1.124000000000000110e+00 1.393894099999999918e+22 1.645187599999999934e+21 1.098264099999999984e+21
1.125999999999999890e+00 1.409810299999999964e+22 1.658671200000000131e+21 1.107792700000000016e+21
1.127999999999999892e+00 1.447694600000000072e+22 1.700994499999999984e+21 1.162692700000000016e+21
1.129999999999999893e+00 1.180608599999999954e+22 1.681850399999999869e+21 1.054251800000000033e+21
1.131999999999999895e+00 1.397629400000000059e+22 1.736023199999999869e+21 1.174021199999999934e+21
1.133999999999999897e+00 1.532020600000000033e+22 1.776722899999999918e+21 1.240092499999999918e+21
1.135999999999999899e+00 1.353758300000000095e+22 1.763463100000000016e+21 1.153511800000000033e+21
1.137999999999999901e+00 1.371163500000000029e+22 1.798804999999999967e+21 1.196629199999999934e+21
1.139999999999999902e+00 1.456111899999999938e+22 1.838444000000000131e+21 1.223046299999999885e+21
1.141999999999999904e+00 1.423028600000000033e+22 1.860937299999999918e+21 1.245791499999999951e+21
1.143999999999999906e+00 1.374499400000000020e+22 1.889270299999999885e+21 1.274571700000000049e+21
1.145999999999999908e+00 1.432985799999999915e+22 1.936043799999999902e+21 1.305527100000000016e+21
1.147999999999999909e+00 1.308386199999999902e+22 1.927728799999999869e+21 1.229104899999999984e+21
1.149999999999999911e+00 1.429111299999999931e+22 1.985598900000000049e+21 1.346937000000000098e+21
1.151999999999999913e+00 1.329039299999999984e+22 2.010329400000000033e+21 1.301032399999999934e+21
1.153999999999999915e+00 1.315068800000000105e+22 2.045598500000000115e+21 1.325056000000000000e+21
1.155999999999999917e+00 1.234989399999999954e+22 2.082999100000000016e+21 1.344706699999999951e+21
1.157999999999999918e+00 1.183232599999999954e+22 2.108286599999999967e+21 1.325019900000000016e+21
1.159999999999999920e+00 1.243078300000000043e+22 2.152980400000000066e+21 1.374882699999999951e+21
1.161999999999999922e+00 1.443137199999999908e+22 2.241899900000000016e+21 1.535494099999999918e+21
1.163999999999999924e+00 1.630561699999999905e+22 2.303020600000000033e+21 1.580162400000000131e+21
1.165999999999999925e+00 1.510889899999999977e+22 2.331985900000000082e+21 1.588601000000000098e+21
1.167999999999999927e+00 1.432825199999999961e+22 2.374322400000000131e+21 1.545489700000000115e+21
1.169999999999999929e+00 1.495997300000000102e+22 2.467684200000000098e+21 1.604903600000000066e+21
1.171999999999999931e+00 1.530294699999999977e+22 2.521370500000000246e+21 1.687852900000000115e+21
1.173999999999999932e+00 1.558577799999999967e+22 2.603218800000000066e+21 1.838026499999999984e+21
1.175999999999999934e+00 1.197024699999999912e+22 2.628626999999999771e+21 1.714538199999999902e+21
1.177999999999999936e+00 1.241134899999999944e+22 2.722390300000000147e+21 1.709931000000000033e+21
1.179999999999999938e+00 1.360098099999999944e+22 2.834208900000000246e+21 1.855528399999999934e+21
1.181999999999999940e+00 1.351137800000000072e+22 2.883873499999999885e+21 1.869604499999999918e+21
1.183999999999999941e+00 1.413711799999999980e+22 2.982180600000000033e+21 1.942950900000000049e+21
1.185999999999999943e+00 1.279747599999999934e+22 3.082031500000000213e+21 2.055159199999999869e+21
1.187999999999999945e+00 1.213419499999999925e+22 3.127457499999999885e+21 1.909707900000000016e+21
1.189999999999999947e+00 1.190374400000000000e+22 3.240579400000000229e+21 1.898662599999999967e+21
1.191999999999999948e+00 1.288635699999999944e+22 3.435505600000000262e+21 2.303138100000000049e+21
1.193999999999999950e+00 1.325124099999999931e+22 3.520257300000000180e+21 2.295125899999999951e+21
1.195999999999999952e+00 1.257921199999999908e+22 3.683058199999999902e+21 2.404251499999999820e+21
1.197999999999999954e+00 1.412148600000000033e+22 3.883568499999999787e+21 2.626512799999999869e+21
1.199999999999999956e+00 1.029174500000000062e+22 4.034899900000000016e+21 2.544093899999999951e+21
1.201999999999999957e+00 7.704899700000000311e+21 4.091411599999999934e+21 2.145811999999999869e+21
1.203999999999999959e+00 1.363049999999999934e+22 4.517944999999999836e+21 3.316578800000000066e+21
1.205999999999999961e+00 1.536524899999999957e+22 4.693824200000000229e+21 3.323994399999999869e+21
1.207999999999999963e+00 1.730395000000000033e+22 5.040732200000000360e+21 3.896680199999999967e+21
1.209999999999999964e+00 1.423155000000000085e+22 5.163685100000000344e+21 3.695558899999999787e+21
1.211999999999999966e+00 1.215790299999999990e+22 5.389567300000000508e+21 3.721898900000000180e+21
1.213999999999999968e+00 1.702214899999999997e+22 5.868548699999999885e+21 3.874743400000000098e+21
1.215999999999999970e+00 1.304869800000000046e+22 6.205959800000000033e+21 3.737474899999999918e+21
1.217999999999999972e+00 1.734779099999999990e+22 6.971503700000000442e+21 5.224238600000000492e+21
1.219999999999999973e+00 1.163028600000000033e+22 6.984595000000000295e+21 4.580221899999999951e+21
1.221999999999999975e+00 1.081106299999999964e+22 7.334102699999999558e+21 4.037309199999999934e+21
1.223999999999999977e+00 1.966256900000000141e+22 8.317694900000000049e+21 6.117556799999999738e+21
1.225999999999999979e+00 1.920656899999999931e+22 8.863427799999999640e+21 7.038296800000000131e+21
1.227999999999999980e+00 1.855439499999999898e+22 9.629503000000000426e+21 7.037094500000000377e+21
1.229999999999999982e+00 2.194155799999999797e+22 1.055395599999999934e+22 6.784769899999999820e+21
1.231999999999999984e+00 1.833221099999999925e+22 1.199766299999999938e+22 7.509776299999999558e+21
1.233999999999999986e+00 5.828783900000000147e+21 1.361814900000000102e+22 6.066359299999999721e+21
