# HDF: fcm_201408_515  
# /messung/kmc/daten/2014/3Q/pilatus_201408_5928.tif
# /messung/kmc/daten/2014/3Q/pilatus_201408_5941.tif
# /messung/kmc/daten/2014/3Q/pilatus_201408_5954.tif
# /messung/kmc/daten/2014/3Q/pilatus_201408_5967.tif
# /messung/kmc/daten/2014/3Q/pilatus_201408_5980.tif
# /messung/kmc/daten/2014/3Q/pilatus_201408_5993.tif
# Energy (eV)=8000	Distance (mm)=4576	Normalization (s A)=9.9333931e-12	Center=(494.571,553.835)	Binsize (nm-1)=0.0015238632
# Normalized by solid angle (1/distance^2), time (PilatusAcqTime_GRAL) and intensity (K4norm_mean)
# q(nm-1)	I_norm	err_pois	err_stdv
0	2.12788e+11	9.673454e+10	1.0566016e+11
0.0015238632	1.7139757e+11	4.5678252e+10	4.0228312e+10
0.0030477265	1.3570447e+11	3.1167141e+10	1.5746223e+10
0.0045715895	1.0369807e+11	2.3946323e+10	2.1164024e+10
0.006095453	1.2945109e+11	2.6199033e+10	3.1765687e+10
0.007619316	1.2131412e+11	2.1880656e+10	2.4433849e+10
0.009143179	1.3348547e+11	2.1665435e+10	2.5062607e+10
0.010667043	1.1697454e+11	1.8705706e+10	1.7655182e+10
0.012190906	1.2610456e+11	1.7372739e+10	1.801959e+10
0.013714769	1.1844045e+11	1.5177314e+10	1.8631053e+10
0.015238632	1.2088206e+11	1.4022125e+10	1.6654262e+10
0.016762496	1.2343448e+11	1.3298732e+10	1.463269e+10
0.018286358	1.1785563e+11	1.2061317e+10	1.3594783e+10
0.019810222	1.1720247e+11	1.1383517e+10	2.2084218e+10
0.021334086	5.8068792e+11	1.8915976e+10	1.4634761e+12
0.022857948	4.4738806e+13	2.0576555e+11	1.0337604e+13
0.024381812	2.0106093e+14	5.86383e+11	2.351173e+13
0.025905674	4.3696552e+14	1.361772e+12	2.2787726e+13
0.027429538	4.1485807e+14	1.3137321e+12	1.1807901e+13
0.028953402	3.4304847e+14	8.0972444e+11	5.1870936e+12
0.030477264	3.1350181e+14	6.1071273e+11	3.0218572e+12
0.032001128	2.9425098e+14	5.3576787e+11	1.9998536e+12
0.033524992	2.7845809e+14	4.8365854e+11	1.4696359e+12
0.035048856	2.6595278e+14	4.3826633e+11	1.356691e+12
0.036572716	2.5406662e+14	4.0282073e+11	1.1238667e+12
0.03809658	2.4314591e+14	3.5740555e+11	1.0172176e+12
0.039620444	2.3225614e+14	3.2546856e+11	8.8721228e+11
0.041144308	2.2044989e+14	3.0841843e+11	7.4028735e+11
0.042668172	2.0962742e+14	2.9236469e+11	6.5046953e+11
0.044192032	1.983163e+14	2.7811186e+11	5.8932431e+11
0.045715896	1.8865441e+14	2.6497226e+11	5.638207e+11
0.04723976	1.7866491e+14	2.521803e+11	5.3203123e+11
0.048763624	1.6875342e+14	2.4040174e+11	5.0632668e+11
0.050287488	1.5917725e+14	2.2869094e+11	4.5679389e+11
0.051811348	1.503016e+14	2.1866849e+11	4.4534847e+11
0.053335212	1.4136837e+14	2.0784587e+11	4.233674e+11
0.054859076	1.3194041e+14	1.9755792e+11	3.8496193e+11
0.05638294	1.2333505e+14	1.8842248e+11	3.4522652e+11
0.057906804	1.1514299e+14	1.7883607e+11	3.274796e+11
0.059430664	1.0708731e+14	1.7040871e+11	2.9845561e+11
0.060954528	9.9213295e+13	1.6176471e+11	2.6896197e+11
0.062478392	9.1817998e+13	1.5390023e+11	2.6753817e+11
0.064002256	8.4902054e+13	1.4558003e+11	2.2988006e+11
0.06552612	7.8452811e+13	1.3788168e+11	2.0902942e+11
0.067049984	7.2237143e+13	1.311702e+11	1.9827545e+11
0.068573848	6.6472968e+13	1.244565e+11	1.8410292e+11
0.070097712	6.0960968e+13	1.1763496e+11	1.8236775e+11
0.071621568	5.5882648e+13	1.108426e+11	1.7846509e+11
0.073145432	5.1284237e+13	1.0543029e+11	1.5191979e+11
0.074669296	4.7106683e+13	1.0001738e+11	1.3569241e+11
0.07619316	4.333453e+13	9.4778838e+10	1.2991729e+11
0.077717024	3.9759961e+13	8.9838364e+10	1.1865806e+11
0.079240888	3.6537208e+13	8.5053236e+10	1.1049726e+11
0.080764752	3.3740752e+13	8.1136455e+10	1.1236307e+11
0.082288616	3.1178864e+13	7.7352132e+10	1.0271363e+11
0.08381248	2.9056519e+13	7.3913189e+10	9.4472354e+10
0.085336344	2.7007906e+13	7.0358828e+10	9.2023193e+10
0.0868602	2.5263203e+13	6.7401869e+10	9.130322e+10
0.088384064	2.3804936e+13	6.4978145e+10	7.7828213e+10
0.089907928	2.2810236e+13	6.291192e+10	7.756987e+10
0.091431792	2.1801827e+13	6.101564e+10	7.3710723e+10
0.092955656	2.1063807e+13	5.9585767e+10	7.0438417e+10
0.09447952	2.0474457e+13	5.8208572e+10	6.7303906e+10
0.096003384	2.0089313e+13	5.7239136e+10	6.8332566e+10
0.097527248	2.0023903e+13	5.6601188e+10	6.7147775e+10
0.099051112	1.9909535e+13	5.6426234e+10	6.1818959e+10
0.10057498	1.9934626e+13	5.7040258e+10	6.6056428e+10
0.10209884	2.0215192e+13	5.7727943e+10	6.911339e+10
0.1036227	2.0371161e+13	5.791053e+10	6.6544035e+10
0.10514656	2.0779541e+13	5.838019e+10	6.6311357e+10
0.10667042	2.1223981e+13	5.8940949e+10	6.5770532e+10
0.10819429	2.1850015e+13	5.9677045e+10	7.013977e+10
0.10971815	2.2485633e+13	6.057246e+10	7.1845476e+10
0.11124202	2.312292e+13	6.1347794e+10	7.3525207e+10
0.11276588	2.3864573e+13	6.2146841e+10	7.7976285e+10
0.11428974	2.4592999e+13	6.3178645e+10	7.4064982e+10
0.11581361	2.5442764e+13	6.3901043e+10	7.5826253e+10
0.11733747	2.6149583e+13	6.4542105e+10	7.5519523e+10
0.11886133	2.6807183e+13	6.532806e+10	7.5849522e+10
0.12038519	2.7558028e+13	6.6074832e+10	8.1149032e+10
0.12190906	2.8420154e+13	6.6878463e+10	7.4931462e+10
0.12343292	2.9206563e+13	6.735791e+10	7.7460662e+10
0.12495678	2.9951678e+13	6.7485233e+10	8.1277909e+10
0.12648065	3.0577243e+13	6.6884398e+10	8.2373486e+10
0.12800451	3.1361671e+13	6.6801862e+10	7.7480638e+10
0.12952838	3.2108782e+13	6.6875127e+10	7.5501737e+10
0.13105224	3.2634132e+13	6.6470434e+10	7.9182804e+10
0.1325761	3.3269581e+13	6.679876e+10	7.8160967e+10
0.13409997	3.3746476e+13	6.6636778e+10	7.8530659e+10
0.13562382	3.427926e+13	6.6473854e+10	7.8032119e+10
0.1371477	3.4721762e+13	6.6352874e+10	7.684704e+10
0.13867155	3.5175774e+13	6.6270968e+10	7.6413821e+10
0.14019542	3.5441617e+13	6.6055528e+10	7.5723327e+10
0.14171928	3.5737207e+13	6.5675185e+10	7.4582831e+10
0.14324314	3.5993692e+13	6.5556406e+10	7.4785232e+10
0.14476701	3.6182191e+13	6.5514649e+10	7.5141363e+10
0.14629086	3.6250877e+13	6.5107286e+10	7.3295061e+10
0.14781474	3.6286754e+13	6.4655915e+10	7.5284246e+10
0.14933859	3.6305605e+13	6.4097263e+10	7.2847867e+10
0.15086246	3.6277645e+13	6.3586765e+10	7.7147614e+10
0.15238632	3.6247559e+13	6.3352988e+10	7.3913135e+10
0.15391019	3.6213224e+13	6.3041007e+10	7.6443367e+10
0.15543405	3.620079e+13	6.2535705e+10	7.6643938e+10
0.15695792	3.6008712e+13	6.1966942e+10	7.0843212e+10
0.15848178	3.563964e+13	6.1328922e+10	7.2766309e+10
0.16000563	3.5234816e+13	6.0493188e+10	7.5769027e+10
0.1615295	3.4885336e+13	5.9884372e+10	7.3566616e+10
0.16305336	3.4514571e+13	5.9288019e+10	7.2606451e+10
0.16457723	3.4289116e+13	5.8839307e+10	7.1781986e+10
0.16610109	3.4040764e+13	5.8243428e+10	6.9335538e+10
0.16762496	3.3762915e+13	5.7630316e+10	6.8158355e+10
0.16914882	3.3245842e+13	5.6862699e+10	6.6729095e+10
0.17067269	3.2798613e+13	5.6282823e+10	6.627173e+10
0.17219654	3.2376539e+13	5.5679804e+10	6.6349615e+10
0.1737204	3.1919755e+13	5.4933806e+10	6.577379e+10
0.17524427	3.1360709e+13	5.412778e+10	6.4656792e+10
0.17676813	3.0937007e+13	5.3565342e+10	6.2587483e+10
0.178292	3.039225e+13	5.2782292e+10	6.1199097e+10
0.17981586	2.9892562e+13	5.2153686e+10	6.2453991e+10
0.18133973	2.9325535e+13	5.1410497e+10	5.8669321e+10
0.18286358	2.8832486e+13	5.0777511e+10	6.0524642e+10
0.18438746	2.8305376e+13	5.008424e+10	5.9170093e+10
0.18591131	2.7764776e+13	4.9241875e+10	5.879179e+10
0.18743518	2.7318944e+13	4.8712844e+10	5.9298172e+10
0.18895904	2.6739379e+13	4.7852616e+10	5.8443207e+10
0.1904829	2.6225913e+13	4.7267913e+10	5.6231742e+10
0.19200677	2.5625611e+13	4.6590119e+10	5.6391875e+10
0.19353062	2.5060266e+13	4.5758988e+10	5.4446769e+10
0.1950545	2.4612052e+13	4.5229936e+10	5.4180788e+10
0.19657835	2.4095237e+13	4.451814e+10	5.2172678e+10
0.19810222	2.3573096e+13	4.3956473e+10	5.0851845e+10
0.19962608	2.3100329e+13	4.3694506e+10	5.0962619e+10
0.20114995	2.2577596e+13	4.3375175e+10	5.0752172e+10
0.20267381	2.2146272e+13	4.3274224e+10	5.03958e+10
0.20419768	2.1703225e+13	4.2909917e+10	4.8956855e+10
0.20572154	2.1164419e+13	4.2423291e+10	4.8821905e+10
0.20724539	2.0691373e+13	4.1971809e+10	4.7696236e+10
0.20876926	2.0243062e+13	4.150097e+10	4.7279632e+10
0.21029312	1.9768891e+13	4.113696e+10	4.9157764e+10
0.21181699	1.9385819e+13	4.0687267e+10	4.844148e+10
0.21334085	1.8952525e+13	4.01769e+10	4.7689029e+10
0.21486472	1.8530395e+13	3.9702524e+10	4.6015449e+10
0.21638858	1.809581e+13	3.9231463e+10	4.5596121e+10
0.21791245	1.7740541e+13	3.8852905e+10	4.5127184e+10
0.2194363	1.7341785e+13	3.8277239e+10	4.3670093e+10
0.22096018	1.6929744e+13	3.7785005e+10	4.4521225e+10
0.22248403	1.6567194e+13	3.7393321e+10	4.4269632e+10
0.22400789	1.6236476e+13	3.6962766e+10	4.3981564e+10
0.22553176	1.5876448e+13	3.6078899e+10	4.1597082e+10
0.22705562	1.555089e+13	3.5281049e+10	4.1717532e+10
0.22857949	1.5181312e+13	3.4588836e+10	4.1309377e+10
0.23010334	1.4865151e+13	3.3888106e+10	3.9869309e+10
0.23162722	1.4565897e+13	3.3309298e+10	3.9620693e+10
0.23315107	1.4306384e+13	3.2835234e+10	3.8109674e+10
0.23467494	1.4006661e+13	3.2335116e+10	3.7384851e+10
0.2361988	1.3734984e+13	3.1881979e+10	3.6407918e+10
0.23772266	1.342842e+13	3.1233482e+10	3.5962764e+10
0.23924653	1.3199882e+13	3.0891139e+10	3.5782436e+10
0.24077038	1.2907718e+13	3.04155e+10	3.5050621e+10
0.24229426	1.2698033e+13	3.0090412e+10	3.4957869e+10
0.24381811	1.24504e+13	2.9622417e+10	3.4529363e+10
0.24534198	1.2198237e+13	2.9086756e+10	3.4211592e+10
0.24686584	1.1991878e+13	2.8804417e+10	3.3393736e+10
0.24838971	1.1773412e+13	2.8409187e+10	3.2803876e+10
0.24991357	1.1567014e+13	2.804518e+10	3.2307418e+10
0.25143744	1.1359823e+13	2.7678601e+10	3.2670126e+10
0.2529613	1.1150504e+13	2.7284286e+10	3.2045709e+10
0.25448515	1.0927355e+13	2.6935607e+10	3.1113434e+10
0.25600902	1.0789731e+13	2.6691611e+10	3.1040643e+10
0.25753288	1.0597621e+13	2.6331892e+10	3.1042338e+10
0.25905675	1.0438247e+13	2.6038884e+10	3.0948156e+10
0.26058061	1.0245097e+13	2.5705275e+10	3.0363113e+10
0.26210448	1.0080244e+13	2.5404168e+10	2.9482241e+10
0.26362834	9.9659329e+12	2.5173238e+10	2.8898597e+10
0.26515221	9.7686387e+12	2.4816214e+10	2.8999677e+10
0.26667606	9.6796495e+12	2.4600413e+10	2.9320361e+10
0.26819994	9.5651648e+12	2.4440511e+10	2.821657e+10
0.26972378	9.3807724e+12	2.4107295e+10	2.8216825e+10
0.27124765	9.2407467e+12	2.3765375e+10	2.8393559e+10
0.27277152	9.159243e+12	2.361527e+10	2.7395354e+10
0.27429539	9.0274915e+12	2.3407686e+10	2.7098966e+10
0.27581923	8.9177626e+12	2.3171626e+10	2.6595566e+10
0.2773431	8.7875004e+12	2.2878232e+10	2.6443608e+10
0.27886698	8.7067409e+12	2.2764403e+10	2.5433495e+10
0.28039085	8.6220828e+12	2.2598159e+10	2.5587181e+10
0.28191469	8.4916117e+12	2.2298954e+10	2.5795237e+10
0.28343856	8.405611e+12	2.2138774e+10	2.5373299e+10
0.28496243	8.3517251e+12	2.1970167e+10	2.5049749e+10
0.28648627	8.2576828e+12	2.177784e+10	2.504715e+10
0.28801014	8.1288147e+12	2.1588652e+10	2.5224944e+10
0.28953402	8.0341964e+12	2.1354943e+10	2.5105133e+10
0.29105789	7.9790585e+12	2.1209127e+10	2.4862365e+10
0.29258173	7.9145826e+12	2.1078887e+10	2.3959238e+10
0.2941056	7.8181947e+12	2.0893658e+10	2.3832965e+10
0.29562947	7.765371e+12	2.0763353e+10	2.3797575e+10
0.29715334	7.6971477e+12	2.058759e+10	2.3510343e+10
0.29867718	7.6363707e+12	2.0480416e+10	2.3379169e+10
0.30020106	7.5773779e+12	2.0322098e+10	2.3424795e+10
0.30172493	7.4894156e+12	2.0150706e+10	2.3098292e+10
0.30324877	7.3980808e+12	1.9961742e+10	2.2990458e+10
0.30477264	7.3628186e+12	1.9859412e+10	2.2464811e+10
0.30629651	7.3096354e+12	1.9771011e+10	2.2926108e+10
0.30782038	7.250224e+12	1.958846e+10	2.2701351e+10
0.30934422	7.1867143e+12	1.9442343e+10	2.2687797e+10
0.3108681	7.1368913e+12	1.9322049e+10	2.2386521e+10
0.31239197	7.1038542e+12	1.9228585e+10	2.2365909e+10
0.31391584	7.0526626e+12	1.9148652e+10	2.2301813e+10
0.31543968	7.010729e+12	1.9012181e+10	2.2283714e+10
0.31696355	6.9241723e+12	1.8840612e+10	2.1637442e+10
0.31848742	6.886066e+12	1.8761087e+10	2.2017832e+10
0.32001126	6.8305786e+12	1.8627536e+10	2.2113176e+10
0.32153514	6.8058042e+12	1.854073e+10	2.1336687e+10
0.32305901	6.7336347e+12	1.8369583e+10	2.106684e+10
0.32458288	6.6894992e+12	1.8270277e+10	2.1032983e+10
0.32610672	6.6540703e+12	1.8180154e+10	2.0657046e+10
0.32763059	6.6356186e+12	1.8132882e+10	2.09755e+10
0.32915446	6.5765543e+12	1.7942676e+10	2.0615803e+10
0.33067834	6.5478544e+12	1.787268e+10	2.0360906e+10
0.33220218	6.4815121e+12	1.775733e+10	2.0554051e+10
0.33372605	6.4198027e+12	1.7636341e+10	2.0757743e+10
0.33524992	6.4032776e+12	1.7584409e+10	2.0081938e+10
0.33677376	6.3861289e+12	1.7475718e+10	2.017205e+10
0.33829763	6.3330447e+12	1.7387642e+10	2.0156567e+10
0.3398215	6.250523e+12	1.7225155e+10	1.997518e+10
0.34134538	6.239009e+12	1.7154638e+10	2.0047787e+10
0.34286922	6.2332628e+12	1.7118882e+10	1.97248e+10
0.34439309	6.1996777e+12	1.7039368e+10	1.9822706e+10
0.34591696	6.146809e+12	1.6937975e+10	1.9569147e+10
0.3474408	6.1311637e+12	1.6860282e+10	1.9343999e+10
0.34896467	6.0827674e+12	1.6741201e+10	1.9882224e+10
0.35048854	6.0651762e+12	1.6691915e+10	1.9533077e+10
0.35201242	6.0327927e+12	1.6616339e+10	1.981471e+10
0.35353626	5.9779113e+12	1.650521e+10	1.9197886e+10
0.35506013	6.0018297e+12	1.6490965e+10	1.8792729e+10
0.356584	5.9406154e+12	1.6347046e+10	1.8791824e+10
0.35810787	5.8930597e+12	1.6251945e+10	1.9025844e+10
0.35963171	5.9129688e+12	1.6249776e+10	1.8843151e+10
0.36115558	5.8794747e+12	1.6166367e+10	1.8442889e+10
0.36267946	5.815821e+12	1.6020501e+10	1.8231903e+10
0.3642033	5.8086669e+12	1.6022157e+10	1.8465195e+10
0.36572717	5.7480605e+12	1.5890877e+10	1.7526549e+10
0.36725104	5.7237987e+12	1.5794121e+10	1.7938461e+10
0.36877491	5.7511937e+12	1.5808263e+10	1.7940084e+10
0.37029875	5.6916287e+12	1.5669491e+10	1.7773301e+10
0.37182262	5.6488342e+12	1.5622266e+10	1.7743543e+10
0.3733465	5.6413307e+12	1.5547433e+10	1.7866051e+10
0.37487037	5.636487e+12	1.5495886e+10	1.7939294e+10
0.37639421	5.6148528e+12	1.5448793e+10	1.7533394e+10
0.37791808	5.58876e+12	1.5383279e+10	1.7438209e+10
0.37944195	5.558817e+12	1.5316305e+10	1.7616071e+10
0.38096579	5.5573808e+12	1.5265171e+10	1.7594812e+10
0.38248966	5.5236094e+12	1.5187365e+10	1.758977e+10
0.38401354	5.4984606e+12	1.5121314e+10	1.7113615e+10
0.38553741	5.477786e+12	1.505665e+10	1.6863794e+10
0.38706125	5.4758333e+12	1.5032018e+10	1.7131532e+10
0.38858512	5.4593861e+12	1.4962425e+10	1.7253272e+10
0.39010899	5.4323249e+12	1.4913298e+10	1.7352373e+10
0.39163286	5.427478e+12	1.4872419e+10	1.6953931e+10
0.3931567	5.4234242e+12	1.4824348e+10	1.7321911e+10
0.39468058	5.3866206e+12	1.4737579e+10	1.740826e+10
0.39620445	5.3592129e+12	1.4667327e+10	1.65278e+10
0.39772829	5.3709319e+12	1.4697296e+10	1.6842664e+10
0.39925216	5.3470876e+12	1.4593327e+10	1.677716e+10
0.40077603	5.3189829e+12	1.4530288e+10	1.6901517e+10
0.4022999	5.2995423e+12	1.4473458e+10	1.6513491e+10
0.40382374	5.3220049e+12	1.449052e+10	1.6597071e+10
0.40534762	5.2934163e+12	1.4414364e+10	1.6371141e+10
0.40687149	5.312181e+12	1.441227e+10	1.6596314e+10
0.40839536	5.2841409e+12	1.4352654e+10	1.6424797e+10
0.4099192	5.2449993e+12	1.4272898e+10	1.6493428e+10
0.41144307	5.2487236e+12	1.4262394e+10	1.6326781e+10
0.41296694	5.2185762e+12	1.4152207e+10	1.6495728e+10
0.41449078	5.193573e+12	1.4089247e+10	1.6041519e+10
0.41601466	5.1969309e+12	1.4097255e+10	1.6320503e+10
0.41753853	5.1786316e+12	1.4031209e+10	1.63394e+10
0.4190624	5.1803102e+12	1.3998276e+10	1.6323433e+10
0.42058624	5.1688462e+12	1.3955973e+10	1.6278856e+10
0.42211011	5.1735536e+12	1.4029693e+10	1.6102801e+10
0.42363398	5.1670305e+12	1.4126072e+10	1.5871492e+10
0.42515786	5.1399105e+12	1.4122802e+10	1.5421238e+10
0.4266817	5.1530688e+12	1.4182642e+10	1.6071734e+10
0.42820557	5.1285655e+12	1.4147835e+10	1.6411848e+10
0.42972944	5.1217441e+12	1.4190039e+10	1.6538326e+10
0.43125328	5.1229841e+12	1.4216311e+10	1.6316067e+10
0.43277715	5.1038165e+12	1.4157784e+10	1.6329285e+10
0.43430102	5.0969251e+12	1.4170823e+10	1.6355736e+10
0.4358249	5.1170608e+12	1.4223018e+10	1.6391859e+10
0.43734874	5.0924969e+12	1.4207927e+10	1.6515094e+10
0.43887261	5.0740467e+12	1.4187954e+10	1.6334451e+10
0.44039648	5.064209e+12	1.414015e+10	1.5768135e+10
0.44192035	5.0752153e+12	1.4187668e+10	1.6247535e+10
0.44344419	5.0835602e+12	1.4201349e+10	1.6475128e+10
0.44496806	5.0717141e+12	1.4178618e+10	1.6566758e+10
0.44649194	5.0704095e+12	1.4170834e+10	1.6538839e+10
0.44801578	5.0511164e+12	1.406666e+10	1.6239646e+10
0.44953965	5.0320152e+12	1.3942735e+10	1.5671097e+10
0.45106352	5.0194418e+12	1.3806949e+10	1.5856065e+10
0.45258739	5.0219794e+12	1.3748865e+10	1.5410377e+10
0.45411123	4.9966448e+12	1.3659651e+10	1.5307629e+10
0.4556351	4.9987342e+12	1.3627533e+10	1.5223954e+10
0.45715898	5.0084839e+12	1.3593149e+10	1.5463308e+10
0.45868282	5.0384193e+12	1.358681e+10	1.5795153e+10
0.46020669	5.0168988e+12	1.3512052e+10	1.5484826e+10
0.46173056	4.9871178e+12	1.3442852e+10	1.5157246e+10
0.46325443	4.9779841e+12	1.3407102e+10	1.535418e+10
0.46477827	4.9889392e+12	1.3387299e+10	1.529794e+10
0.46630214	5.0052689e+12	1.3366695e+10	1.5341111e+10
0.46782602	5.020085e+12	1.3359244e+10	1.5327933e+10
0.46934989	5.0100953e+12	1.3305885e+10	1.5085155e+10
0.47087373	4.9713826e+12	1.3220676e+10	1.4910838e+10
0.4723976	4.9546636e+12	1.3163666e+10	1.5175103e+10
0.47392147	4.9757713e+12	1.3182447e+10	1.537737e+10
0.47544531	4.9776577e+12	1.3155856e+10	1.507336e+10
0.47696918	4.9760843e+12	1.3110557e+10	1.4841773e+10
0.47849306	4.9665305e+12	1.3069631e+10	1.4937963e+10
0.48001693	4.9714906e+12	1.3050181e+10	1.470942e+10
0.48154077	4.9632574e+12	1.3031113e+10	1.4685083e+10
0.48306464	4.9467826e+12	1.2985013e+10	1.4913855e+10
0.48458851	4.9492834e+12	1.2954377e+10	1.5293427e+10
0.48611238	4.9565649e+12	1.292221e+10	1.4954149e+10
0.48763622	4.950654e+12	1.287248e+10	1.4529503e+10
0.4891601	4.9622973e+12	1.2888861e+10	1.4728883e+10
0.49068397	4.9407718e+12	1.2841508e+10	1.4671615e+10
0.49220781	4.9049589e+12	1.2752687e+10	1.4464675e+10
0.49373168	4.9486759e+12	1.2815948e+10	1.4507009e+10
0.49525555	4.9429865e+12	1.2757378e+10	1.4808388e+10
0.49677942	4.956015e+12	1.2753079e+10	1.4605281e+10
0.49830326	4.9437269e+12	1.2700239e+10	1.4454733e+10
0.49982714	4.928357e+12	1.2679644e+10	1.4672081e+10
0.50135101	4.9151034e+12	1.2649013e+10	1.4714446e+10
0.50287488	4.8846097e+12	1.2552443e+10	1.4493972e+10
0.50439872	4.9232413e+12	1.2598815e+10	1.4416401e+10
0.50592259	4.9272571e+12	1.2571294e+10	1.4523525e+10
0.50744646	4.9219994e+12	1.2558617e+10	1.4371341e+10
0.5089703	4.9349073e+12	1.2547842e+10	1.4262394e+10
0.51049418	4.903601e+12	1.247612e+10	1.4235883e+10
0.51201805	4.8890894e+12	1.2454454e+10	1.427349e+10
0.51354192	4.8803616e+12	1.2417714e+10	1.4518131e+10
0.51506576	4.8598641e+12	1.2365644e+10	1.4448064e+10
0.51658963	4.8926435e+12	1.2376716e+10	1.4334707e+10
0.5181135	4.8941562e+12	1.236462e+10	1.4024318e+10
0.51963738	4.8960702e+12	1.235081e+10	1.4176955e+10
0.52116122	4.8821396e+12	1.2306843e+10	1.4363591e+10
0.52268509	4.8675946e+12	1.2362192e+10	1.4134361e+10
0.52420896	4.8662301e+12	1.2417562e+10	1.4437401e+10
0.5257328	4.866532e+12	1.2465374e+10	1.4363258e+10
0.52725667	4.8719998e+12	1.2498274e+10	1.4423831e+10
0.52878054	4.861603e+12	1.2490818e+10	1.4408166e+10
0.53030442	4.8608925e+12	1.2518751e+10	1.4153209e+10
0.53182826	4.8481931e+12	1.2508025e+10	1.4451987e+10
0.53335213	4.8376873e+12	1.2522273e+10	1.4467655e+10
0.534876	4.8348758e+12	1.2514935e+10	1.4174195e+10
0.53639987	4.8315398e+12	1.251603e+10	1.4343026e+10
0.53792371	4.8244702e+12	1.2527309e+10	1.4236405e+10
0.53944755	4.8437219e+12	1.2548788e+10	1.4701789e+10
0.54097146	4.831019e+12	1.254282e+10	1.4603942e+10
0.5424953	4.8254929e+12	1.2539247e+10	1.4422706e+10
0.5440192	4.8270144e+12	1.2538829e+10	1.4606402e+10
0.54554304	4.8222332e+12	1.2526426e+10	1.4193223e+10
0.54706688	4.8376665e+12	1.2529507e+10	1.4247059e+10
0.54859078	4.8252006e+12	1.2426659e+10	1.4383522e+10
0.55011462	4.8115192e+12	1.2322029e+10	1.4115384e+10
0.55163846	4.8035441e+12	1.2275198e+10	1.4231988e+10
0.55316237	4.8067719e+12	1.2229283e+10	1.4274703e+10
0.55468621	4.7952426e+12	1.2160403e+10	1.3990411e+10
0.55621005	4.800296e+12	1.2131106e+10	1.3782219e+10
0.55773395	4.7885613e+12	1.2081205e+10	1.3970376e+10
0.55925779	4.7816607e+12	1.2057732e+10	1.3818998e+10
0.5607817	4.7970614e+12	1.2034945e+10	1.3581864e+10
0.56230554	4.780105e+12	1.1973214e+10	1.3641409e+10
0.56382938	4.7883666e+12	1.1972249e+10	1.3916049e+10
0.56535328	4.7804092e+12	1.1939375e+10	1.3866343e+10
0.56687712	4.7809867e+12	1.1910929e+10	1.3650281e+10
0.56840096	4.7889219e+12	1.1880869e+10	1.3592291e+10
0.56992486	4.7793462e+12	1.1850635e+10	1.3381648e+10
0.5714487	4.77208e+12	1.1826046e+10	1.3405199e+10
0.57297254	4.7619751e+12	1.1775602e+10	1.3437188e+10
0.57449645	4.7646909e+12	1.1758565e+10	1.3474057e+10
0.57602029	4.7589159e+12	1.1715938e+10	1.3250184e+10
0.57754419	4.7713822e+12	1.1726138e+10	1.3227876e+10
0.57906803	4.749493e+12	1.1673516e+10	1.3249313e+10
0.58059187	4.7396074e+12	1.1636515e+10	1.3146935e+10
0.58211578	4.7379469e+12	1.1621562e+10	1.3332936e+10
0.58363962	4.7398839e+12	1.1605345e+10	1.3095436e+10
0.58516346	4.7399211e+12	1.1593486e+10	1.3245109e+10
0.58668736	4.7440437e+12	1.1570508e+10	1.3360418e+10
0.5882112	4.7396992e+12	1.1557959e+10	1.353029e+10
0.58973504	4.7309007e+12	1.1522075e+10	1.3388997e+10
0.59125894	4.7363055e+12	1.149518e+10	1.3272564e+10
0.59278278	4.7367099e+12	1.1480531e+10	1.3415391e+10
0.59430669	4.7135308e+12	1.1420762e+10	1.316019e+10
0.59583053	4.7097884e+12	1.141289e+10	1.3224824e+10
0.59735437	4.6989627e+12	1.1378872e+10	1.3240602e+10
0.59887827	4.6991881e+12	1.135662e+10	1.3029056e+10
0.60040211	4.7152696e+12	1.1362678e+10	1.2979491e+10
0.60192595	4.7020864e+12	1.1325216e+10	1.315405e+10
0.60344986	4.6915521e+12	1.1301016e+10	1.3239759e+10
0.6049737	4.6790896e+12	1.1254364e+10	1.2880171e+10
0.60649754	4.6881938e+12	1.1263202e+10	1.2880733e+10
0.60802144	4.6962841e+12	1.1268946e+10	1.3181157e+10
0.60954528	4.6863977e+12	1.1238675e+10	1.2852734e+10
0.61106918	4.6822559e+12	1.120128e+10	1.2625653e+10
0.61259302	4.6849445e+12	1.1187492e+10	1.2698121e+10
0.61411686	4.6946174e+12	1.1178458e+10	1.2747015e+10
0.61564077	4.6923205e+12	1.115779e+10	1.2759702e+10
0.61716461	4.6825455e+12	1.1147576e+10	1.2706193e+10
0.61868845	4.6696875e+12	1.1098805e+10	1.2579395e+10
0.62021235	4.6573517e+12	1.1059787e+10	1.2541895e+10
0.62173619	4.6481455e+12	1.1046306e+10	1.2649364e+10
0.62326003	4.6493644e+12	1.1034001e+10	1.2785451e+10
0.62478394	4.6587769e+12	1.1034304e+10	1.2478396e+10
0.62630778	4.6500902e+12	1.0998285e+10	1.2676795e+10
0.62783168	4.6453632e+12	1.0974783e+10	1.2404752e+10
0.62935552	4.635299e+12	1.0949033e+10	1.2269135e+10
0.63087936	4.6360217e+12	1.093175e+10	1.260504e+10
0.63240326	4.6327874e+12	1.0910702e+10	1.2594526e+10
0.6339271	4.6426324e+12	1.0915953e+10	1.244789e+10
0.63545094	4.6033824e+12	1.0844558e+10	1.2739545e+10
0.63697485	4.6243519e+12	1.0873122e+10	1.2805803e+10
0.63849869	4.6188065e+12	1.0831824e+10	1.2676192e+10
0.64002253	4.6220608e+12	1.0828148e+10	1.2688184e+10
0.64154643	4.6207059e+12	1.0815659e+10	1.2426655e+10
0.64307027	4.6247467e+12	1.0801269e+10	1.2488001e+10
0.64459418	4.6288488e+12	1.0795849e+10	1.244151e+10
0.64611802	4.6106809e+12	1.0740092e+10	1.221696e+10
0.64764186	4.6305113e+12	1.0763011e+10	1.2180433e+10
0.64916576	4.6070011e+12	1.0723385e+10	1.2358801e+10
0.6506896	4.583163e+12	1.0686711e+10	1.251686e+10
0.65221344	4.5832302e+12	1.0669355e+10	1.2171395e+10
0.65373734	4.5827217e+12	1.0648703e+10	1.215681e+10
0.65526118	4.5842129e+12	1.0636775e+10	1.2081997e+10
0.65678502	4.5830462e+12	1.0614683e+10	1.2257082e+10
0.65830893	4.5876696e+12	1.0627677e+10	1.2123844e+10
0.65983277	4.5758108e+12	1.0583244e+10	1.2141483e+10
0.66135667	4.5785831e+12	1.0581834e+10	1.208728e+10
0.66288051	4.5732762e+12	1.0570629e+10	1.2110717e+10
0.66440435	4.5633852e+12	1.0524633e+10	1.2098589e+10
0.66592826	4.5692885e+12	1.0517909e+10	1.2025736e+10
0.6674521	4.5782348e+12	1.0514277e+10	1.192482e+10
0.66897594	4.5800109e+12	1.0517613e+10	1.2045729e+10
0.67049984	4.5611578e+12	1.0469962e+10	1.2010723e+10
0.67202368	4.5790516e+12	1.0485363e+10	1.1994707e+10
0.67354752	4.5518966e+12	1.0445892e+10	1.1921959e+10
0.67507142	4.5522634e+12	1.0430305e+10	1.1902914e+10
0.67659526	4.542958e+12	1.039276e+10	1.2005617e+10
0.67811917	4.5503033e+12	1.0387669e+10	1.1976968e+10
0.67964301	4.5526382e+12	1.0386007e+10	1.1836753e+10
0.68116685	4.5354756e+12	1.0355539e+10	1.1855612e+10
0.68269075	4.5275485e+12	1.0328748e+10	1.1940241e+10
0.68421459	4.5237816e+12	1.0305649e+10	1.181419e+10
0.68573843	4.5356822e+12	1.0317258e+10	1.1770386e+10
0.68726234	4.5116025e+12	1.0282225e+10	1.1826537e+10
0.68878618	4.5067576e+12	1.0258689e+10	1.168033e+10
0.69031002	4.5256675e+12	1.0260241e+10	1.1719375e+10
0.69183392	4.5241591e+12	1.0258738e+10	1.184731e+10
0.69335776	4.5149551e+12	1.022757e+10	1.1652113e+10
0.6948816	4.5045483e+12	1.0203353e+10	1.1656908e+10
0.6964055	4.5178257e+12	1.0204168e+10	1.1703261e+10
0.69792934	4.5111064e+12	1.0173675e+10	1.1745166e+10
0.69945325	4.5119094e+12	1.0183931e+10	1.1626045e+10
0.70097709	4.4981381e+12	1.0146748e+10	1.1656495e+10
0.70250093	4.4972207e+12	1.0132341e+10	1.166036e+10
0.70402483	4.5010467e+12	1.0114499e+10	1.175905e+10
0.70554867	4.4862072e+12	1.0094845e+10	1.171955e+10
0.70707251	4.4787075e+12	1.0081005e+10	1.1835944e+10
0.70859642	4.4860351e+12	1.0066935e+10	1.171235e+10
0.71012026	4.4822901e+12	1.0056404e+10	1.1543e+10
0.7116441	4.4833185e+12	1.0040944e+10	1.1695968e+10
0.713168	4.4809291e+12	1.0030219e+10	1.1638144e+10
0.71469184	4.4872602e+12	1.0027851e+10	1.1381533e+10
0.71621574	4.4700765e+12	9.9927233e+09	1.1332145e+10
0.71773958	4.4772136e+12	1.0000715e+10	1.1654109e+10
0.71926342	4.4606632e+12	9.9599805e+09	1.1481282e+10
0.72078733	4.476328e+12	9.9784228e+09	1.1469429e+10
0.72231117	4.460369e+12	9.928527e+09	1.1298771e+10
0.72383501	4.4560306e+12	9.9247092e+09	1.1312881e+10
0.72535891	4.4518025e+12	9.9175222e+09	1.138126e+10
0.72688275	4.4573874e+12	9.9079995e+09	1.1464842e+10
0.72840659	4.4511635e+12	9.8863814e+09	1.1195773e+10
0.7299305	4.4567323e+12	9.8702395e+09	1.124688e+10
0.73145434	4.4411642e+12	9.8377472e+09	1.1245586e+10
0.73297824	4.449839e+12	9.8580647e+09	1.124083e+10
0.73450208	4.4426891e+12	9.820739e+09	1.1406444e+10
0.73602592	4.4512361e+12	9.832022e+09	1.1325771e+10
0.73754982	4.463712e+12	9.8332086e+09	1.104978e+10
0.73907366	4.447044e+12	9.8036407e+09	1.1208818e+10
0.7405975	4.4207062e+12	9.7955327e+09	1.1390603e+10
0.74212141	4.4354429e+12	9.876099e+09	1.1437672e+10
0.74364525	4.4299494e+12	9.914849e+09	1.1354284e+10
0.74516909	4.4115929e+12	9.9576096e+09	1.1383074e+10
0.74669299	4.417275e+12	1.0058618e+10	1.1430822e+10
0.74821683	4.4235968e+12	1.011749e+10	1.1644187e+10
0.74974074	4.4087737e+12	1.0120003e+10	1.1646986e+10
0.75126458	4.4186694e+12	1.0186333e+10	1.1590053e+10
0.75278842	4.3904537e+12	1.0173576e+10	1.1719603e+10
0.75431232	4.4042695e+12	1.0277003e+10	1.1834869e+10
0.75583616	4.4030656e+12	1.0389225e+10	1.205944e+10
0.75736	4.4112054e+12	1.0481161e+10	1.1911801e+10
0.7588839	4.4194889e+12	1.0572978e+10	1.1964527e+10
0.76040774	4.3834894e+12	1.0578635e+10	1.2121946e+10
0.76193158	4.3989995e+12	1.0667949e+10	1.2365736e+10
0.76345549	4.3992867e+12	1.0705179e+10	1.2604893e+10
0.76497933	4.3782708e+12	1.072698e+10	1.221112e+10
0.76650323	4.3717884e+12	1.0764048e+10	1.2050105e+10
0.76802707	4.3722907e+12	1.0793611e+10	1.238807e+10
0.76955091	4.3845493e+12	1.0866953e+10	1.2377972e+10
0.77107482	4.3856027e+12	1.0904441e+10	1.2178079e+10
0.77259866	4.3778741e+12	1.0923107e+10	1.2416757e+10
0.7741225	4.3742689e+12	1.0940461e+10	1.2619895e+10
0.7756464	4.3913827e+12	1.1016224e+10	1.2672014e+10
0.77717024	4.3842924e+12	1.1051973e+10	1.2621426e+10
0.77869408	4.3689163e+12	1.1062191e+10	1.2868462e+10
0.78021798	4.3514872e+12	1.1080822e+10	1.282687e+10
0.78174182	4.3487748e+12	1.1100265e+10	1.2707586e+10
0.78326573	4.349458e+12	1.1144537e+10	1.2750171e+10
0.78478957	4.3656244e+12	1.1196204e+10	1.2728427e+10
0.78631341	4.3481903e+12	1.1184498e+10	1.3000811e+10
0.78783731	4.3470421e+12	1.1217429e+10	1.30215e+10
0.78936115	4.3730077e+12	1.1280951e+10	1.2932317e+10
0.79088499	4.3635195e+12	1.1326198e+10	1.3095372e+10
0.7924089	4.3352609e+12	1.1298792e+10	1.2976529e+10
0.79393274	4.3498931e+12	1.1361738e+10	1.2949488e+10
0.79545658	4.3434645e+12	1.139739e+10	1.2981875e+10
0.79698048	4.3358196e+12	1.1410137e+10	1.287932e+10
0.79850432	4.3418354e+12	1.1454543e+10	1.3235135e+10
0.80002822	4.342789e+12	1.1474621e+10	1.3112975e+10
0.80155206	4.3333081e+12	1.1514431e+10	1.3171511e+10
0.8030759	4.324323e+12	1.1529138e+10	1.2867265e+10
0.80459981	4.3128483e+12	1.1538187e+10	1.3020015e+10
0.80612365	4.306703e+12	1.1568875e+10	1.3369186e+10
0.80764749	4.3034964e+12	1.1568242e+10	1.3276961e+10
0.80917139	4.3236072e+12	1.1657404e+10	1.3715138e+10
0.81069523	4.3152822e+12	1.166723e+10	1.357365e+10
0.81221907	4.3075771e+12	1.1683085e+10	1.3562874e+10
0.81374298	4.3080506e+12	1.171601e+10	1.3425065e+10
0.81526682	4.290264e+12	1.1708944e+10	1.328127e+10
0.81679072	4.3067004e+12	1.1785245e+10	1.3572151e+10
0.81831456	4.2959825e+12	1.1781504e+10	1.361578e+10
0.8198384	4.2765104e+12	1.1790372e+10	1.3697856e+10
0.8213623	4.2575986e+12	1.1791812e+10	1.366481e+10
0.82288614	4.2926277e+12	1.1888299e+10	1.348956e+10
0.82440998	4.2809025e+12	1.1871352e+10	1.3503907e+10
0.82593389	4.2867939e+12	1.1906582e+10	1.3570591e+10
0.82745773	4.287219e+12	1.1956233e+10	1.3426375e+10
0.82898157	4.2842513e+12	1.1980645e+10	1.3649332e+10
0.83050547	4.2751924e+12	1.2002408e+10	1.3368475e+10
0.83202931	4.2722508e+12	1.2008724e+10	1.3705673e+10
0.83355322	4.2867632e+12	1.2050527e+10	1.3488637e+10
0.83507706	4.2654681e+12	1.2062865e+10	1.3466161e+10
0.8366009	4.2670441e+12	1.2102786e+10	1.3808179e+10
0.8381248	4.2698268e+12	1.2139321e+10	1.3568065e+10
0.83964864	4.2631382e+12	1.2127112e+10	1.3782601e+10
0.84117248	4.2849233e+12	1.2197997e+10	1.3771893e+10
0.84269638	4.2615303e+12	1.2194753e+10	1.3981571e+10
0.84422022	4.2366364e+12	1.2198826e+10	1.3759327e+10
0.84574406	4.2357912e+12	1.2371223e+10	1.4043108e+10
0.84726797	4.2332439e+12	1.2496143e+10	1.423849e+10
0.84879181	4.2541327e+12	1.2661881e+10	1.4707655e+10
0.85031571	4.2602756e+12	1.27836e+10	1.4717375e+10
0.85183955	4.2586324e+12	1.2850547e+10	1.5070724e+10
0.85336339	4.2464679e+12	1.2919903e+10	1.501249e+10
0.8548873	4.2443523e+12	1.3001453e+10	1.4789169e+10
0.85641114	4.2419879e+12	1.3088861e+10	1.4647422e+10
0.85793498	4.2443742e+12	1.3157929e+10	1.4889712e+10
0.85945888	4.2489568e+12	1.3231365e+10	1.5345224e+10
0.86098272	4.2419882e+12	1.3291328e+10	1.4798819e+10
0.86250656	4.2413657e+12	1.3344516e+10	1.5064443e+10
0.86403046	4.2179209e+12	1.3389841e+10	1.5191073e+10
0.8655543	4.2162956e+12	1.3419237e+10	1.5594845e+10
0.86707821	4.2081185e+12	1.3489179e+10	1.5520293e+10
0.86860205	4.207511e+12	1.3582763e+10	1.5244593e+10
0.87012589	4.2110164e+12	1.3608343e+10	1.5773948e+10
0.87164979	4.2087802e+12	1.3681713e+10	1.5752345e+10
0.87317363	4.1997229e+12	1.3718293e+10	1.5834597e+10
0.87469747	4.1953984e+12	1.3799944e+10	1.5700072e+10
0.87622138	4.1926887e+12	1.3861649e+10	1.6137142e+10
0.87774522	4.1968496e+12	1.3896458e+10	1.6214923e+10
0.87926906	4.2045732e+12	1.4016459e+10	1.570366e+10
0.88079296	4.1997786e+12	1.4073988e+10	1.5652747e+10
0.8823168	4.1713414e+12	1.4106171e+10	1.6235455e+10
0.8838407	4.1894114e+12	1.4234441e+10	1.651387e+10
0.88536454	4.1783879e+12	1.4264434e+10	1.6642038e+10
0.88688838	4.163892e+12	1.4325124e+10	1.661203e+10
0.88841229	4.16517e+12	1.4377775e+10	1.6378863e+10
0.88993613	4.1788284e+12	1.4512594e+10	1.6775234e+10
0.89145997	4.1588824e+12	1.4526572e+10	1.6674151e+10
0.89298387	4.1685986e+12	1.4631809e+10	1.7346997e+10
0.89450771	4.1638828e+12	1.4711451e+10	1.6990609e+10
0.89603155	4.1566496e+12	1.4744281e+10	1.68883e+10
0.89755546	4.1713425e+12	1.4890867e+10	1.7071712e+10
0.8990793	4.1370681e+12	1.4870497e+10	1.6902219e+10
0.90060314	4.1611055e+12	1.5042494e+10	1.7131773e+10
0.90212704	4.1550187e+12	1.5074851e+10	1.7154965e+10
0.90365088	4.1550955e+12	1.5143593e+10	1.7419034e+10
0.90517478	4.164556e+12	1.5289965e+10	1.7613062e+10
0.90669862	4.1474184e+12	1.5275363e+10	1.7756385e+10
0.90822246	4.1673091e+12	1.5432027e+10	1.8134579e+10
0.90974637	4.1524303e+12	1.543374e+10	1.833882e+10
0.91127021	4.1187073e+12	1.5457484e+10	1.7670318e+10
0.91279405	4.0947033e+12	1.5494436e+10	1.722372e+10
0.91431795	4.1336137e+12	1.5610795e+10	1.7701022e+10
0.91584179	4.1379855e+12	1.5707711e+10	1.7947928e+10
0.91736563	4.1018235e+12	1.5656264e+10	1.7924423e+10
0.91888954	4.1311421e+12	1.5822208e+10	1.8045102e+10
0.92041338	4.1162184e+12	1.5855149e+10	1.8654056e+10
0.92193728	4.1072975e+12	1.5882433e+10	1.8233312e+10
0.92346112	4.1149654e+12	1.5975054e+10	1.8506565e+10
0.92498496	4.1129596e+12	1.6007878e+10	1.8574319e+10
0.92650886	4.1111116e+12	1.6107359e+10	1.8216958e+10
0.9280327	4.1236755e+12	1.6188048e+10	1.9228869e+10
0.92955654	4.1402179e+12	1.6331143e+10	1.8420173e+10
0.93108045	4.0934437e+12	1.6288215e+10	1.8284237e+10
0.93260429	4.0643609e+12	1.6299568e+10	1.883511e+10
0.93412813	4.0503128e+12	1.6409159e+10	1.8494167e+10
0.93565203	4.0687657e+12	1.6467856e+10	1.8705733e+10
0.93717587	4.0655372e+12	1.6585601e+10	1.9274336e+10
0.93869978	4.0817788e+12	1.6777892e+10	1.9618178e+10
0.94022362	4.0580655e+12	1.6761016e+10	1.9611534e+10
0.94174746	4.0809797e+12	1.6947305e+10	1.9902863e+10
0.94327136	4.0741751e+12	1.6959747e+10	1.9773355e+10
0.9447952	4.0660087e+12	1.7095292e+10	1.9746942e+10
0.94631904	4.0638286e+12	1.7206947e+10	2.0192382e+10
0.94784294	4.0437693e+12	1.7227398e+10	1.9865995e+10
0.94936678	4.0634934e+12	1.7433205e+10	2.0175378e+10
0.95089062	4.0239228e+12	1.7353875e+10	2.0448057e+10
0.95241453	4.0358987e+12	1.7567783e+10	1.9867046e+10
0.95393837	4.0553435e+12	1.7723611e+10	2.0225446e+10
0.95546227	4.0492202e+12	1.7817995e+10	2.0527383e+10
0.95698611	4.0644957e+12	1.7971319e+10	1.9971566e+10
0.95850995	4.0855638e+12	1.8109394e+10	2.0951144e+10
0.96003386	4.0505144e+12	1.8150417e+10	2.0554538e+10
0.9615577	4.0444233e+12	1.823355e+10	2.0749867e+10
0.96308154	4.0420746e+12	1.8380837e+10	2.0962753e+10
0.96460544	4.0208475e+12	1.8419358e+10	2.2166637e+10
0.96612928	4.0091043e+12	1.8540703e+10	2.1089639e+10
0.96765312	4.0277066e+12	1.8749493e+10	2.2026498e+10
0.96917702	4.0155828e+12	1.8749391e+10	2.1534782e+10
0.97070086	4.0175164e+12	1.8962888e+10	2.118263e+10
0.97222477	4.0162718e+12	1.9060425e+10	2.1681595e+10
0.97374861	4.0162215e+12	1.919885e+10	2.2474064e+10
0.97527245	4.025379e+12	1.9418557e+10	2.2272186e+10
0.97679635	4.0081262e+12	1.9446278e+10	2.2553355e+10
0.97832019	4.0003646e+12	1.9598141e+10	2.2940355e+10
0.97984403	3.997817e+12	1.9704059e+10	2.266583e+10
0.98136794	3.9742937e+12	1.9826165e+10	2.2404992e+10
0.98289178	3.9668117e+12	1.9950767e+10	2.2634409e+10
0.98441562	3.9784735e+12	2.0142427e+10	2.3244677e+10
0.98593952	3.9747757e+12	2.0311168e+10	2.279386e+10
0.98746336	3.9628044e+12	2.0354316e+10	2.3509002e+10
0.98898726	4.0006411e+12	2.0726371e+10	2.4245064e+10
0.9905111	3.9885235e+12	2.0773557e+10	2.4723138e+10
0.99203494	3.965895e+12	2.0948018e+10	2.3998433e+10
0.99355885	3.9987233e+12	2.1226877e+10	2.5440611e+10
0.99508269	4.0153451e+12	2.1375154e+10	2.4183757e+10
0.99660653	3.9844136e+12	2.1557456e+10	2.407784e+10
0.99813043	3.9828364e+12	2.1673001e+10	2.4849468e+10
0.99965427	3.9623939e+12	2.1821222e+10	2.5290787e+10
1.0011781	3.9941153e+12	2.2121249e+10	2.4501118e+10
1.002702	3.938757e+12	2.2087168e+10	2.3726531e+10
1.0042259	3.9625763e+12	2.2483887e+10	2.4861411e+10
1.0057498	3.9901314e+12	2.2605756e+10	2.6452401e+10
1.0072736	3.9694258e+12	2.2842869e+10	2.6204259e+10
1.0087974	3.9490524e+12	2.3004367e+10	2.5658931e+10
1.0103213	3.9281194e+12	2.3229605e+10	2.6562944e+10
1.0118452	3.9493277e+12	2.3599373e+10	2.78664e+10
1.013369	3.9391744e+12	2.3614769e+10	2.6600786e+10
1.0148929	3.9553746e+12	2.403167e+10	2.7593329e+10
1.0164168	3.8858767e+12	2.393075e+10	2.7019547e+10
1.0179406	3.8925116e+12	2.4328679e+10	2.7711241e+10
1.0194645	3.9344555e+12	2.4740639e+10	2.9424622e+10
1.0209884	3.9317008e+12	2.4948131e+10	2.9589013e+10
1.0225123	3.887502e+12	2.516827e+10	2.9418261e+10
1.0240361	3.8955308e+12	2.5363389e+10	3.0764692e+10
1.0255599	3.8610766e+12	2.5652337e+10	2.9222941e+10
1.0270838	3.9186274e+12	2.6110635e+10	2.9802802e+10
1.0286077	3.917395e+12	2.6414881e+10	3.1220899e+10
1.0301315	3.9477974e+12	2.7041977e+10	3.3858617e+10
1.0316554	3.8986772e+12	2.6923804e+10	3.2069789e+10
1.0331793	3.8976783e+12	2.7558503e+10	3.2037852e+10
1.0347031	3.876023e+12	2.7647156e+10	3.2033895e+10
1.036227	3.9038231e+12	2.8283598e+10	3.3199964e+10
1.0377508	3.949345e+12	2.8912806e+10	3.2497914e+10
1.0392748	3.9218455e+12	2.901238e+10	3.2894957e+10
1.0407986	3.952325e+12	2.9785467e+10	3.3954903e+10
1.0423224	3.8817197e+12	2.9688104e+10	3.4570787e+10
1.0438463	3.8840979e+12	3.0546766e+10	3.7272412e+10
1.0453702	3.8641277e+12	3.0707856e+10	3.5761888e+10
1.046894	3.8357807e+12	3.1160835e+10	3.604167e+10
1.0484179	3.8694911e+12	3.1994175e+10	3.7905092e+10
1.0499418	3.8590889e+12	3.227636e+10	3.8695802e+10
1.0514656	3.8656377e+12	3.3091081e+10	3.790475e+10
1.0529895	3.8796282e+12	3.3421794e+10	3.756451e+10
1.0545133	3.8867596e+12	3.421575e+10	4.0554597e+10
1.0560372	3.8834808e+12	3.4607504e+10	3.9821705e+10
1.0575611	3.814049e+12	3.470042e+10	3.9891886e+10
1.0590849	3.8548711e+12	3.5599702e+10	4.0855021e+10
1.0606088	3.8346033e+12	3.5699522e+10	3.9869462e+10
1.0621327	3.9195018e+12	3.7231105e+10	4.3130415e+10
1.0636565	3.8399424e+12	3.6723694e+10	4.264558e+10
1.0651804	3.8916856e+12	3.7497909e+10	4.351993e+10
1.0667043	3.8877727e+12	3.809565e+10	4.3774858e+10
1.0682281	3.9036922e+12	3.8565988e+10	4.3376696e+10
1.069752	3.7781025e+12	3.859185e+10	4.2168992e+10
1.0712758	3.7628589e+12	3.8995682e+10	4.1721465e+10
1.0727997	3.8580271e+12	4.0095849e+10	4.2508095e+10
1.0743236	3.8640705e+12	4.0642348e+10	4.2954554e+10
1.0758474	3.798916e+12	4.0724287e+10	4.7479815e+10
1.0773713	3.7998718e+12	4.1780876e+10	4.4220162e+10
1.0788951	3.9038688e+12	4.3057503e+10	4.56792e+10
1.0804191	3.8692318e+12	4.3189702e+10	5.0292224e+10
1.0819429	3.8151254e+12	4.3787387e+10	5.7148224e+10
1.0834668	3.8039614e+12	4.4441311e+10	5.2107345e+10
1.0849906	3.7894336e+12	4.501584e+10	4.9248968e+10
1.0865144	3.8453158e+12	4.6372466e+10	5.0909473e+10
1.0880384	3.740634e+12	4.6600278e+10	5.0992297e+10
1.0895622	3.7852331e+12	4.8027784e+10	5.1042232e+10
1.0910861	3.8052889e+12	4.8751601e+10	5.3512892e+10
1.0926099	3.8578262e+12	5.0423504e+10	6.1445091e+10
1.0941338	3.8035693e+12	5.1019629e+10	6.3331806e+10
1.0956576	3.7970154e+12	5.2263026e+10	6.2798476e+10
1.0971816	3.7359516e+12	5.3262482e+10	6.3693566e+10
1.0987054	3.7553922e+12	5.4711868e+10	6.3228443e+10
1.1002292	3.7800529e+12	5.6358837e+10	6.9314506e+10
1.1017531	3.7645701e+12	5.796634e+10	6.9289389e+10
1.1032769	3.8072502e+12	6.0314831e+10	7.2235127e+10
1.1048009	3.7147302e+12	6.1465066e+10	7.0236743e+10
1.1063247	3.7486541e+12	6.3859232e+10	7.6000259e+10
1.1078486	3.7732568e+12	6.6165624e+10	8.7144987e+10
1.1093724	3.7759554e+12	6.9566315e+10	8.4235737e+10
1.1108963	3.8344478e+12	7.3073987e+10	7.8673271e+10
1.1124201	3.7450703e+12	7.5565312e+10	7.9120982e+10
1.1139441	3.7160006e+12	7.9371272e+10	1.0887433e+11
1.1154679	3.7112463e+12	8.3741926e+10	1.0537373e+11
1.1169917	3.6722468e+12	8.9875351e+10	1.0552696e+11
1.1185156	3.6427627e+12	9.6631741e+10	1.1350266e+11
1.1200394	3.7401191e+12	1.0635753e+11	1.1915569e+11
1.1215634	3.7735195e+12	1.2123341e+11	1.3560187e+11
1.1230872	3.7393817e+12	1.3606841e+11	1.7400013e+11
1.1246111	3.7132894e+12	1.4894569e+11	1.7991821e+11
1.1261349	3.7475373e+12	1.7001837e+11	1.7038039e+11
1.1276588	3.8100071e+12	1.9770443e+11	1.5096098e+11
1.1291826	3.5018991e+12	2.2540962e+11	1.6026586e+11
