0.000000000000000000e+00 3.615544700000000000e+11 2.401483100000000000e+12 8.541447200000000000e+11
3.000000000000000062e-03 4.472071900000000000e+11 1.369182700000000000e+12 4.538518500000000000e+11
6.000000000000000125e-03 7.574458500000000000e+11 1.097431500000000000e+12 5.586927500000000000e+11
8.999999999999999320e-03 7.646627200000000000e+11 9.028676600000000000e+11 4.543320700000000000e+11
1.200000000000000025e-02 1.003534700000000000e+12 7.734590500000000000e+11 3.973309200000000000e+11
1.499999999999999944e-02 4.354666700000000000e+11 6.283479700000000000e+11 1.977859500000000000e+11
1.799999999999999864e-02 4.428726700000000000e+11 5.437145600000000000e+11 1.734464000000000000e+11
2.100000000000000130e-02 4.336067900000000000e+11 4.887094700000000000e+11 1.941729100000000000e+12
2.400000000000000050e-02 6.866038900000000000e+13 1.337278500000000000e+12 1.280143600000000000e+13
2.699999999999999969e-02 4.711791300000000000e+14 4.242350300000000000e+12 2.160265400000000000e+13
2.999999999999999889e-02 6.961370800000000000e+14 4.667913300000000000e+12 9.602402100000000000e+12
3.300000000000000155e-02 6.236231000000000000e+14 3.960065900000000000e+12 5.613921200000000000e+12
3.599999999999999728e-02 5.524407000000000000e+14 3.530920400000000000e+12 5.335909800000000000e+12
3.899999999999999994e-02 4.939669400000000000e+14 3.169140800000000000e+12 4.751452300000000000e+12
4.200000000000000261e-02 4.486138900000000000e+14 2.901969100000000000e+12 4.214282400000000000e+12
4.499999999999999833e-02 4.041093900000000000e+14 2.658977200000000000e+12 3.877490200000000000e+12
4.800000000000000100e-02 3.608448200000000000e+14 2.428309300000000000e+12 3.529916000000000000e+12
5.099999999999999672e-02 3.237213200000000000e+14 2.224837200000000000e+12 3.289129600000000000e+12
5.399999999999999939e-02 2.936594800000000000e+14 2.048172200000000000e+12 3.025020100000000000e+12
5.700000000000000205e-02 2.600117900000000000e+14 1.863712300000000000e+12 2.692453000000000000e+12
5.999999999999999778e-02 2.333088200000000000e+14 1.728479500000000000e+12 2.357376500000000000e+12
6.300000000000000044e-02 2.078086400000000000e+14 1.592384500000000000e+12 2.226018600000000000e+12
6.600000000000000311e-02 1.844828100000000000e+14 1.460464900000000000e+12 1.980565400000000000e+12
6.900000000000000577e-02 1.661068000000000000e+14 1.350634100000000000e+12 1.751989200000000000e+12
7.199999999999999456e-02 1.482989800000000000e+14 1.247601500000000000e+12 1.602724400000000000e+12
7.499999999999999722e-02 1.334518500000000000e+14 1.161726900000000000e+12 1.501646400000000000e+12
7.799999999999999989e-02 1.209446300000000000e+14 1.085504300000000000e+12 1.418743300000000000e+12
8.100000000000000255e-02 1.086518800000000000e+14 1.007047500000000000e+12 1.280633500000000000e+12
8.400000000000000522e-02 9.772994900000000000e+13 9.312442200000000000e+11 1.128542300000000000e+12
8.699999999999999400e-02 8.957860000000000000e+13 8.789751800000000000e+11 1.061164400000000000e+12
8.999999999999999667e-02 8.107665600000000000e+13 8.216398200000000000e+11 9.954354000000000000e+11
9.299999999999999933e-02 7.776431500000000000e+13 7.940313200000000000e+11 9.230143800000000000e+11
9.600000000000000200e-02 7.106936900000000000e+13 7.417141100000000000e+11 9.017984200000000000e+11
9.900000000000000466e-02 6.603007900000000000e+13 7.051409400000000000e+11 8.553286600000000000e+11
1.019999999999999934e-01 6.300739900000000000e+13 6.795348900000000000e+11 7.819360700000000000e+11
1.049999999999999961e-01 5.993989200000000000e+13 6.537940200000000000e+11 7.416982500000000000e+11
1.079999999999999988e-01 5.549397000000000000e+13 6.221593500000000000e+11 7.124179300000000000e+11
1.110000000000000014e-01 5.235565400000000000e+13 6.047795900000000000e+11 7.132709000000000000e+11
1.140000000000000041e-01 5.048845700000000000e+13 5.979671000000000000e+11 6.923435100000000000e+11
1.170000000000000068e-01 4.787279500000000000e+13 5.824849300000000000e+11 6.763774900000000000e+11
1.199999999999999956e-01 4.516193200000000000e+13 5.655852400000000000e+11 6.463000000000000000e+11
1.229999999999999982e-01 4.290215600000000000e+13 5.497163000000000000e+11 6.393224400000000000e+11
1.260000000000000009e-01 4.204033500000000000e+13 5.409039900000000000e+11 6.221589500000000000e+11
1.290000000000000036e-01 4.069178300000000000e+13 5.309873400000000000e+11 6.332579000000000000e+11
1.320000000000000062e-01 3.852828200000000000e+13 5.156506000000000000e+11 6.096522500000000000e+11
1.350000000000000089e-01 3.655073300000000000e+13 4.965248400000000000e+11 5.794554100000000000e+11
1.380000000000000115e-01 3.602380700000000000e+13 4.852306000000000000e+11 5.386316800000000000e+11
1.409999999999999865e-01 3.465443500000000000e+13 4.638856500000000000e+11 5.256160000000000000e+11
1.439999999999999891e-01 3.360120200000000000e+13 4.462445400000000000e+11 5.200525800000000000e+11
1.469999999999999918e-01 3.348363700000000000e+13 4.397038400000000000e+11 5.038454400000000000e+11
1.499999999999999944e-01 3.234022600000000000e+13 4.242091600000000000e+11 4.839445300000000000e+11
1.529999999999999971e-01 3.158145700000000000e+13 4.135565400000000000e+11 4.733997800000000000e+11
1.559999999999999998e-01 3.056197100000000000e+13 3.990024200000000000e+11 4.694346600000000000e+11
1.590000000000000024e-01 3.027227500000000000e+13 3.944825000000000000e+11 4.441638700000000000e+11
1.620000000000000051e-01 2.963486400000000000e+13 3.868072500000000000e+11 4.443477500000000000e+11
1.650000000000000078e-01 2.893049800000000000e+13 3.765128600000000000e+11 4.386150600000000000e+11
1.680000000000000104e-01 2.836055500000000000e+13 3.693021200000000000e+11 4.344597600000000000e+11
1.710000000000000131e-01 2.762281200000000000e+13 3.602575900000000000e+11 4.232757800000000000e+11
1.739999999999999880e-01 2.743519000000000000e+13 3.555544300000000000e+11 4.093862900000000000e+11
1.769999999999999907e-01 2.788700700000000000e+13 3.559766600000000000e+11 4.018063400000000000e+11
1.799999999999999933e-01 2.771907800000000000e+13 3.509482700000000000e+11 4.083804600000000000e+11
1.829999999999999960e-01 2.663234000000000000e+13 3.391171900000000000e+11 4.078760100000000000e+11
1.859999999999999987e-01 2.596774700000000000e+13 3.307894800000000000e+11 3.762826300000000000e+11
1.890000000000000013e-01 2.612590700000000000e+13 3.315452700000000000e+11 3.799980000000000000e+11
1.920000000000000040e-01 2.545137600000000000e+13 3.241825700000000000e+11 3.694092900000000000e+11
1.950000000000000067e-01 2.532228800000000000e+13 3.195058200000000000e+11 3.689794800000000000e+11
1.980000000000000093e-01 2.525070200000000000e+13 3.168639700000000000e+11 3.666391300000000000e+11
2.010000000000000120e-01 2.479558000000000000e+13 3.107997900000000000e+11 3.550852300000000000e+11
2.039999999999999869e-01 2.458855600000000000e+13 3.088748400000000000e+11 3.422793500000000000e+11
2.069999999999999896e-01 2.365145000000000000e+13 2.988406000000000000e+11 3.419005300000000000e+11
2.099999999999999922e-01 2.353496500000000000e+13 2.953422600000000000e+11 3.361368200000000000e+11
2.129999999999999949e-01 2.253407900000000000e+13 2.874304700000000000e+11 3.280140700000000000e+11
2.159999999999999976e-01 2.197330800000000000e+13 2.831144300000000000e+11 3.197021500000000000e+11
2.190000000000000002e-01 2.132769700000000000e+13 2.799193600000000000e+11 3.227387100000000000e+11
2.220000000000000029e-01 2.139572900000000000e+13 2.826971600000000000e+11 3.237476000000000000e+11
2.250000000000000056e-01 2.082722900000000000e+13 2.790549400000000000e+11 3.145527400000000000e+11
2.280000000000000082e-01 2.090436700000000000e+13 2.814254400000000000e+11 3.207301700000000000e+11
2.310000000000000109e-01 2.029044700000000000e+13 2.773095000000000000e+11 3.197054800000000000e+11
2.340000000000000135e-01 1.979093300000000000e+13 2.735290500000000000e+11 3.039342400000000000e+11
2.369999999999999885e-01 1.949952700000000000e+13 2.717821200000000000e+11 3.010661700000000000e+11
2.399999999999999911e-01 1.901271100000000000e+13 2.678064700000000000e+11 3.073023700000000000e+11
2.429999999999999938e-01 1.865167300000000000e+13 2.648314400000000000e+11 3.002236700000000000e+11
2.459999999999999964e-01 1.830279800000000000e+13 2.624335600000000000e+11 2.931233000000000000e+11
2.489999999999999991e-01 1.756206900000000000e+13 2.526405000000000000e+11 2.884526500000000000e+11
2.520000000000000018e-01 1.702058000000000000e+13 2.436430100000000000e+11 2.783909000000000000e+11
2.550000000000000044e-01 1.647665900000000000e+13 2.382075400000000000e+11 2.738565800000000000e+11
2.580000000000000071e-01 1.547047700000000000e+13 2.286099500000000000e+11 2.592485500000000000e+11
2.610000000000000098e-01 1.556851800000000000e+13 2.283865600000000000e+11 2.541666300000000000e+11
2.640000000000000124e-01 1.528472600000000000e+13 2.241613900000000000e+11 2.551018200000000000e+11
2.670000000000000151e-01 1.490116200000000000e+13 2.193386100000000000e+11 2.471620400000000000e+11
2.700000000000000178e-01 1.463343900000000000e+13 2.154806000000000000e+11 2.353515300000000000e+11
2.730000000000000204e-01 1.436090400000000000e+13 2.130090700000000000e+11 2.336085100000000000e+11
2.760000000000000231e-01 1.380863600000000000e+13 2.079769000000000000e+11 2.368375100000000000e+11
2.790000000000000258e-01 1.370701200000000000e+13 2.060670700000000000e+11 2.292818600000000000e+11
2.819999999999999729e-01 1.290350800000000000e+13 1.992310600000000000e+11 2.205406400000000000e+11
2.849999999999999756e-01 1.217520100000000000e+13 1.929431000000000000e+11 2.127670800000000000e+11
2.879999999999999782e-01 1.230307100000000000e+13 1.938146600000000000e+11 2.094262400000000000e+11
2.909999999999999809e-01 1.203336400000000000e+13 1.908728300000000000e+11 2.086543900000000000e+11
2.939999999999999836e-01 1.140808800000000000e+13 1.853707900000000000e+11 2.037988000000000000e+11
2.969999999999999862e-01 1.116419400000000000e+13 1.823762500000000000e+11 1.991479400000000000e+11
2.999999999999999889e-01 1.108365900000000000e+13 1.813718900000000000e+11 1.968283700000000000e+11
3.029999999999999916e-01 1.052818000000000000e+13 1.765515100000000000e+11 1.873748300000000000e+11
3.059999999999999942e-01 1.021804500000000000e+13 1.740861100000000000e+11 1.855439100000000000e+11
3.089999999999999969e-01 9.831015100000000000e+12 1.700552900000000000e+11 1.828632600000000000e+11
3.119999999999999996e-01 9.756729300000000000e+12 1.687114300000000000e+11 1.774303100000000000e+11
3.150000000000000022e-01 9.460602800000000000e+12 1.663895900000000000e+11 1.769930500000000000e+11
3.180000000000000049e-01 9.246237200000000000e+12 1.640667600000000000e+11 1.754327200000000000e+11
3.210000000000000075e-01 9.135125200000000000e+12 1.628033700000000000e+11 1.723613300000000000e+11
3.240000000000000102e-01 8.660252900000000000e+12 1.587483800000000000e+11 1.664474800000000000e+11
3.270000000000000129e-01 8.291049800000000000e+12 1.561767400000000000e+11 1.631067300000000000e+11
3.300000000000000155e-01 8.189093900000000000e+12 1.545022900000000000e+11 1.617031700000000000e+11
3.330000000000000182e-01 7.905424500000000000e+12 1.526746300000000000e+11 1.575123700000000000e+11
3.360000000000000209e-01 7.541368000000000000e+12 1.495262700000000000e+11 1.527986300000000000e+11
3.390000000000000235e-01 7.423256400000000000e+12 1.472072500000000000e+11 1.500806800000000000e+11
3.420000000000000262e-01 7.232739300000000000e+12 1.458919800000000000e+11 1.470691700000000000e+11
3.449999999999999734e-01 7.078201800000000000e+12 1.450211600000000000e+11 1.486744800000000000e+11
3.479999999999999760e-01 6.819465900000000000e+12 1.417811000000000000e+11 1.401297400000000000e+11
3.509999999999999787e-01 6.809589500000000000e+12 1.414184700000000000e+11 1.414043000000000000e+11
3.539999999999999813e-01 6.701775100000000000e+12 1.400071800000000000e+11 1.428472500000000000e+11
3.569999999999999840e-01 6.581139300000000000e+12 1.396675700000000000e+11 1.428778100000000000e+11
3.599999999999999867e-01 6.349830500000000000e+12 1.377404700000000000e+11 1.377475200000000000e+11
3.629999999999999893e-01 6.125696100000000000e+12 1.356675300000000000e+11 1.350060900000000000e+11
3.659999999999999920e-01 5.925716000000000000e+12 1.335003800000000000e+11 1.314518000000000000e+11
3.689999999999999947e-01 6.017157700000000000e+12 1.334471300000000000e+11 1.310100700000000000e+11
3.719999999999999973e-01 5.732242300000000000e+12 1.314009200000000000e+11 1.269803100000000000e+11
3.750000000000000000e-01 5.560130400000000000e+12 1.297888400000000000e+11 1.223138000000000000e+11
3.780000000000000027e-01 5.422747300000000000e+12 1.282213000000000000e+11 1.193208500000000000e+11
3.810000000000000053e-01 5.224647100000000000e+12 1.263270100000000000e+11 1.166707300000000000e+11
3.840000000000000080e-01 5.303400000000000000e+12 1.270285300000000000e+11 1.181210200000000000e+11
3.870000000000000107e-01 5.259194000000000000e+12 1.263083200000000000e+11 1.169078400000000000e+11
3.900000000000000133e-01 5.077598500000000000e+12 1.250146000000000000e+11 1.159870900000000000e+11
3.930000000000000160e-01 4.954492600000000000e+12 1.237399900000000000e+11 1.143039100000000000e+11
3.960000000000000187e-01 5.116421700000000000e+12 1.236985700000000000e+11 1.136571000000000000e+11
3.990000000000000213e-01 5.175670800000000000e+12 1.236869800000000000e+11 1.145428400000000000e+11
4.020000000000000240e-01 4.965696700000000000e+12 1.221763900000000000e+11 1.122759800000000000e+11
4.050000000000000266e-01 4.796693900000000000e+12 1.210789000000000000e+11 1.104162600000000000e+11
4.079999999999999738e-01 4.756047700000000000e+12 1.201814700000000000e+11 1.105418900000000000e+11
4.109999999999999765e-01 4.789313200000000000e+12 1.195939000000000000e+11 1.081250600000000000e+11
4.139999999999999791e-01 4.664762600000000000e+12 1.186331100000000000e+11 1.055499000000000000e+11
4.169999999999999818e-01 4.721549200000000000e+12 1.188669200000000000e+11 1.073917400000000000e+11
4.199999999999999845e-01 4.529122800000000000e+12 1.171217100000000000e+11 1.051010500000000000e+11
4.229999999999999871e-01 4.554959100000000000e+12 1.171644300000000000e+11 1.055417700000000000e+11
4.259999999999999898e-01 4.535898500000000000e+12 1.164642000000000000e+11 1.052802500000000000e+11
4.289999999999999925e-01 4.435910300000000000e+12 1.150937300000000000e+11 1.017961700000000000e+11
4.319999999999999951e-01 4.411666600000000000e+12 1.148937200000000000e+11 1.012644400000000000e+11
4.349999999999999978e-01 4.372822000000000000e+12 1.143438900000000000e+11 1.012064000000000000e+11
4.380000000000000004e-01 4.514903900000000000e+12 1.145229600000000000e+11 1.012511400000000000e+11
4.410000000000000031e-01 4.495900300000000000e+12 1.137992800000000000e+11 1.014430600000000000e+11
4.440000000000000058e-01 4.561650400000000000e+12 1.138069500000000000e+11 1.027055200000000000e+11
4.470000000000000084e-01 4.582191100000000000e+12 1.142304800000000000e+11 1.046602900000000000e+11
4.500000000000000111e-01 4.321878500000000000e+12 1.120855000000000000e+11 9.976846300000000000e+10
4.530000000000000138e-01 4.249526700000000000e+12 1.111898700000000000e+11 9.762610900000000000e+10
4.560000000000000164e-01 4.298341600000000000e+12 1.111540100000000000e+11 9.788455600000000000e+10
4.590000000000000191e-01 4.359877500000000000e+12 1.108523900000000000e+11 9.664571100000000000e+10
4.620000000000000218e-01 4.238084800000000000e+12 1.101199500000000000e+11 9.506719900000000000e+10
4.650000000000000244e-01 4.032209200000000000e+12 1.093611200000000000e+11 9.302913400000000000e+10
4.680000000000000271e-01 4.077561800000000000e+12 1.101782000000000000e+11 9.454647100000000000e+10
4.709999999999999742e-01 4.245441700000000000e+12 1.115949200000000000e+11 9.675735400000000000e+10
4.739999999999999769e-01 4.167285000000000000e+12 1.122655400000000000e+11 9.665100300000000000e+10
4.769999999999999796e-01 3.919021300000000000e+12 1.109395900000000000e+11 9.499929600000000000e+10
4.799999999999999822e-01 4.047999200000000000e+12 1.119568000000000000e+11 9.756945300000000000e+10
4.829999999999999849e-01 3.933813100000000000e+12 1.112994100000000000e+11 9.583439200000000000e+10
4.859999999999999876e-01 3.896344500000000000e+12 1.111683800000000000e+11 9.448016400000000000e+10
4.889999999999999902e-01 3.909439500000000000e+12 1.112953700000000000e+11 9.532071200000000000e+10
4.919999999999999929e-01 4.104209700000000000e+12 1.116902800000000000e+11 9.580374200000000000e+10
4.949999999999999956e-01 4.158541700000000000e+12 1.105964500000000000e+11 9.476047800000000000e+10
4.979999999999999982e-01 4.072360000000000000e+12 1.091247900000000000e+11 9.442232800000000000e+10
5.010000000000000009e-01 3.957434000000000000e+12 1.078810900000000000e+11 9.349575700000000000e+10
5.040000000000000036e-01 3.979886400000000000e+12 1.077774400000000000e+11 9.287879500000000000e+10
5.070000000000000062e-01 4.084121500000000000e+12 1.074282500000000000e+11 9.268185800000000000e+10
5.100000000000000089e-01 3.892013700000000000e+12 1.056286100000000000e+11 9.062717500000000000e+10
5.130000000000000115e-01 3.908018800000000000e+12 1.056023100000000000e+11 9.052135500000000000e+10
5.160000000000000142e-01 4.011932000000000000e+12 1.057159100000000000e+11 9.103311100000000000e+10
5.190000000000000169e-01 4.030560200000000000e+12 1.054524800000000000e+11 9.001069300000000000e+10
5.220000000000000195e-01 3.917599500000000000e+12 1.043846700000000000e+11 8.952215200000000000e+10
5.250000000000000222e-01 3.854800800000000000e+12 1.035181300000000000e+11 8.785738400000000000e+10
5.280000000000000249e-01 3.832794800000000000e+12 1.030753000000000000e+11 8.688222700000000000e+10
5.310000000000000275e-01 3.908500400000000000e+12 1.032980500000000000e+11 8.840135700000000000e+10
5.340000000000000302e-01 3.932294200000000000e+12 1.026286900000000000e+11 8.688480700000000000e+10
5.370000000000000329e-01 3.840467100000000000e+12 1.021522400000000000e+11 8.747163800000000000e+10
5.400000000000000355e-01 3.821071400000000000e+12 1.016975400000000000e+11 8.655777900000000000e+10
5.430000000000000382e-01 3.757498800000000000e+12 1.008377900000000000e+11 8.502804400000000000e+10
5.460000000000000409e-01 3.772831700000000000e+12 1.010395300000000000e+11 8.527353900000000000e+10
5.490000000000000435e-01 3.691158400000000000e+12 1.002386000000000000e+11 8.471841500000000000e+10
5.520000000000000462e-01 3.789982300000000000e+12 1.002381800000000000e+11 8.508637000000000000e+10
5.550000000000000488e-01 3.779585500000000000e+12 9.976428600000000000e+10 8.388297700000000000e+10
5.580000000000000515e-01 3.814765200000000000e+12 9.938463300000000000e+10 8.355703500000000000e+10
5.610000000000000542e-01 3.770882500000000000e+12 9.910436300000000000e+10 8.363573300000000000e+10
5.639999999999999458e-01 3.761976800000000000e+12 9.902533000000000000e+10 8.399320600000000000e+10
5.669999999999999485e-01 3.724832300000000000e+12 9.826955900000000000e+10 8.364879400000000000e+10
5.699999999999999512e-01 3.792043700000000000e+12 9.848746600000000000e+10 8.366648400000000000e+10
5.729999999999999538e-01 3.727111100000000000e+12 9.816962200000000000e+10 8.205174700000000000e+10
5.759999999999999565e-01 3.671474100000000000e+12 9.857763600000000000e+10 8.228938500000000000e+10
5.789999999999999591e-01 3.711121800000000000e+12 9.942938600000000000e+10 8.355269100000000000e+10
5.819999999999999618e-01 3.858533800000000000e+12 1.001147000000000000e+11 8.434312100000000000e+10
5.849999999999999645e-01 3.798523800000000000e+12 1.000388600000000000e+11 8.464189700000000000e+10
5.879999999999999671e-01 3.713772400000000000e+12 1.001158700000000000e+11 8.440642400000000000e+10
5.909999999999999698e-01 3.607993000000000000e+12 9.977250100000000000e+10 8.310321900000000000e+10
5.939999999999999725e-01 3.561357600000000000e+12 9.973502100000000000e+10 8.359606000000000000e+10
5.969999999999999751e-01 3.593570400000000000e+12 9.970389800000000000e+10 8.175639700000000000e+10
5.999999999999999778e-01 3.551408800000000000e+12 9.956611800000000000e+10 8.250572400000000000e+10
6.029999999999999805e-01 3.536252300000000000e+12 9.895949000000000000e+10 8.234510800000000000e+10
6.059999999999999831e-01 3.570342300000000000e+12 9.812959200000000000e+10 8.191571600000000000e+10
6.089999999999999858e-01 3.553382500000000000e+12 9.668618600000000000e+10 7.924213800000000000e+10
6.119999999999999885e-01 3.584424500000000000e+12 9.644445200000000000e+10 7.961026000000000000e+10
6.149999999999999911e-01 3.496386000000000000e+12 9.562291400000000000e+10 7.866282200000000000e+10
6.179999999999999938e-01 3.558580800000000000e+12 9.573571600000000000e+10 7.881887600000000000e+10
6.209999999999999964e-01 3.490168300000000000e+12 9.485810500000000000e+10 7.704835500000000000e+10
6.239999999999999991e-01 3.469315000000000000e+12 9.462156000000000000e+10 7.780264600000000000e+10
6.270000000000000018e-01 3.455306400000000000e+12 9.403294400000000000e+10 7.711804300000000000e+10
6.300000000000000044e-01 3.450752600000000000e+12 9.364956600000000000e+10 7.664701700000000000e+10
6.330000000000000071e-01 3.562512800000000000e+12 9.425115000000000000e+10 7.808740600000000000e+10
6.360000000000000098e-01 3.577383700000000000e+12 9.370818300000000000e+10 7.813922200000000000e+10
6.390000000000000124e-01 3.479277200000000000e+12 9.259241700000000000e+10 7.507198200000000000e+10
6.420000000000000151e-01 3.383993300000000000e+12 9.198335500000000000e+10 7.435827500000000000e+10
6.450000000000000178e-01 3.471232500000000000e+12 9.256732900000000000e+10 7.681877800000000000e+10
6.480000000000000204e-01 3.552421800000000000e+12 9.246379100000000000e+10 7.630248900000000000e+10
6.510000000000000231e-01 3.453041200000000000e+12 9.159951800000000000e+10 7.499676900000000000e+10
6.540000000000000258e-01 3.405847100000000000e+12 9.110387800000000000e+10 7.399731000000000000e+10
6.570000000000000284e-01 3.371308800000000000e+12 9.070213300000000000e+10 7.380910600000000000e+10
6.600000000000000311e-01 3.420231900000000000e+12 9.075483800000000000e+10 7.354075300000000000e+10
6.630000000000000338e-01 3.401250200000000000e+12 9.046297900000000000e+10 7.387385200000000000e+10
6.660000000000000364e-01 3.371535300000000000e+12 9.011055700000000000e+10 7.424582300000000000e+10
6.690000000000000391e-01 3.500657200000000000e+12 9.035355200000000000e+10 7.513401700000000000e+10
6.720000000000000417e-01 3.495347900000000000e+12 8.992082200000000000e+10 7.371125300000000000e+10
6.750000000000000444e-01 3.445028800000000000e+12 8.941536400000000000e+10 7.207188700000000000e+10
6.780000000000000471e-01 3.486892600000000000e+12 8.949527800000000000e+10 7.308127300000000000e+10
6.810000000000000497e-01 3.328556400000000000e+12 8.850783200000000000e+10 7.127627500000000000e+10
6.840000000000000524e-01 3.396266700000000000e+12 8.864399400000000000e+10 7.118450900000000000e+10
6.870000000000000551e-01 3.290296800000000000e+12 8.808599100000000000e+10 7.088239400000000000e+10
6.899999999999999467e-01 3.432203100000000000e+12 8.833195200000000000e+10 7.069464100000000000e+10
6.929999999999999494e-01 3.351296900000000000e+12 8.779742600000000000e+10 7.022007300000000000e+10
6.959999999999999520e-01 3.377330900000000000e+12 8.748028200000000000e+10 7.014202500000000000e+10
6.989999999999999547e-01 3.436554700000000000e+12 8.779380400000000000e+10 7.142478500000000000e+10
7.019999999999999574e-01 3.225951900000000000e+12 8.680562900000000000e+10 7.003275000000000000e+10
7.049999999999999600e-01 3.411767500000000000e+12 8.755851300000000000e+10 7.193072400000000000e+10
7.079999999999999627e-01 3.383347400000000000e+12 8.689269400000000000e+10 6.987153600000000000e+10
7.109999999999999654e-01 3.331127500000000000e+12 8.620506600000000000e+10 6.866126300000000000e+10
7.139999999999999680e-01 3.293199000000000000e+12 8.621444700000000000e+10 6.931975000000000000e+10
7.169999999999999707e-01 3.280384000000000000e+12 8.602357400000000000e+10 6.919566500000000000e+10
7.199999999999999734e-01 3.274281900000000000e+12 8.578820300000000000e+10 6.894243700000000000e+10
7.229999999999999760e-01 3.283272400000000000e+12 8.536129700000000000e+10 6.791535400000000000e+10
7.259999999999999787e-01 3.317020500000000000e+12 8.538157400000000000e+10 6.911884800000000000e+10
7.289999999999999813e-01 3.322756900000000000e+12 8.536721500000000000e+10 6.948923000000000000e+10
7.319999999999999840e-01 3.304879300000000000e+12 8.503481600000000000e+10 6.833399500000000000e+10
7.349999999999999867e-01 3.309379500000000000e+12 8.482590300000000000e+10 6.832711400000000000e+10
7.379999999999999893e-01 3.360839500000000000e+12 8.493414200000000000e+10 6.920141600000000000e+10
7.409999999999999920e-01 3.354699700000000000e+12 8.444665800000000000e+10 6.771938700000000000e+10
7.439999999999999947e-01 3.296815400000000000e+12 8.428002900000000000e+10 6.773684300000000000e+10
7.469999999999999973e-01 3.268256000000000000e+12 8.403209200000000000e+10 6.739870700000000000e+10
7.500000000000000000e-01 3.277858400000000000e+12 8.394621500000000000e+10 6.768948000000000000e+10
7.530000000000000027e-01 3.274461700000000000e+12 8.350371800000000000e+10 6.728242100000000000e+10
7.560000000000000053e-01 3.371842500000000000e+12 8.383099300000000000e+10 6.827719300000000000e+10
7.590000000000000080e-01 3.369170200000000000e+12 8.348268900000000000e+10 6.740473500000000000e+10
7.620000000000000107e-01 3.319832200000000000e+12 8.330804200000000000e+10 6.742873000000000000e+10
7.650000000000000133e-01 3.237645100000000000e+12 8.264677800000000000e+10 6.638389100000000000e+10
7.680000000000000160e-01 3.351610100000000000e+12 8.291964200000000000e+10 6.737971300000000000e+10
7.710000000000000187e-01 3.279381700000000000e+12 8.240543700000000000e+10 6.645187400000000000e+10
7.740000000000000213e-01 3.260744700000000000e+12 8.227861900000000000e+10 6.609377400000000000e+10
7.770000000000000240e-01 3.308766500000000000e+12 8.216828100000000000e+10 6.561133400000000000e+10
7.800000000000000266e-01 3.270045000000000000e+12 8.192302600000000000e+10 6.582160200000000000e+10
7.830000000000000293e-01 3.214565500000000000e+12 8.148058700000000000e+10 6.516635900000000000e+10
7.860000000000000320e-01 3.176509200000000000e+12 8.121058000000000000e+10 6.415856900000000000e+10
7.890000000000000346e-01 3.178659500000000000e+12 8.095675400000000000e+10 6.348116000000000000e+10
7.920000000000000373e-01 3.264043000000000000e+12 8.144703000000000000e+10 6.551133900000000000e+10
7.950000000000000400e-01 3.245360000000000000e+12 8.107553300000000000e+10 6.558204000000000000e+10
7.980000000000000426e-01 3.227025300000000000e+12 8.070365700000000000e+10 6.514337000000000000e+10
8.010000000000000453e-01 3.351602200000000000e+12 8.099892000000000000e+10 6.536481900000000000e+10
8.040000000000000480e-01 3.361111500000000000e+12 8.106874000000000000e+10 6.557175600000000000e+10
8.070000000000000506e-01 3.222525100000000000e+12 8.022173400000000000e+10 6.392755000000000000e+10
8.100000000000000533e-01 3.343375500000000000e+12 8.049670500000000000e+10 6.433724000000000000e+10
8.129999999999999449e-01 3.270385100000000000e+12 8.014056600000000000e+10 6.405341300000000000e+10
8.159999999999999476e-01 3.282813900000000000e+12 8.076565600000000000e+10 6.518270800000000000e+10
8.189999999999999503e-01 3.350804500000000000e+12 8.183527600000000000e+10 6.609981700000000000e+10
8.219999999999999529e-01 3.348922500000000000e+12 8.261225100000000000e+10 6.687238100000000000e+10
8.249999999999999556e-01 3.305542900000000000e+12 8.309266400000000000e+10 6.691725900000000000e+10
8.279999999999999583e-01 3.252234200000000000e+12 8.343389100000000000e+10 6.578282600000000000e+10
8.309999999999999609e-01 3.254795400000000000e+12 8.491734200000000000e+10 6.826859200000000000e+10
8.339999999999999636e-01 3.308750000000000000e+12 8.634725600000000000e+10 6.961030500000000000e+10
8.369999999999999662e-01 3.218058100000000000e+12 8.711401200000000000e+10 7.036781800000000000e+10
8.399999999999999689e-01 3.212912500000000000e+12 8.763847200000000000e+10 7.002582600000000000e+10
8.429999999999999716e-01 3.282235400000000000e+12 8.860609200000000000e+10 7.126076500000000000e+10
8.459999999999999742e-01 3.216233900000000000e+12 8.878187000000000000e+10 7.040203900000000000e+10
8.489999999999999769e-01 3.303838100000000000e+12 9.006633600000000000e+10 7.309235900000000000e+10
8.519999999999999796e-01 3.121701000000000000e+12 8.979781500000000000e+10 7.178465600000000000e+10
8.549999999999999822e-01 3.219155700000000000e+12 9.069776700000000000e+10 7.262416900000000000e+10
8.579999999999999849e-01 3.313899000000000000e+12 9.152074800000000000e+10 7.360864800000000000e+10
8.609999999999999876e-01 3.296031700000000000e+12 9.209563200000000000e+10 7.427070700000000000e+10
8.639999999999999902e-01 3.174680100000000000e+12 9.183006400000000000e+10 7.273708700000000000e+10
8.669999999999999929e-01 3.159080900000000000e+12 9.221223200000000000e+10 7.272514800000000000e+10
8.699999999999999956e-01 3.230847200000000000e+12 9.300880600000000000e+10 7.439648300000000000e+10
8.729999999999999982e-01 3.216064800000000000e+12 9.356940400000000000e+10 7.534127500000000000e+10
8.760000000000000009e-01 3.226425900000000000e+12 9.409820800000000000e+10 7.509133400000000000e+10
8.790000000000000036e-01 3.233992500000000000e+12 9.447248200000000000e+10 7.509932300000000000e+10
8.820000000000000062e-01 3.136027200000000000e+12 9.456253500000000000e+10 7.480423400000000000e+10
8.850000000000000089e-01 3.214788700000000000e+12 9.546334000000000000e+10 7.618689600000000000e+10
8.880000000000000115e-01 3.250804600000000000e+12 9.609856100000000000e+10 7.736083400000000000e+10
8.910000000000000142e-01 3.153819400000000000e+12 9.614873000000000000e+10 7.671155300000000000e+10
8.940000000000000169e-01 3.251436700000000000e+12 9.727984600000000000e+10 7.871779500000000000e+10
8.970000000000000195e-01 3.205438700000000000e+12 9.717350900000000000e+10 7.821038300000000000e+10
9.000000000000000222e-01 3.234051300000000000e+12 9.785037200000000000e+10 7.869016300000000000e+10
9.030000000000000249e-01 3.200400500000000000e+12 9.820057800000000000e+10 7.865715100000000000e+10
9.060000000000000275e-01 3.067653600000000000e+12 9.770783100000000000e+10 7.676901800000000000e+10
9.090000000000000302e-01 3.157726200000000000e+12 9.870706400000000000e+10 7.833822200000000000e+10
9.120000000000000329e-01 3.183576900000000000e+12 9.880418000000000000e+10 7.743453100000000000e+10
9.150000000000000355e-01 3.216793700000000000e+12 9.982161300000000000e+10 7.991809600000000000e+10
9.180000000000000382e-01 3.308370900000000000e+12 1.006760800000000000e+11 8.125738200000000000e+10
9.210000000000000409e-01 3.291224800000000000e+12 1.010941100000000000e+11 8.209445200000000000e+10
9.240000000000000435e-01 3.312453900000000000e+12 1.013663400000000000e+11 8.139183900000000000e+10
9.270000000000000462e-01 3.192726300000000000e+12 1.013849300000000000e+11 7.982493100000000000e+10
9.300000000000000488e-01 3.028684800000000000e+12 1.026362000000000000e+11 8.037254700000000000e+10
9.330000000000000515e-01 3.109778500000000000e+12 1.048454500000000000e+11 8.232554500000000000e+10
9.360000000000000542e-01 3.217470300000000000e+12 1.070036800000000000e+11 8.558510700000000000e+10
9.389999999999999458e-01 3.126162400000000000e+12 1.072498400000000000e+11 8.408663400000000000e+10
9.419999999999999485e-01 3.231964200000000000e+12 1.096991900000000000e+11 8.839763900000000000e+10
9.449999999999999512e-01 3.220581300000000000e+12 1.102888300000000000e+11 8.802178400000000000e+10
9.479999999999999538e-01 3.313007300000000000e+12 1.118763800000000000e+11 9.023521100000000000e+10
9.509999999999999565e-01 3.200063400000000000e+12 1.121044500000000000e+11 8.944965000000000000e+10
9.539999999999999591e-01 3.207422700000000000e+12 1.132068900000000000e+11 9.000732500000000000e+10
9.569999999999999618e-01 3.164407400000000000e+12 1.139165800000000000e+11 8.988203800000000000e+10
9.599999999999999645e-01 3.302685000000000000e+12 1.154706600000000000e+11 9.196552700000000000e+10
9.629999999999999671e-01 3.216455700000000000e+12 1.159772100000000000e+11 9.292937200000000000e+10
9.659999999999999698e-01 3.182224800000000000e+12 1.172483700000000000e+11 9.515537200000000000e+10
9.689999999999999725e-01 3.184051300000000000e+12 1.182347000000000000e+11 9.581089300000000000e+10
9.719999999999999751e-01 3.132920600000000000e+12 1.191253500000000000e+11 9.558470600000000000e+10
9.749999999999999778e-01 3.182470200000000000e+12 1.205513300000000000e+11 9.687119800000000000e+10
9.779999999999999805e-01 3.227196500000000000e+12 1.215704900000000000e+11 9.677162500000000000e+10
9.809999999999999831e-01 3.194430600000000000e+12 1.225977900000000000e+11 9.750796500000000000e+10
9.839999999999999858e-01 3.204428800000000000e+12 1.239602400000000000e+11 9.922546000000000000e+10
9.869999999999999885e-01 3.064884500000000000e+12 1.244933300000000000e+11 9.755720800000000000e+10
9.899999999999999911e-01 2.987546000000000000e+12 1.253207900000000000e+11 9.782604900000000000e+10
9.929999999999999938e-01 3.323430700000000000e+12 1.283619100000000000e+11 1.040990900000000000e+11
9.959999999999999964e-01 3.191105000000000000e+12 1.287683600000000000e+11 1.045064800000000000e+11
9.989999999999999991e-01 3.133573000000000000e+12 1.296027000000000000e+11 1.041251400000000000e+11
1.002000000000000002e+00 2.985667500000000000e+12 1.294585200000000000e+11 1.013510600000000000e+11
1.004999999999999893e+00 3.013081600000000000e+12 1.305780700000000000e+11 1.008128500000000000e+11
1.008000000000000007e+00 3.213127300000000000e+12 1.328761200000000000e+11 1.061838900000000000e+11
1.010999999999999899e+00 3.313411500000000000e+12 1.345666500000000000e+11 1.088710000000000000e+11
1.014000000000000012e+00 3.006617100000000000e+12 1.333760600000000000e+11 1.046573500000000000e+11
1.016999999999999904e+00 3.132185000000000000e+12 1.354032900000000000e+11 1.086901000000000000e+11
1.020000000000000018e+00 3.180661400000000000e+12 1.366277000000000000e+11 1.088923000000000000e+11
1.022999999999999909e+00 3.135556000000000000e+12 1.374181100000000000e+11 1.090198700000000000e+11
1.026000000000000023e+00 3.221965600000000000e+12 1.396432300000000000e+11 1.115869600000000000e+11
1.028999999999999915e+00 3.048926800000000000e+12 1.396175200000000000e+11 1.092827700000000000e+11
1.032000000000000028e+00 3.287680500000000000e+12 1.424916600000000000e+11 1.144247200000000000e+11
1.034999999999999920e+00 3.011678200000000000e+12 1.422127300000000000e+11 1.103640000000000000e+11
1.038000000000000034e+00 3.038196200000000000e+12 1.437489400000000000e+11 1.100983300000000000e+11
1.040999999999999925e+00 3.137442700000000000e+12 1.459685200000000000e+11 1.165344000000000000e+11
1.044000000000000039e+00 2.992092600000000000e+12 1.472862900000000000e+11 1.174220100000000000e+11
1.046999999999999931e+00 3.086269100000000000e+12 1.497333600000000000e+11 1.187776600000000000e+11
1.050000000000000044e+00 2.921866800000000000e+12 1.496026200000000000e+11 1.151343900000000000e+11
1.052999999999999936e+00 2.953797900000000000e+12 1.517539300000000000e+11 1.170462700000000000e+11
1.056000000000000050e+00 2.976353600000000000e+12 1.529126500000000000e+11 1.156641200000000000e+11
1.058999999999999941e+00 3.083560900000000000e+12 1.556045800000000000e+11 1.195555300000000000e+11
1.062000000000000055e+00 3.212435800000000000e+12 1.587294400000000000e+11 1.268947800000000000e+11
1.064999999999999947e+00 3.015057900000000000e+12 1.592669100000000000e+11 1.258422800000000000e+11
1.068000000000000060e+00 3.080002800000000000e+12 1.623898500000000000e+11 1.293372500000000000e+11
1.070999999999999952e+00 3.027362100000000000e+12 1.633792900000000000e+11 1.242762700000000000e+11
1.074000000000000066e+00 2.858364400000000000e+12 1.643350300000000000e+11 1.234371700000000000e+11
1.076999899999999899e+00 2.821956700000000000e+12 1.664441400000000000e+11 1.266706100000000000e+11
1.080000000000000071e+00 2.876850500000000000e+12 1.690027800000000000e+11 1.280477000000000000e+11
1.083000100000000021e+00 3.041161900000000000e+12 1.721260100000000000e+11 1.341962200000000000e+11
1.086000000000000076e+00 3.040458200000000000e+12 1.741994800000000000e+11 1.364661200000000000e+11
1.088999899999999910e+00 3.053309400000000000e+12 1.780203600000000000e+11 1.398553100000000000e+11
1.092000000000000082e+00 2.791052800000000000e+12 1.784324800000000000e+11 1.351832600000000000e+11
1.095000100000000032e+00 2.765323300000000000e+12 1.807984900000000000e+11 1.367914600000000000e+11
1.098000000000000087e+00 3.133236200000000000e+12 1.866871300000000000e+11 1.494852400000000000e+11
1.100999899999999920e+00 3.177304600000000000e+12 1.897487900000000000e+11 1.512933200000000000e+11
1.104000000000000092e+00 2.986757200000000000e+12 1.912985300000000000e+11 1.476656900000000000e+11
1.107000100000000042e+00 3.027462400000000000e+12 1.949030500000000000e+11 1.499559100000000000e+11
1.110000000000000098e+00 3.048155700000000000e+12 1.981527900000000000e+11 1.517801600000000000e+11
1.112999899999999931e+00 2.886892100000000000e+12 1.996832700000000000e+11 1.518046900000000000e+11
1.116000000000000103e+00 3.116588100000000000e+12 2.070541200000000000e+11 1.675151700000000000e+11
1.119000100000000053e+00 2.996982000000000000e+12 2.098467800000000000e+11 1.656409100000000000e+11
1.122000000000000108e+00 2.783839300000000000e+12 2.115232200000000000e+11 1.617832600000000000e+11
1.124999899999999942e+00 2.791606700000000000e+12 2.163087000000000000e+11 1.643532500000000000e+11
1.127999999999999892e+00 2.765658000000000000e+12 2.199984500000000000e+11 1.662055500000000000e+11
1.131000100000000064e+00 2.844863900000000000e+12 2.246943200000000000e+11 1.715422100000000000e+11
1.133999999999999897e+00 2.974622300000000000e+12 2.326162100000000000e+11 1.821592600000000000e+11
1.136999899999999952e+00 2.754995400000000000e+12 2.357944600000000000e+11 1.795989500000000000e+11
1.139999999999999902e+00 2.965138600000000000e+12 2.433600300000000000e+11 1.846734900000000000e+11
1.143000100000000074e+00 3.055005300000000000e+12 2.494635000000000000e+11 1.867918200000000000e+11
1.145999999999999908e+00 3.000827500000000000e+12 2.561362800000000000e+11 1.988704500000000000e+11
1.148999899999999963e+00 3.151967900000000000e+12 2.661350300000000000e+11 2.122432100000000000e+11
1.151999999999999913e+00 2.866201900000000000e+12 2.696836400000000000e+11 2.030448200000000000e+11
1.155000100000000085e+00 3.037615200000000000e+12 2.814006900000000000e+11 2.227259900000000000e+11
1.157999999999999918e+00 3.315354500000000000e+12 2.928858100000000000e+11 2.329034900000000000e+11
1.160999899999999974e+00 3.163523700000000000e+12 2.968374000000000000e+11 2.271981200000000000e+11
1.163999999999999924e+00 3.189069300000000000e+12 3.087898800000000000e+11 2.413057500000000000e+11
1.167000100000000096e+00 3.064076300000000000e+12 3.157483700000000000e+11 2.420512500000000000e+11
1.169999999999999929e+00 2.882124600000000000e+12 3.208879600000000000e+11 2.391483400000000000e+11
1.172999899999999984e+00 2.640654100000000000e+12 3.262809000000000000e+11 2.521362600000000000e+11
1.175999999999999934e+00 2.716657300000000000e+12 3.344288500000000000e+11 2.613069100000000000e+11
1.179000100000000106e+00 2.832378200000000000e+12 3.426797700000000000e+11 2.602881400000000000e+11
1.181999999999999940e+00 3.101185200000000000e+12 3.534753900000000000e+11 2.645788900000000000e+11
1.184999899999999995e+00 3.172987700000000000e+12 3.719600600000000000e+11 3.163570800000000000e+11
1.187999999999999945e+00 3.021063400000000000e+12 3.753211400000000000e+11 3.052227300000000000e+11
1.191000099999999895e+00 2.625855100000000000e+12 3.789319400000000000e+11 2.757591100000000000e+11
1.193999999999999950e+00 2.727428700000000000e+12 3.975695000000000000e+11 2.894862700000000000e+11
1.196999900000000006e+00 2.852710900000000000e+12 4.113780600000000000e+11 3.250202800000000000e+11
1.199999999999999956e+00 2.806647800000000000e+12 4.265352900000000000e+11 3.322450300000000000e+11
1.203000099999999906e+00 2.984049700000000000e+12 4.511388400000000000e+11 3.577133800000000000e+11
1.205999999999999961e+00 2.868488600000000000e+12 4.606134100000000000e+11 3.599782800000000000e+11
1.208999900000000016e+00 2.908000100000000000e+12 4.896157300000000000e+11 3.883249300000000000e+11
1.211999999999999966e+00 2.809474000000000000e+12 5.155345600000000000e+11 4.033641700000000000e+11
1.215000099999999916e+00 2.733077100000000000e+12 5.437925200000000000e+11 4.169877400000000000e+11
1.217999999999999972e+00 2.958913600000000000e+12 5.713824200000000000e+11 4.077713400000000000e+11
1.220999900000000027e+00 2.573115500000000000e+12 6.078729600000000000e+11 4.224949200000000000e+11
1.223999999999999977e+00 2.081918800000000000e+12 6.604751400000000000e+11 4.490354600000000000e+11
1.227000099999999927e+00 2.904020700000000000e+12 7.653262900000000000e+11 5.885620100000000000e+11
1.229999999999999982e+00 2.443062800000000000e+12 8.445161800000000000e+11 6.062840000000000000e+11
1.232999900000000038e+00 1.989651400000000000e+12 9.896920400000000000e+11 7.019627200000000000e+11
1.235999999999999988e+00 2.797037300000000000e+12 1.269546700000000000e+12 9.759128300000000000e+11
1.239000099999999938e+00 2.437082900000000000e+12 1.555344700000000000e+12 1.163167100000000000e+12
