7.340207999999999455e-02 -4.695698868352056885e+11 -5.758579738352056885e+11 -3.644419068352056885e+11
8.563576000000000521e-02 2.483466018947574463e+11 -5.677704491052425537e+11 -4.330556481052425537e+11
9.786944799999999778e-02 1.101851069769260742e+12 -5.654664802307392578e+11 -5.007137902307392578e+11
1.101031299999999935e-01 1.481386598691552979e+12 -5.707315913084470215e+11 -5.393789153084470215e+11
1.223368100000000042e-01 1.644729759435979004e+12 -5.733687865640209961e+11 -5.529593365640209961e+11
1.345704799999999923e-01 1.654050441464705078e+12 -5.751988915352949219e+11 -5.605841285352949219e+11
1.468041599999999891e-01 1.614057533240962158e+12 -5.768252747590378418e+11 -5.687534777590378418e+11
1.590378400000000136e-01 1.540036121781148438e+12 -5.785938382188516846e+11 -5.727611002188516846e+11
1.712715200000000104e-01 1.436191292962746582e+12 -5.803971960372535400e+11 -5.739680230372535400e+11
1.835052000000000072e-01 1.323320631454714111e+12 -5.820150595452858887e+11 -5.758710545452858887e+11
1.957388999999999935e-01 1.248169720943711426e+12 -5.831823920562884521e+11 -5.755607070562884521e+11
2.079725799999999902e-01 1.140931143267029785e+12 -5.840780267329703369e+11 -5.750837167329703369e+11
2.202062599999999870e-01 1.114939079709194580e+12 -5.834967192908054199e+11 -5.768760812908054199e+11
2.324399400000000115e-01 1.030765110159599854e+12 -5.840552028404001465e+11 -5.804789528404001465e+11
2.446736200000000083e-01 9.560796133281247559e+11 -5.846949536718752441e+11 -5.782250176718752441e+11
2.569073000000000051e-01 8.960929667519727783e+11 -5.850058442480272217e+11 -5.770179962480272217e+11
2.691409599999999847e-01 8.179537465104058838e+11 -5.856989464895941162e+11 -5.784814394895941162e+11
2.813746599999999987e-01 7.800996286944951172e+11 -5.858644383055048828e+11 -5.793354043055048828e+11
2.936083199999999782e-01 6.867893861745927734e+11 -5.869805388254072266e+11 -5.818006438254072266e+11
3.058420199999999922e-01 6.076087931125352783e+11 -5.881514818874647217e+11 -5.842454958874647217e+11
3.180756800000000273e-01 5.280152200096341553e+11 -5.890263489903658447e+11 -5.862539969903658447e+11
3.303093799999999858e-01 5.017197388630140381e+11 -5.893546731369859619e+11 -5.861979851369859619e+11
3.425430400000000208e-01 4.637540178410373535e+11 -5.896604951589626465e+11 -5.853532141589626465e+11
3.547767399999999793e-01 4.111637268119952393e+11 -5.901331931880047607e+11 -5.870168301880047607e+11
3.670104000000000144e-01 3.760943716500214844e+11 -5.903413013499785156e+11 -5.875126813499785156e+11
3.792440999999999729e-01 3.456422501329373779e+11 -5.905657358670626221e+11 -5.869881148670626221e+11
3.914777899999999922e-01 3.127309464936499023e+11 -5.907524705063500977e+11 -5.882157995063500977e+11
4.037114600000000220e-01 2.801291246251767578e+11 -5.908647833748232422e+11 -5.884284703748232422e+11
4.159451499999999857e-01 2.762117484200435791e+11 -5.907895495799564209e+11 -5.886315245799564209e+11
4.281788200000000155e-01 2.424306990521820068e+11 -5.909288923478179932e+11 -5.883958529478179932e+11
4.404125099999999793e-01 2.317538783853531494e+11 -5.909006531146468506e+11 -5.895682076146468506e+11
4.526461800000000091e-01 2.126305854990944824e+11 -5.908955950009055176e+11 -5.890318745009055176e+11
4.648798699999999728e-01 2.139938202755130615e+11 -5.906842734244869385e+11 -5.892786547244869385e+11
4.771135400000000026e-01 2.102865797490372314e+11 -5.905745335509627686e+11 -5.886646102509627686e+11
4.893472300000000219e-01 2.180084018694672852e+11 -5.903170198305327148e+11 -5.880808401305327148e+11
5.015808999999999962e-01 1.981061816776588135e+11 -5.903098632223411865e+11 -5.884887633223411865e+11
5.138145899999999600e-01 2.188237352426165771e+11 -5.899928235573834229e+11 -5.883676377573834229e+11
5.260482600000000453e-01 2.303969256653398438e+11 -5.897230419346601562e+11 -5.874574223346601562e+11
5.382819199999999693e-01 2.485339063802609863e+11 -5.894009414197390137e+11 -5.873016736197390137e+11
5.505156500000000230e-01 2.606254218494536133e+11 -5.891328349505463867e+11 -5.877027834505463867e+11
5.627493099999999471e-01 2.821222896520972900e+11 -5.887883896479027100e+11 -5.871887743479027100e+11
5.749829800000000324e-01 2.863658724552586670e+11 -5.884934330447413330e+11 -5.871683074447413330e+11
5.872166399999999564e-01 2.891206993231575928e+11 -5.882627069768424072e+11 -5.865137335768424072e+11
5.994503700000000102e-01 3.174681513713406982e+11 -5.878848293286593018e+11 -5.861756514286593018e+11
6.116840300000000452e-01 3.313767324419827881e+11 -5.875251422580172119e+11 -5.861308954580172119e+11
6.239177000000000195e-01 3.467283819760666504e+11 -5.872077272239333496e+11 -5.854176214239333496e+11
6.361513600000000546e-01 3.694199656690021973e+11 -5.868138966309978027e+11 -5.849016583309978027e+11
6.483850899999999973e-01 3.954677215281677246e+11 -5.863898614718322754e+11 -5.846144604718322754e+11
6.606187500000000323e-01 3.882570099156237793e+11 -5.861546556843762207e+11 -5.842554950843762207e+11
6.728524200000000066e-01 4.095349472916531982e+11 -5.857317490083468018e+11 -5.844613007083468018e+11
6.850860800000000417e-01 4.421237862384499512e+11 -5.852939600615500488e+11 -5.836295104615500488e+11
6.973198099999999844e-01 4.491767719069084473e+11 -5.849293333930915527e+11 -5.833106073930915527e+11
7.095534700000000194e-01 4.390117414497618408e+11 -5.846448972502381592e+11 -5.828480446502381592e+11
7.217871399999999937e-01 4.362762386045991211e+11 -5.843245300954008789e+11 -5.829633329954008789e+11
7.340208000000000288e-01 4.487501031086748047e+11 -5.839230069913251953e+11 -5.829003861913251953e+11
7.462545299999999715e-01 4.625627775200194092e+11 -5.835317859799805908e+11 -5.822680152799805908e+11
7.584881900000000066e-01 4.800119960652454834e+11 -5.830838353347545166e+11 -5.813389597347545166e+11
7.707218599999999809e-01 4.871696000284621582e+11 -5.827171257715378418e+11 -5.812734621715378418e+11
7.829555799999999843e-01 4.874093287697126465e+11 -5.823238302302873535e+11 -5.811341618302873535e+11
7.951892499999999586e-01 4.825994159636032715e+11 -5.819384121363967285e+11 -5.803968168363967285e+11
8.074229099999999937e-01 4.711160997694149170e+11 -5.816232867305850830e+11 -5.803896417305850830e+11
8.196565799999999680e-01 4.793206171085203857e+11 -5.811815661914796143e+11 -5.793640419914796143e+11
8.318902999999999714e-01 4.762513051654493408e+11 -5.807994155345506592e+11 -5.788657549345506592e+11
8.441239699999999457e-01 4.769638952771389160e+11 -5.803690600228610840e+11 -5.789636443228610840e+11
8.563576299999999808e-01 4.661035235763977051e+11 -5.800035510236022949e+11 -5.788712611236022949e+11
8.685912999999999551e-01 4.406616249966467285e+11 -5.796881066033532715e+11 -5.781559693033532715e+11
8.808250199999999586e-01 4.472816348392343750e+11 -5.791922562607656250e+11 -5.775951396607656250e+11
8.930586900000000439e-01 4.317423824094715576e+11 -5.788312964905284424e+11 -5.773707910905284424e+11
9.052923499999999679e-01 4.115852621096009521e+11 -5.784680836903990479e+11 -5.771281051903990479e+11
9.175260200000000532e-01 4.029630871842478027e+11 -5.780515820157521973e+11 -5.766118671157521973e+11
9.297597399999999457e-01 4.010698013504554443e+11 -5.776095630495445557e+11 -5.763753108495445557e+11
9.419934100000000310e-01 3.837901721944515381e+11 -5.772049665055484619e+11 -5.757462671055484619e+11
9.542270699999999550e-01 3.745904026895944824e+11 -5.767760037104055176e+11 -5.752247204104055176e+11
9.664607400000000403e-01 3.689534646963251953e+11 -5.763182929036748047e+11 -5.753038727036748047e+11
9.786944600000000438e-01 3.482318706513028564e+11 -5.759275726486971436e+11 -5.747412744486971436e+11
9.909281300000000181e-01 3.336316967391674805e+11 -5.754817410608325195e+11 -5.742091119608325195e+11
1.003161799999999992e+00 3.152374952437353516e+11 -5.750584809562646484e+11 -5.741713739562646484e+11
1.015395499999999895e+00 3.058102473963455811e+11 -5.746018252036544189e+11 -5.735269364036544189e+11
1.027629200000000020e+00 2.879040816007556152e+11 -5.741535661992443848e+11 -5.726933076992443848e+11
1.039862800000000087e+00 2.721391429128907471e+11 -5.737119610871092529e+11 -5.727077049871092529e+11
1.052096499999999990e+00 2.633504594613720703e+11 -5.732380937386279297e+11 -5.723215069386279297e+11
1.064330199999999893e+00 2.426571259778507080e+11 -5.728227451221492920e+11 -5.718323520221492920e+11
1.076563799999999960e+00 2.340730969221783447e+11 -5.723198355778216553e+11 -5.712861608778216553e+11
1.088797599999999921e+00 2.231759947137416992e+11 -5.718415535862583008e+11 -5.709618658862583008e+11
1.101031300000000046e+00 2.203246445300089111e+11 -5.712894742699910889e+11 -5.704369665699910889e+11
1.113264899999999891e+00 2.060579149387958984e+11 -5.707577838612041016e+11 -5.696562328612041016e+11
1.125498600000000016e+00 1.911175437135201416e+11 -5.702645316864798584e+11 -5.691343136864798584e+11
1.137732399999999977e+00 1.847405494707279053e+11 -5.697047224292720947e+11 -5.687792621292720947e+11
1.149966000000000044e+00 1.745056467240074463e+11 -5.691594995759925537e+11 -5.681284142759925537e+11
1.162199699999999947e+00 1.578697379541871338e+11 -5.686612256458128662e+11 -5.674347083458128662e+11
1.174433300000000013e+00 1.542504822572838135e+11 -5.680795817427161865e+11 -5.670089145427161865e+11
1.186666999999999916e+00 1.440551576174144287e+11 -5.675579486825855713e+11 -5.666645464825855713e+11
1.198900700000000041e+00 1.320110878937927246e+11 -5.670288230062072754e+11 -5.659162051062072754e+11
1.211134300000000108e+00 1.428696269145628662e+11 -5.663973950854371338e+11 -5.653968533854371338e+11
1.223368100000000069e+00 1.395004078457030029e+11 -5.658405314542969971e+11 -5.648741781542969971e+11
1.235601799999999972e+00 1.380415150804055176e+11 -5.652471322195944824e+11 -5.642368203195944824e+11
1.247835400000000039e+00 1.274305675081381836e+11 -5.647280460918618164e+11 -5.638026530918618164e+11
1.260069099999999942e+00 1.183768539679522705e+11 -5.641536123320477295e+11 -5.631970061320477295e+11
1.272302700000000009e+00 1.259225739424071045e+11 -5.635262342575928955e+11 -5.626581869575928955e+11
1.284536399999999912e+00 1.233160266996864014e+11 -5.629623208003135986e+11 -5.620714828003135986e+11
1.296770200000000095e+00 1.218684519449959717e+11 -5.623172989550040283e+11 -5.615633663550040283e+11
1.309003799999999940e+00 1.223071946586263428e+11 -5.616666985413736572e+11 -5.608366825413736572e+11
1.321237500000000065e+00 1.178522298277020264e+11 -5.610773879722979736e+11 -5.601879304722979736e+11
1.333471199999999968e+00 1.146226228506513672e+11 -5.605087355493486328e+11 -5.593885417493486328e+11
1.345704800000000034e+00 1.209591293293234863e+11 -5.598777288706765137e+11 -5.588631525706765137e+11
1.357938599999999996e+00 1.206473652941755371e+11 -5.592681576058244629e+11 -5.582859666058244629e+11
1.370172200000000062e+00 1.189595518201987305e+11 -5.586792860798012695e+11 -5.578178170798012695e+11
1.382405899999999965e+00 1.170835556312126465e+11 -5.580780150687873535e+11 -5.572207376687873535e+11
1.394639600000000090e+00 1.259814035991538086e+11 -5.574322697008461914e+11 -5.568248215008461914e+11
1.406873199999999935e+00 1.261394929022502441e+11 -5.568211010977497559e+11 -5.558629658977497559e+11
1.419106900000000060e+00 1.276274264237711182e+11 -5.562059050762288818e+11 -5.551548863762288818e+11
1.431340700000000021e+00 1.226643172831845703e+11 -5.556180604168154297e+11 -5.547400020168154297e+11
1.443574300000000088e+00 1.284212035642000732e+11 -5.549708112357999268e+11 -5.540441616357999268e+11
1.455807999999999991e+00 1.342170746195059814e+11 -5.543580180804940186e+11 -5.531963908804940186e+11
1.468041600000000058e+00 1.317186145293968506e+11 -5.537350943706031494e+11 -5.527842750706031494e+11
1.480275299999999961e+00 1.333706085003590088e+11 -5.531054307996409912e+11 -5.519883456996409912e+11
1.492509099999999922e+00 1.357144319244085693e+11 -5.524777486755914307e+11 -5.517145170755914307e+11
1.504742699999999989e+00 1.383836350775844727e+11 -5.519060544224155273e+11 -5.510451043224155273e+11
1.516976399999999892e+00 1.277883299427207031e+11 -5.514179393572792969e+11 -5.505331968572792969e+11
1.529210100000000017e+00 1.290783282573597412e+11 -5.507976932426402588e+11 -5.500134578426402588e+11
1.541443700000000083e+00 1.353626422808380127e+11 -5.501964820191619873e+11 -5.493506333191619873e+11
1.553677399999999986e+00 1.355915105432504883e+11 -5.496003269567495117e+11 -5.488127404567495117e+11
1.565911199999999948e+00 1.343571117309334717e+11 -5.489969724690665283e+11 -5.479324961690665283e+11
1.578144800000000014e+00 1.370845093651246338e+11 -5.483863947348753662e+11 -5.473607279348753662e+11
1.590378499999999917e+00 1.413281690922165527e+11 -5.477662368077834473e+11 -5.467733518077834473e+11
1.602612099999999984e+00 1.365066909306323242e+11 -5.471666999693676758e+11 -5.463223949693676758e+11
1.614845800000000109e+00 1.358227666101361084e+11 -5.465482567898638916e+11 -5.457593605898638916e+11
1.627079600000000070e+00 1.370282480172680664e+11 -5.459378993827319336e+11 -5.452684966827319336e+11
1.639313199999999915e+00 1.397112018696138916e+11 -5.453162388303861084e+11 -5.444321191303861084e+11
1.651546900000000040e+00 1.409008072734605713e+11 -5.447048684265394287e+11 -5.438999855265394287e+11
1.663780599999999943e+00 1.397790129338894043e+11 -5.440809226661105957e+11 -5.432188233661105957e+11
1.676014200000000010e+00 1.367371782764685669e+11 -5.434648330235314331e+11 -5.426957026235314331e+11
1.688247899999999913e+00 1.418568793656027832e+11 -5.428236275343972168e+11 -5.420813695343972168e+11
1.700481499999999979e+00 1.287790418473997192e+11 -5.422535518526002808e+11 -5.414355405526002808e+11
1.712715299999999941e+00 1.316376286513902588e+11 -5.416114620486097412e+11 -5.407442092486097412e+11
1.724949000000000066e+00 1.293084916929328613e+11 -5.409987107070671387e+11 -5.402200865070671387e+11
1.737182599999999910e+00 1.248284096008262939e+11 -5.403898324991737061e+11 -5.394836060991737061e+11
1.749416300000000035e+00 1.221597224486790771e+11 -5.397694177513209229e+11 -5.389355638513209229e+11
1.761649999999999938e+00 1.221083552338536987e+11 -5.391411017661463013e+11 -5.382377601661463013e+11
1.773883600000000005e+00 1.242826838081123657e+11 -5.385014164918876343e+11 -5.375820671918876343e+11
1.786117399999999966e+00 1.213371661259500732e+11 -5.378851853740499268e+11 -5.371490145740499268e+11
1.798351000000000033e+00 1.211865338737574463e+11 -5.372648205262425537e+11 -5.364639918262425537e+11
1.810584699999999936e+00 1.233578267906714478e+11 -5.366209416093285522e+11 -5.359139277093285522e+11
1.822818400000000061e+00 1.124037243004746704e+11 -5.360338539995253296e+11 -5.353251086995253296e+11
1.835051999999999905e+00 1.156276567610329590e+11 -5.353861757389670410e+11 -5.347557892389670410e+11
1.847285800000000089e+00 1.157887766813218384e+11 -5.347656743186781616e+11 -5.342192297186781616e+11
1.859519499999999992e+00 1.170217557149104614e+11 -5.341276673850895386e+11 -5.333725326850895386e+11
1.871753100000000059e+00 1.048151824003184814e+11 -5.335378796996815186e+11 -5.327661069996815186e+11
1.883986799999999961e+00 1.065112668451837769e+11 -5.329035582548162231e+11 -5.319958918548162231e+11
1.896220500000000087e+00 1.108090142669911499e+11 -5.322599809330088501e+11 -5.313704810330088501e+11
1.908454099999999931e+00 9.751472090970275879e+10 -5.316775460902972412e+11 -5.307984840902972412e+11
1.920687899999999892e+00 1.111094451784808350e+11 -5.309981212215191650e+11 -5.302014329215191650e+11
1.932921499999999959e+00 1.119968795424279175e+11 -5.303719145575720825e+11 -5.294666532575720825e+11
1.945155200000000084e+00 1.051172944891842041e+11 -5.297655215108157959e+11 -5.291079216108157959e+11
1.957388899999999987e+00 1.071363504569105835e+11 -5.291346112430894165e+11 -5.284549980430894165e+11
1.969622500000000054e+00 1.001113989854283447e+11 -5.285231604145716553e+11 -5.279012744145716553e+11
1.981856300000000015e+00 9.449895374998370361e+10 -5.279130016500162964e+11 -5.272566814500162964e+11
1.994089999999999918e+00 9.693571797639794922e+10 -5.272810320236020508e+11 -5.265477157236020508e+11
2.006323599999999985e+00 9.211324181121649170e+10 -5.266720127887835083e+11 -5.258761125887835083e+11
2.018557299999999888e+00 8.861350701240521240e+10 -5.260695487875947876e+11 -5.254803222875947876e+11
2.030790899999999954e+00 9.309217552015460205e+10 -5.254165763798453979e+11 -5.249633609798453979e+11
2.043024599999999857e+00 9.205889138460455322e+10 -5.247946672153954468e+11 -5.242114023153954468e+11
2.055258400000000041e+00 9.120931934949334717e+10 -5.241806733505066528e+11 -5.234572242505066528e+11
2.067492000000000107e+00 8.524808972449310303e+10 -5.235743651755068970e+11 -5.227807734755068970e+11
2.079725700000000010e+00 8.474574532402307129e+10 -5.229530925759769287e+11 -5.222592577759769287e+11
2.091959399999999913e+00 9.023325932100567627e+10 -5.223113136789943237e+11 -5.216922557789943237e+11
2.104192999999999980e+00 9.134291615515783691e+10 -5.216941887448421631e+11 -5.209917315448421631e+11
2.116426800000000163e+00 8.452601226469055176e+10 -5.210933303353094482e+11 -5.205102379353094482e+11
2.128660399999999786e+00 8.530605906412048340e+10 -5.204626815358795166e+11 -5.199902952358795166e+11
2.140894100000000133e+00 8.573917551721929932e+10 -5.198494724827807007e+11 -5.191384533827807007e+11
2.153127700000000200e+00 8.573663601483441162e+10 -5.192365578851655884e+11 -5.186086219851655884e+11
2.165361400000000103e+00 8.718981691178765869e+10 -5.186185832882123413e+11 -5.180374025882123413e+11
2.177595100000000006e+00 9.275402041056201172e+10 -5.179843057894379883e+11 -5.173441305894379883e+11
2.189828900000000189e+00 9.416970035043646240e+10 -5.173592156495635376e+11 -5.166542012495635376e+11
2.202062600000000092e+00 8.763373653361718750e+10 -5.167665794663828125e+11 -5.161582129663828125e+11
2.214296099999999878e+00 8.776171532009863281e+10 -5.161576892799013672e+11 -5.155324830799013672e+11
2.226529799999999781e+00 9.023690001799084473e+10 -5.155387817820091553e+11 -5.148462827820091553e+11
2.238763500000000128e+00 8.563114463647296143e+10 -5.149433130635270386e+11 -5.142658626635270386e+11
2.250997200000000031e+00 8.464378485526617432e+10 -5.143363038447338257e+11 -5.135366791447338257e+11
2.263231000000000215e+00 8.830169287798376465e+10 -5.137102688220162354e+11 -5.130612828220162354e+11
2.275464700000000118e+00 8.874391713058007812e+10 -5.131059766694199219e+11 -5.124710237694199219e+11
2.287698199999999904e+00 8.435491265225012207e+10 -5.125082170477498779e+11 -5.118665115477498779e+11
2.299931899999999807e+00 8.728919127709906006e+10 -5.118838052229009399e+11 -5.111723554229009399e+11
2.312165600000000154e+00 8.712398596434570312e+10 -5.112959767356542969e+11 -5.106359701356542969e+11
2.324399399999999893e+00 8.581614638748651123e+10 -5.106956420125134888e+11 -5.101284061125134888e+11
2.336633099999999796e+00 8.593935867125170898e+10 -5.100853630287482910e+11 -5.094513119287482910e+11
2.348866600000000027e+00 9.012017560992443848e+10 -5.094628910900755615e+11 -5.087173111900755615e+11
2.361100299999999930e+00 8.473889668058276367e+10 -5.088869883194172363e+11 -5.081136419194172363e+11
2.373333999999999833e+00 8.555187285155541992e+10 -5.082808439484445801e+11 -5.076191091484445801e+11
2.385567700000000180e+00 8.443963679399591064e+10 -5.076825444060040894e+11 -5.069843644060040894e+11
2.397801499999999919e+00 8.160442783852008057e+10 -5.070988887614799194e+11 -5.065162194614799194e+11
2.410034899999999869e+00 8.102621712693688965e+10 -5.064997139730631104e+11 -5.059136466730631104e+11
2.422268700000000052e+00 8.329638227219628906e+10 -5.058993793278037109e+11 -5.053218056278037109e+11
2.434502399999999955e+00 8.172960790126849365e+10 -5.053044921987315063e+11 -5.047489446987315063e+11
2.446736099999999858e+00 8.044710029296478271e+10 -5.047062340070352173e+11 -5.041099558070352173e+11
2.458969900000000042e+00 7.885507750299743652e+10 -5.041259439970025635e+11 -5.035321063970025635e+11
2.471203599999999945e+00 8.083190457813629150e+10 -5.035167239218637085e+11 -5.029309660218637085e+11
2.483437100000000175e+00 8.449954341948126221e+10 -5.029207786805187378e+11 -5.023728007805187378e+11
2.495670800000000078e+00 8.804690247835577393e+10 -5.023133719216442261e+11 -5.017456670216442261e+11
2.507904499999999981e+00 8.644151251618292236e+10 -5.017267143838170776e+11 -5.010977091838170776e+11
2.520138199999999884e+00 8.369152613565063477e+10 -5.011463826643493652e+11 -5.006138775643493652e+11
2.532372000000000067e+00 8.451416284501666260e+10 -5.005480894549833374e+11 -5.000492539549833374e+11
2.544605400000000017e+00 8.503331475293939209e+10 -4.999629223470606079e+11 -4.994901087470606079e+11
2.556839200000000201e+00 8.318751980365686035e+10 -4.993814917963431396e+11 -4.988242895963431396e+11
2.569072900000000104e+00 8.409223429359759521e+10 -4.987894368064024048e+11 -4.982241399064024048e+11
2.581306600000000007e+00 8.474549609321331787e+10 -4.981915160067866821e+11 -4.975801790067866821e+11
2.593540400000000190e+00 8.047751524774731445e+10 -4.976217004522526855e+11 -4.969774881522526855e+11
2.605773800000000140e+00 8.190986474470343018e+10 -4.970397868552965698e+11 -4.963766003552965698e+11
2.618007599999999879e+00 8.708697331912744141e+10 -4.964229816808725586e+11 -4.958544498808725586e+11
2.630241299999999782e+00 7.559075857420092773e+10 -4.958749623257990723e+11 -4.953212419257990723e+11
2.642475000000000129e+00 7.839683977938916016e+10 -4.952722581206108398e+11 -4.946853402206108398e+11
2.654708700000000032e+00 8.034323375439532471e+10 -4.946829630456046753e+11 -4.940899228456046753e+11
2.666942500000000216e+00 8.041471467100085449e+10 -4.941035157289991455e+11 -4.935805354289991455e+11
2.679175900000000166e+00 8.338365003150250244e+10 -4.935091441684974976e+11 -4.929550506684974976e+11
2.691409699999999905e+00 7.732953321925561523e+10 -4.929411008807443848e+11 -4.924674510807443848e+11
2.703643399999999808e+00 7.287643699241864014e+10 -4.923603399075813599e+11 -4.918858104075813599e+11
2.715877100000000155e+00 7.173628603698529053e+10 -4.917869185630147095e+11 -4.912452666630147095e+11
2.728110800000000058e+00 8.225728295784161377e+10 -4.911554866421583862e+11 -4.906285189421583862e+11
2.740344299999999844e+00 7.481281347124682617e+10 -4.905998133287531738e+11 -4.899411340287531738e+11
2.752578000000000191e+00 7.708227544540734863e+10 -4.900065731545926514e+11 -4.894561528545926514e+11
2.764811799999999931e+00 8.023439540619970703e+10 -4.894073180938002930e+11 -4.887815369938002930e+11
2.777045499999999834e+00 7.312371806836547852e+10 -4.888488697316345215e+11 -4.882550429316345215e+11
2.789279200000000181e+00 7.095787593326605225e+10 -4.882528460667339478e+11 -4.877750528667339478e+11
2.801512999999999920e+00 7.039166476539678955e+10 -4.876678081346032104e+11 -4.872022939346032104e+11
2.813746399999999870e+00 7.170885429598516846e+10 -4.870749265040148315e+11 -4.865486163040148315e+11
2.825980200000000053e+00 7.308984132157965088e+10 -4.864790248784203491e+11 -4.859956316784203491e+11
2.838213899999999956e+00 7.040428251699725342e+10 -4.858980227830027466e+11 -4.853634640830027466e+11
2.850447599999999859e+00 7.335672756155816650e+10 -4.852938049384418335e+11 -4.847522275384418335e+11
2.862681300000000206e+00 8.037278496614141846e+10 -4.846817289338585815e+11 -4.841050961338585815e+11
2.874914799999999993e+00 7.544105719578564453e+10 -4.841045518042143555e+11 -4.835848644042143555e+11
2.887148499999999895e+00 8.130498030895587158e+10 -4.834867925910441284e+11 -4.829460697910441284e+11
2.899382300000000079e+00 7.477045979389556885e+10 -4.829087501061044312e+11 -4.822967671061044312e+11
2.911615999999999982e+00 7.684711031862780762e+10 -4.822997332813721924e+11 -4.817386055813721924e+11
2.923849699999999885e+00 7.690355576453149414e+10 -4.816983598354685059e+11 -4.811433583354685059e+11
2.936083200000000115e+00 7.235741950853210449e+10 -4.811043440914678955e+11 -4.806325097914678955e+11
2.948316900000000018e+00 7.413486958679315186e+10 -4.804949612132068481e+11 -4.799646231132068481e+11
2.960550700000000202e+00 7.272100384760644531e+10 -4.798918221523935547e+11 -4.794163680523935547e+11
2.972784400000000105e+00 6.987656993987280273e+10 -4.792907302601271973e+11 -4.787720635601271973e+11
2.985018100000000008e+00 7.454706571507147217e+10 -4.786571728849285278e+11 -4.781726370849285278e+11
2.997251799999999911e+00 7.040212926772174072e+10 -4.780523596322782593e+11 -4.775328705322782593e+11
3.009485300000000141e+00 7.056181388119464111e+10 -4.774364960188053589e+11 -4.769579997188053589e+11
3.021719000000000044e+00 6.813213923551879883e+10 -4.768198153644812012e+11 -4.762998868644812012e+11
3.033952799999999783e+00 6.338676534029345703e+10 -4.762134102597065430e+11 -4.757216632597065430e+11
3.046186500000000130e+00 6.892111295851458740e+10 -4.755696591414854126e+11 -4.751100753414854126e+11
3.058420200000000033e+00 7.364810463225537109e+10 -4.749182803677446289e+11 -4.743919469677446289e+11
3.070653699999999819e+00 7.115315371294415283e+10 -4.742941277870558472e+11 -4.737532544870558472e+11
3.082887400000000167e+00 7.025659187688195801e+10 -4.736573999231180420e+11 -4.731196130231180420e+11
3.095121199999999906e+00 7.380042164370281982e+10 -4.730057862562971802e+11 -4.725303745562971802e+11
3.107354899999999809e+00 7.606995731362884521e+10 -4.723513946863711548e+11 -4.718263223863711548e+11
3.119588600000000156e+00 7.349626669613806152e+10 -4.717075250038619385e+11 -4.711335852038619385e+11
3.131822300000000059e+00 7.449253015331018066e+10 -4.710456620466898193e+11 -4.704999487466898193e+11
3.144055799999999845e+00 7.536569522535510254e+10 -4.703802520746448975e+11 -4.698796154746448975e+11
3.156289500000000192e+00 7.380320083213616943e+10 -4.697186373678638306e+11 -4.691657604678638306e+11
3.168523299999999931e+00 7.104288751802789307e+10 -4.690517841819721069e+11 -4.684922714819721069e+11
3.180756999999999834e+00 7.384502922754113770e+10 -4.683662655724588623e+11 -4.678922230724588623e+11
3.192990700000000182e+00 7.514949614814862061e+10 -4.676818973518513794e+11 -4.671591875518513794e+11
3.205224199999999968e+00 7.741950143528912354e+10 -4.669755498647108765e+11 -4.664210458647108765e+11
3.217457899999999871e+00 7.154213295875415039e+10 -4.662982480412458496e+11 -4.657969090412458496e+11
3.229691600000000218e+00 7.742185522817224121e+10 -4.655805258718277588e+11 -4.651252942718277588e+11
3.241925399999999957e+00 8.041840134540130615e+10 -4.648620717545986938e+11 -4.643805359545986938e+11
3.254159099999999860e+00 7.582776854749291992e+10 -4.641489994525070801e+11 -4.635867452525070801e+11
3.266392600000000090e+00 7.503445192303582764e+10 -4.634270020769641724e+11 -4.629377679769641724e+11
3.278626299999999993e+00 7.802084968449255371e+10 -4.626781430155074463e+11 -4.621788421155074463e+11
3.290859999999999896e+00 7.624185751788488770e+10 -4.619376983821151123e+11 -4.614886329821151123e+11
3.303093800000000080e+00 7.813478336877990723e+10 -4.611824833312200928e+11 -4.607248623312200928e+11
3.315327499999999983e+00 7.853422118545861816e+10 -4.604141825145413818e+11 -4.598947965145413818e+11
3.327561199999999886e+00 7.681086890588793945e+10 -4.596516013941120605e+11 -4.591202441941120605e+11
3.339794700000000116e+00 8.120664136668853760e+10 -4.588496337333114624e+11 -4.584241496333114624e+11
3.352028400000000019e+00 7.589513908883404541e+10 -4.580731724111659546e+11 -4.575193918111659546e+11
3.364262099999999922e+00 7.247309156275598145e+10 -4.572822948372440186e+11 -4.567563087372440186e+11
3.376495900000000105e+00 8.133158638157141113e+10 -4.564356500184285889e+11 -4.559793212184285889e+11
3.388729600000000008e+00 7.916086026607366943e+10 -4.556123936339263306e+11 -4.551462827339263306e+11
3.400963099999999795e+00 7.690663642712548828e+10 -4.547752145728745117e+11 -4.542797186728745117e+11
3.413196800000000142e+00 8.124231442900207520e+10 -4.539103008709979248e+11 -4.534405974709979248e+11
3.425430500000000045e+00 7.882794470104705811e+10 -4.530505154989529419e+11 -4.525427117989529419e+11
3.437664299999999784e+00 8.173547227207580566e+10 -4.521579964279241943e+11 -4.515762496279241943e+11
3.449898000000000131e+00 8.350233497123541260e+10 -4.512560169287645874e+11 -4.507871220287645874e+11
3.462131700000000034e+00 8.092614832797186279e+10 -4.503509789720281372e+11 -4.498843983720281372e+11
3.474365199999999820e+00 8.342510247584808350e+10 -4.494137150241519165e+11 -4.489911128241519165e+11
3.486598900000000167e+00 8.366336231077783203e+10 -4.484647057892221680e+11 -4.479782505892221680e+11
3.498832600000000070e+00 8.188791711323529053e+10 -4.475058840867647095e+11 -4.470332020867647095e+11
3.511066399999999810e+00 7.917813129742504883e+10 -4.465272524025749512e+11 -4.460865657025749512e+11
3.523300100000000157e+00 8.089099840529595947e+10 -4.455213135947040405e+11 -4.451465918947040405e+11
3.535533599999999943e+00 8.149097445424053955e+10 -4.444996216457594604e+11 -4.440528660457594604e+11
3.547767299999999846e+00 7.855323527339349365e+10 -4.434595165266065063e+11 -4.430083819266065063e+11
3.560001000000000193e+00 8.201790561404968262e+10 -4.423895568859503174e+11 -4.418819415859503174e+11
3.572234799999999932e+00 8.602078732488793945e+10 -4.412909374751120605e+11 -4.407606681751120605e+11
3.584468499999999835e+00 8.484512901676721191e+10 -4.401839809832327881e+11 -4.396921836832327881e+11
3.596702000000000066e+00 8.797753330229644775e+10 -4.390349443977035522e+11 -4.386711412977035522e+11
3.608935699999999969e+00 8.447391898331011963e+10 -4.378830696166898804e+11 -4.373970976166898804e+11
3.621169399999999872e+00 8.682793057259478760e+10 -4.366931678274052124e+11 -4.362101038274052124e+11
3.633403100000000219e+00 9.173004561595391846e+10 -4.354566426840460815e+11 -4.350099784840460815e+11
3.645636899999999958e+00 9.144118975912664795e+10 -4.342145950408733521e+11 -4.337229161408733521e+11
3.657870599999999861e+00 9.150764890833502197e+10 -4.329370066916649780e+11 -4.324896883916649780e+11
3.670104100000000091e+00 9.110414254295684814e+10 -4.316295948570431519e+11 -4.312315101570431519e+11
3.682337799999999994e+00 9.297757347678527832e+10 -4.302745666232147217e+11 -4.298365303232147217e+11
3.694571499999999897e+00 8.813409301293951416e+10 -4.288969544870604858e+11 -4.285042075870604858e+11
3.706805199999999800e+00 9.263531093981848145e+10 -4.274561106601815186e+11 -4.269999266601815186e+11
3.719038999999999984e+00 9.135860112671740723e+10 -4.259998630732825928e+11 -4.255148435732825928e+11
3.731272399999999934e+00 9.456759126141461182e+10 -4.244888454385853882e+11 -4.239558179385853882e+11
3.743506200000000117e+00 9.345818085153863525e+10 -4.229445675484613647e+11 -4.224626303484613647e+11
3.755739900000000020e+00 9.450656819971502686e+10 -4.213588328002849731e+11 -4.208866285002849731e+11
3.767973599999999923e+00 9.886905023838372803e+10 -4.197178606616162720e+11 -4.192502581616162720e+11
3.780207400000000106e+00 9.770472686024298096e+10 -4.180398349397570190e+11 -4.175733539397570190e+11
3.792441100000000009e+00 9.629261528325805664e+10 -4.163226202167419434e+11 -4.158358217167419434e+11
3.804674599999999796e+00 1.007264406391597290e+11 -4.145236999608402710e+11 -4.140963569608402710e+11
3.816908300000000143e+00 1.022644273330197754e+11 -4.126860396669802246e+11 -4.122186443669802246e+11
3.829142000000000046e+00 1.048356167398383179e+11 -4.107884573601616821e+11 -4.103117266601616821e+11
3.841375699999999949e+00 1.079958026670388184e+11 -4.088270544329611816e+11 -4.083140622329611816e+11
3.853609500000000132e+00 1.104359299321772461e+11 -4.068057207678227539e+11 -4.063203815678227539e+11
3.865842900000000082e+00 1.128460369984093018e+11 -4.047081749015906982e+11 -4.042796993015906982e+11
3.878076699999999821e+00 1.090653617766696167e+11 -4.025606238233303833e+11 -4.021244514233303833e+11
3.890310400000000168e+00 1.131112308989884033e+11 -4.003143703010115967e+11 -3.998148978010115967e+11
3.902544100000000071e+00 1.207153992487503052e+11 -3.979879884512496948e+11 -3.974649993512496948e+11
3.914777899999999811e+00 1.191187749146538086e+11 -3.956042495853461914e+11 -3.951144133853461914e+11
3.927011300000000205e+00 1.185212824536627808e+11 -3.931383622463372192e+11 -3.926247106463372192e+11
3.939245099999999944e+00 1.217837749041492920e+11 -3.905685902958507080e+11 -3.900999427958507080e+11
3.951478799999999847e+00 1.265539765023255615e+11 -3.878940069976744385e+11 -3.874213334976744385e+11
3.963712500000000194e+00 1.243063600131663818e+11 -3.851477934868336182e+11 -3.847300289868336182e+11
3.975946200000000097e+00 1.291210867965682373e+11 -3.822659975034317627e+11 -3.818154196034317627e+11
3.988179999999999836e+00 1.357406972746976929e+11 -3.792768510253023071e+11 -3.788501636253023071e+11
4.000413400000000230e+00 1.383189920526811523e+11 -3.761799769473188477e+11 -3.757309180473188477e+11
4.012647199999999970e+00 1.394324216194047852e+11 -3.729554353805952148e+11 -3.725330338805952148e+11
4.024880900000000317e+00 1.398039692448508911e+11 -3.696113502551491089e+11 -3.691768045551491089e+11
4.037114599999999776e+00 1.449358090443041992e+11 -3.661095940556958008e+11 -3.656926472556958008e+11
4.049348400000000403e+00 1.504063753575081177e+11 -3.624583513424918823e+11 -3.620422024424918823e+11
4.061581799999999909e+00 1.480726044222277222e+11 -3.586775332777722778e+11 -3.582330539777722778e+11
4.073815599999999648e+00 1.517514476186414795e+11 -3.547180506813585205e+11 -3.542299903813585205e+11
4.086049299999999995e+00 1.593606629590420532e+11 -3.505789211409579468e+11 -3.500636309409579468e+11
4.098283000000000342e+00 1.600449507545999756e+11 -3.462864066454000244e+11 -3.457718218454000244e+11
4.110516699999999801e+00 1.583762125496215210e+11 -3.417949265503784790e+11 -3.413911738503784790e+11
4.122750199999999587e+00 1.603692874133270874e+11 -3.370865524866729126e+11 -3.366471098866729126e+11
4.134983899999999934e+00 1.721185241496315918e+11 -3.321278431503684082e+11 -3.316872443503684082e+11
4.147217699999999674e+00 1.754861468712809448e+11 -3.269527835287190552e+11 -3.265031702287190552e+11
4.159451400000000021e+00 1.863974919509940796e+11 -3.215098890490059204e+11 -3.210875826490059204e+11
4.171685100000000368e+00 1.904774670704146118e+11 -3.158174664295853882e+11 -3.154140228295853882e+11
4.183918799999999827e+00 1.924575122655260620e+11 -3.098429951344739380e+11 -3.094431018344739380e+11
4.196152299999999613e+00 2.000660834410010376e+11 -3.035546643589989624e+11 -3.031177728589989624e+11
4.208385999999999960e+00 2.084320761473201904e+11 -2.969400487526798096e+11 -2.964928510526798096e+11
4.220619799999999699e+00 2.130682048537940674e+11 -2.899910999462059326e+11 -2.894893856462059326e+11
4.232853500000000047e+00 2.187589178342530518e+11 -2.826664322657469482e+11 -2.822437907657469482e+11
4.245087200000000394e+00 2.300511392040521851e+11 -2.749346870959478149e+11 -2.745658151959478149e+11
4.257320700000000180e+00 2.355675914910629272e+11 -2.667992327089370728e+11 -2.664535505089370728e+11
4.269554399999999639e+00 2.451915484580616455e+11 -2.582037867419383545e+11 -2.578124418419383545e+11
4.281788200000000266e+00 2.570805446625874023e+11 -2.491167500374125977e+11 -2.486798440374125977e+11
4.294021899999999725e+00 2.668210964883829956e+11 -2.395154199116170044e+11 -2.391392678116170044e+11
4.306255400000000400e+00 2.725030181129111938e+11 -2.293745013870888062e+11 -2.289731395870888062e+11
4.318489099999999858e+00 2.829231781984381714e+11 -2.186180882015618286e+11 -2.182099474015618286e+11
4.330722800000000206e+00 2.894867065431604004e+11 -2.072415429568395691e+11 -2.068246258568395691e+11
4.342956499999999664e+00 3.070491813823595581e+11 -1.951391888176404419e+11 -1.946762421176404419e+11
4.355190300000000292e+00 3.223978589213463135e+11 -1.823086357786537170e+11 -1.818581655786537170e+11
4.367423999999999751e+00 3.323898674357802124e+11 -1.687002974642197876e+11 -1.682473508642197876e+11
4.379657700000000098e+00 3.466954065172345581e+11 -1.542239258827654419e+11 -1.537785665827654419e+11
4.391891499999999837e+00 3.650590882638198242e+11 -1.388185806361801453e+11 -1.384053010361801453e+11
4.404125200000000184e+00 3.784835151237453003e+11 -1.224334121762547150e+11 -1.220295751762547150e+11
4.416358899999999643e+00 3.913936599983278198e+11 -1.049885979016721954e+11 -1.045423615016721954e+11
4.428592100000000364e+00 4.082155301490674438e+11 -8.639193595093257141e+10 -8.597706265093257141e+10
4.440825900000000104e+00 4.284025222978965454e+11 -6.655457200210346985e+10 -6.609122610210346985e+10
4.453059599999999563e+00 4.515509133653796387e+11 -4.539177433462036896e+10 -4.491463593462036896e+10
4.465293299999999910e+00 4.766519859354678955e+11 -2.280808856453209686e+10 -2.235690126453209686e+10
4.477527000000000257e+00 4.996437157985449829e+11 1.287958398545005322e+09 1.715859898545005322e+09
4.489760799999999996e+00 5.217085259645269775e+11 2.700833926452700806e+10 2.741364076452700806e+10
4.501994500000000343e+00 5.505172903498649902e+11 5.447523684986502075e+10 5.488586734986502075e+10
4.514228199999999802e+00 5.796996701473436279e+11 8.378356854734365845e+10 8.416722524734365845e+10
4.526462000000000430e+00 6.096394990843432617e+11 1.150466102843433075e+11 1.154281425843433075e+11
4.538695699999999889e+00 6.436953883614808350e+11 1.483796501614808655e+11 1.487957257614808655e+11
4.550929400000000236e+00 6.795765921232370605e+11 1.838756010232371216e+11 1.842716004232371216e+11
4.563162600000000069e+00 7.126389771404934082e+11 2.216008098404934387e+11 2.220199469404934387e+11
4.575396399999999808e+00 7.544654490848980713e+11 2.616685999848980713e+11 2.621046639848980713e+11
4.587630100000000155e+00 8.001312257433994141e+11 3.040994733433994751e+11 3.045329746433994751e+11
4.599863799999999614e+00 8.424388751573344727e+11 3.488808815573344727e+11 3.493015743573344727e+11
4.612097499999999961e+00 8.923086397728972168e+11 3.959982950728972168e+11 3.964117996728972168e+11
4.624331299999999700e+00 9.409008887506711426e+11 4.453222658506712036e+11 4.456652952506712036e+11
4.636565000000000047e+00 9.907249753794466553e+11 4.966750467794466553e+11 4.970452607794466553e+11
4.648798700000000395e+00 1.043150380207939941e+12 5.497802353079399414e+11 5.502193202079399414e+11
4.661032399999999853e+00 1.096311985142791260e+12 6.042465490427912598e+11 6.046780828427912598e+11
4.673266199999999593e+00 1.154149630025504883e+12 6.595598065255048828e+11 6.599620703255048828e+11
4.685499400000000314e+00 1.209504498349178223e+12 7.150466847491782227e+11 7.154398419491782227e+11
4.697733099999999773e+00 1.264812705430902344e+12 7.699132993309023438e+11 7.703360369309023438e+11
4.709966800000000120e+00 1.314249204002678223e+12 8.231950173026782227e+11 8.236125475026782227e+11
4.722200599999999859e+00 1.366434545505671875e+12 8.738454007056717529e+11 8.742313762056717529e+11
4.734434300000000206e+00 1.411149719464569336e+12 9.206553395645693359e+11 9.210074130645693359e+11
4.746667999999999665e+00 1.453596874496606445e+12 9.624376389966065674e+11 9.627831209966065674e+11
4.758901800000000293e+00 1.486411387411586670e+12 9.979657130115866699e+11 9.983585794115866699e+11
4.771135499999999752e+00 1.511990583141272705e+12 1.026137741841272705e+12 1.026504293741272705e+12
4.783369200000000099e+00 1.532634100148659180e+12 1.046010453048659180e+12 1.046374012748659180e+12
4.795602899999999558e+00 1.544793258183354004e+12 1.056891804683354004e+12 1.057271525383354004e+12
4.807836700000000185e+00 1.546349497568802490e+12 1.058383432068802490e+12 1.058768844568802490e+12
4.820069900000000018e+00 1.540920521185743164e+12 1.050435789385743042e+12 1.050821658085743042e+12
4.832303600000000365e+00 1.524733929153307861e+12 1.033328893453307861e+12 1.033722711253307861e+12
4.844537299999999824e+00 1.499201782639720703e+12 1.007679230839720825e+12 1.008044155939720825e+12
4.856771099999999564e+00 1.462304595365638428e+12 9.743496701656384277e+11 9.747529443656384277e+11
4.869004799999999911e+00 1.421130970902425293e+12 9.344243845024254150e+11 9.348300052024254150e+11
4.881238500000000258e+00 1.376117547149275391e+12 8.890930930492753906e+11 8.894338110492753906e+11
4.893472299999999997e+00 1.328198799038251221e+12 8.395651313382512207e+11 8.398581197382512207e+11
4.905706000000000344e+00 1.275100170186656250e+12 7.870315861866562500e+11 7.873973471866562500e+11
4.917939699999999803e+00 1.218935416205396484e+12 7.326029266053964844e+11 7.329692621053964844e+11
4.930173400000000150e+00 1.164332371349334961e+12 6.772796831493350830e+11 6.776558566493350830e+11
4.942407199999999889e+00 1.108489791972730957e+12 6.219040447727309570e+11 6.223098892727309570e+11
4.954640399999999723e+00 1.053704899464775757e+12 5.671846122647757568e+11 5.676031628647757568e+11
4.966874100000000070e+00 9.987594670130747070e+11 5.136728220130747681e+11 5.140491387130747681e+11
4.979107800000000417e+00 9.462207961510976562e+11 4.618048416510976562e+11 4.621873990510976562e+11
4.991341600000000156e+00 8.975248232825412598e+11 4.119061476825413208e+11 4.123013611825413208e+11
5.003575299999999615e+00 8.473845642259926758e+11 3.641623803259927368e+11 3.645083841259927368e+11
5.015808999999999962e+00 8.006914942998623047e+11 3.187172267998623657e+11 3.190951640998623657e+11
5.028042799999999701e+00 7.597901461329311523e+11 2.756392451329311523e+11 2.760663845329311523e+11
5.040276500000000048e+00 7.209857343018276367e+11 2.349250163018276978e+11 2.353321361018276978e+11
5.052510200000000395e+00 6.845861645574847412e+11 1.965490877574847107e+11 1.969677656574847107e+11
5.064743899999999854e+00 6.462742087785520020e+11 1.604332488785519714e+11 1.608633887785519714e+11
5.076977699999999594e+00 6.147727852883917236e+11 1.265288200883917236e+11 1.269047271883917236e+11
5.089210900000000315e+00 5.829508184021840820e+11 9.470805130218405151e+10 9.508659850218405151e+10
5.101444599999999774e+00 5.501675241582923584e+11 6.487400045829230499e+10 6.526958785829230499e+10
5.113678300000000121e+00 5.177891771662318115e+11 3.691572396623184204e+10 3.732677366623184204e+10
5.125912099999999860e+00 4.914593714270402832e+11 1.073611352704025459e+10 1.112537592704025459e+10
5.138145800000000207e+00 4.698015165412473145e+11 -1.377153445875269890e+10 -1.336737545875269890e+10
5.150379499999999666e+00 4.446606637845743408e+11 -3.674247261542566681e+10 -3.634677101542566681e+10
5.162613200000000013e+00 4.208093225778803711e+11 -5.825927812211964417e+10 -5.790894702211964417e+10
5.174846999999999753e+00 4.027542539867015381e+11 -7.840866051329843140e+10 -7.804834931329843140e+10
5.187080700000000100e+00 3.851256650704705811e+11 -9.730604252952943420e+10 -9.691091392952943420e+10
5.199314399999999559e+00 3.680700171856751709e+11 -1.150292576143248444e+11 -1.146425119143248444e+11
5.211547600000000280e+00 3.464113789385119629e+11 -1.316719325614880524e+11 -1.313002530614880524e+11
5.223781400000000019e+00 3.346716109159884033e+11 -1.472812241840115967e+11 -1.469274289840115967e+11
5.236015100000000366e+00 3.229086475291746826e+11 -1.619515190708252869e+11 -1.615678150708252869e+11
5.248248799999999825e+00 3.033290902705383911e+11 -1.757653104294616089e+11 -1.753898722294616089e+11
5.260482599999999564e+00 2.921625752535767822e+11 -1.887437477464232178e+11 -1.883911133464232178e+11
5.272716299999999912e+00 2.813727489719315796e+11 -2.009499920280684204e+11 -2.005980415280684204e+11
5.284950000000000259e+00 2.691076326690154419e+11 -2.124082007309845581e+11 -2.120392515309845581e+11
5.297183699999999718e+00 2.573121423137672119e+11 -2.232087425862327881e+11 -2.228113824862327881e+11
5.309417500000000345e+00 2.463011624128374329e+11 -2.334306232871625671e+11 -2.330633848871625671e+11
5.321651199999999804e+00 2.410864499477766418e+11 -2.430706552522233582e+11 -2.426166403522233582e+11
5.333884900000000151e+00 2.326242580486633301e+11 -2.521845413513366699e+11 -2.517621221513366699e+11
5.346118099999999984e+00 2.160314192087495117e+11 -2.608286113912504883e+11 -2.604207674912504883e+11
5.358351899999999723e+00 2.060374637562881775e+11 -2.689931195437118225e+11 -2.685637190437118225e+11
5.370585600000000071e+00 2.041536027016212769e+11 -2.767028906983787231e+11 -2.763746551983787231e+11
5.382819300000000418e+00 1.934641568360430298e+11 -2.840397129639569702e+11 -2.836351659639569702e+11
5.395053100000000157e+00 1.867257540597756958e+11 -2.909865871402243042e+11 -2.905151757402243042e+11
5.407286799999999616e+00 1.839725774289436646e+11 -2.975669257710563354e+11 -2.970976697710563354e+11
5.419520499999999963e+00 1.734417382361909790e+11 -3.038435465638090210e+11 -3.032841491638090210e+11
5.431754200000000310e+00 1.690960542586984863e+11 -3.097921023413015137e+11 -3.092620107413015137e+11
5.443988000000000049e+00 1.658527046870369263e+11 -3.154562976129630737e+11 -3.148829416129630737e+11
5.456221700000000396e+00 1.627395533192182007e+11 -3.208450393807817993e+11 -3.202899474807817993e+11
5.468455399999999855e+00 1.534571892616433105e+11 -3.259888344383566895e+11 -3.254965541383566895e+11
5.480688599999999688e+00 1.439701500889104004e+11 -3.308921293110895996e+11 -3.303564753110895996e+11
5.492922400000000316e+00 1.376153699837623901e+11 -3.355611268162376099e+11 -3.350549679162376099e+11
5.505156099999999775e+00 1.321248310607202148e+11 -3.400049893392797852e+11 -3.394838818392797852e+11
5.517389800000000122e+00 1.327011325681095581e+11 -3.442264341318904419e+11 -3.437471058318904419e+11
5.529623599999999861e+00 1.250673777263901367e+11 -3.482919952736098633e+11 -3.478987158736098633e+11
5.541857300000000208e+00 1.254048410281319580e+11 -3.521468093718680420e+11 -3.516501563718680420e+11
5.554090999999999667e+00 1.183616881294223633e+11 -3.558557250705776367e+11 -3.553042367705776367e+11
5.566324700000000014e+00 1.123104558676318359e+11 -3.593956124323681641e+11 -3.589052576323681641e+11
5.578558499999999754e+00 1.106613003327537842e+11 -3.627721053672462158e+11 -3.622739336672462158e+11
5.590792200000000101e+00 1.084986913385500488e+11 -3.660101458614499512e+11 -3.655405991614499512e+11
5.603025899999999559e+00 1.048623621794031982e+11 -3.691137439205968018e+11 -3.687256467205968018e+11
5.615259100000000281e+00 1.021094645525966797e+11 -3.720808931474033203e+11 -3.715685555474033203e+11
5.627492900000000020e+00 9.967937305282550049e+10 -3.749268485471744995e+11 -3.743841737471744995e+11
5.639726600000000367e+00 1.010241553687528076e+11 -3.776260169312471924e+11 -3.770556281312471924e+11
5.651960299999999826e+00 9.204399198291821289e+10 -3.802742804170817871e+11 -3.797521033170817871e+11
5.664194000000000173e+00 8.564118982158673096e+10 -3.827990583784132690e+11 -3.822434273784132690e+11
5.676427799999999912e+00 8.363795269290270996e+10 -3.851920807070972900e+11 -3.846446796070972900e+11
5.688661500000000260e+00 8.296118757285943604e+10 -3.874998708271405640e+11 -3.869188608271405640e+11
5.700895199999999718e+00 8.295266185820599365e+10 -3.897077273417940063e+11 -3.890832643417940063e+11
5.713129000000000346e+00 7.090811710797857666e+10 -3.918637359920214233e+11 -3.912016401920214233e+11
5.725362699999999805e+00 6.603229119678375244e+10 -3.938887061032162476e+11 -3.932471985032162476e+11
5.737596400000000152e+00 6.855719334708990479e+10 -3.957830310529100952e+11 -3.950647696529100952e+11
5.749829599999999985e+00 6.904069995123846436e+10 -3.976052911487615356e+11 -3.966706216487615356e+11
5.762063399999999724e+00 6.485482746930517578e+10 -3.993412109306948242e+11 -3.985316065306948242e+11
5.774297100000000071e+00 6.303798311671209717e+10 -4.009408040832879028e+11 -4.003540339832879028e+11
5.786530800000000418e+00 6.233823447680364990e+10 -4.024382273231963501e+11 -4.019554703231963501e+11
5.798764499999999877e+00 5.715871249948522949e+10 -4.038283090005147705e+11 -4.029132963005147705e+11
5.810998299999999617e+00 5.556975168801593018e+10 -4.048600134119840698e+11 -4.038111348119840698e+11
