7.340207999999999455e-02 -6.903070152120963135e+11 -7.447244982120963135e+11 -6.072280452120963135e+11
8.563576000000000521e-02 -1.335985667465612793e+11 -7.421949287465612793e+11 -6.415454667465612793e+11
9.786944799999999778e-02 4.294283600907590332e+11 -7.429523629092409668e+11 -7.091648099092409668e+11
1.101031299999999935e-01 6.070370277199534912e+11 -7.533284212800465088e+11 -7.313231182800465088e+11
1.223368100000000042e-01 7.350146775971354980e+11 -7.570642504028645020e+11 -7.401252054028645020e+11
1.345704799999999923e-01 6.748643997595766602e+11 -7.611363332404233398e+11 -7.464863792404233398e+11
1.468041599999999891e-01 5.424047835061026611e+11 -7.658760094938973389e+11 -7.541888744938973389e+11
1.590378400000000136e-01 5.803701164152868652e+11 -7.665991595847131348e+11 -7.589128465847131348e+11
1.712715200000000104e-01 4.977657850198430176e+11 -7.701015009801569824e+11 -7.652939679801569824e+11
1.835052000000000072e-01 4.646642746448261719e+11 -7.719249833551738281e+11 -7.631809333551738281e+11
1.957388999999999935e-01 4.882344698238403320e+11 -7.725201101761596680e+11 -7.634382031761596680e+11
2.079725799999999902e-01 4.155105526701805420e+11 -7.739917283298194580e+11 -7.646729853298194580e+11
2.202062599999999870e-01 3.508582053126184082e+11 -7.741811856873815918e+11 -7.649150196873815918e+11
2.324399400000000115e-01 3.417732082936557617e+11 -7.739737887063442383e+11 -7.662734237063442383e+11
2.446736200000000083e-01 2.702878409737650146e+11 -7.751727450262349854e+11 -7.663579350262349854e+11
2.569073000000000051e-01 2.605660815374606934e+11 -7.750651594625393066e+11 -7.680924084625393066e+11
2.691409599999999847e-01 2.128437065092164307e+11 -7.762878994907835693e+11 -7.717750304907835693e+11
2.813746599999999987e-01 2.512809932124824219e+11 -7.757339077875175781e+11 -7.737751347875175781e+11
2.936083199999999782e-01 2.014033143556136475e+11 -7.774732286443863525e+11 -7.715431246443863525e+11
3.058420199999999922e-01 2.104123455258814697e+11 -7.784798614741185303e+11 -7.733968634741185303e+11
3.180756800000000273e-01 2.270900570384488525e+11 -7.790519249615511475e+11 -7.750595709615511475e+11
3.303093799999999858e-01 2.222878223097503662e+11 -7.793909196902496338e+11 -7.748374956902496338e+11
3.425430400000000208e-01 2.206239092940599365e+11 -7.797700057059400635e+11 -7.732970697059400635e+11
3.547767399999999793e-01 2.436785892689841309e+11 -7.797858757310158691e+11 -7.739032617310158691e+11
3.670104000000000144e-01 2.012250278626152344e+11 -7.806934551373847656e+11 -7.749641761373847656e+11
3.792440999999999729e-01 1.982089942480019531e+11 -7.807186497519980469e+11 -7.759870247519980469e+11
3.914777899999999922e-01 2.466882526915360107e+11 -7.801063503084639893e+11 -7.762584883084639893e+11
4.037114600000000220e-01 2.243173675159251709e+11 -7.805646154840748291e+11 -7.740919384840748291e+11
4.159451499999999857e-01 2.257517035574378662e+11 -7.805342634425621338e+11 -7.764642044425621338e+11
4.281788200000000155e-01 2.034575220697987061e+11 -7.809004629302012939e+11 -7.775764279302012939e+11
4.404125099999999793e-01 2.402810858302413330e+11 -7.804280711697586670e+11 -7.763395091697586670e+11
4.526461800000000091e-01 2.830205539554122314e+11 -7.798400010445877686e+11 -7.761012750445877686e+11
4.648798699999999728e-01 2.775368872057823486e+11 -7.797843217942176514e+11 -7.743787547942176514e+11
4.771135400000000026e-01 2.946750426052536621e+11 -7.794897353947463379e+11 -7.741608803947463379e+11
4.893472300000000219e-01 2.847859789418446045e+11 -7.795253090581553955e+11 -7.754290610581553955e+11
5.015808999999999962e-01 2.943124511931059570e+11 -7.793756698068940430e+11 -7.752740748068940430e+11
5.138145899999999600e-01 3.169219162208862305e+11 -7.789543047791137695e+11 -7.761822047791137695e+11
5.260482600000000453e-01 3.409342270047705078e+11 -7.785839079952294922e+11 -7.741859859952294922e+11
5.382819199999999693e-01 3.695391373829497070e+11 -7.782099066170502930e+11 -7.739190596170502930e+11
5.505156500000000230e-01 3.709144029875450439e+11 -7.778603830124549561e+11 -7.755710840124549561e+11
5.627493099999999471e-01 3.676073700479603271e+11 -7.776566319520396729e+11 -7.739212359520396729e+11
5.749829800000000324e-01 3.680666923357801514e+11 -7.773655906642198486e+11 -7.732691796642198486e+11
5.872166399999999564e-01 3.941618188527253418e+11 -7.769141071472746582e+11 -7.742866061472746582e+11
5.994503700000000102e-01 4.236353017701464844e+11 -7.764908712298535156e+11 -7.739352362298535156e+11
6.116840300000000452e-01 4.350541834049075928e+11 -7.760071605950924072e+11 -7.730327685950924072e+11
6.239177000000000195e-01 4.440530141764073486e+11 -7.757247818235926514e+11 -7.732331368235926514e+11
6.361513600000000546e-01 4.805300395602243652e+11 -7.750782594397756348e+11 -7.719740424397756348e+11
6.483850899999999973e-01 4.727316084812774658e+11 -7.748715425187225342e+11 -7.717784495187225342e+11
6.606187500000000323e-01 4.677380595764263916e+11 -7.746572094235736084e+11 -7.706976634235736084e+11
6.728524200000000066e-01 5.076212401336350098e+11 -7.737660778663649902e+11 -7.703622368663649902e+11
6.850860800000000417e-01 4.851232923329931641e+11 -7.737171556670068359e+11 -7.709030036670068359e+11
6.973198099999999844e-01 5.044235620794333496e+11 -7.731718519205666504e+11 -7.697085969205666504e+11
7.095534700000000194e-01 4.957548845750958252e+11 -7.729025064249041748e+11 -7.695222194249041748e+11
7.217871399999999937e-01 4.948745042087159424e+11 -7.724992477912840576e+11 -7.695684097912840576e+11
7.340208000000000288e-01 5.063386601071114502e+11 -7.720056948928885498e+11 -7.677941448928885498e+11
7.462545299999999715e-01 5.224469953924914551e+11 -7.714580416075085449e+11 -7.670464426075085449e+11
7.584881900000000066e-01 4.803103420889450684e+11 -7.714251349110549316e+11 -7.677568669110549316e+11
7.707218599999999809e-01 5.260093419283255615e+11 -7.705853940716744385e+11 -7.674891860716744385e+11
7.829555799999999843e-01 5.150138341769158936e+11 -7.702179648230841064e+11 -7.677174698230841064e+11
7.951892499999999586e-01 4.816526506000053711e+11 -7.700083893999946289e+11 -7.669055993999946289e+11
8.074229099999999937e-01 4.848264291312034912e+11 -7.694763838687965088e+11 -7.667730228687965088e+11
8.196565799999999680e-01 4.534100061562977295e+11 -7.692916298437022705e+11 -7.667661768437022705e+11
8.318902999999999714e-01 4.671704185176507568e+11 -7.686419554823492432e+11 -7.655852324823492432e+11
8.441239699999999457e-01 4.384427953523206787e+11 -7.683384696476793213e+11 -7.650427836476793213e+11
8.563576299999999808e-01 4.134167723047330322e+11 -7.680397786952669678e+11 -7.644398366952669678e+11
8.685912999999999551e-01 4.191448834977402344e+11 -7.674323345022597656e+11 -7.639621705022597656e+11
8.808250199999999586e-01 4.289583636131989746e+11 -7.668260393868010254e+11 -7.636294533868010254e+11
8.930586900000000439e-01 4.044989394370329590e+11 -7.665033635629670410e+11 -7.639787595629670410e+11
9.052923499999999679e-01 3.610873445910815430e+11 -7.662403624089184570e+11 -7.633173524089184570e+11
9.175260200000000532e-01 3.546352112049323730e+11 -7.656787677950676270e+11 -7.627472107950676270e+11
9.297597399999999457e-01 3.317853720690938721e+11 -7.653120259309061279e+11 -7.628607749309061279e+11
9.419934100000000310e-01 3.218580519012221680e+11 -7.648394570987778320e+11 -7.622390250987778320e+11
9.542270699999999550e-01 3.113022825721718750e+11 -7.643320904278281250e+11 -7.618229494278281250e+11
9.664607400000000403e-01 2.851502944926368408e+11 -7.639177455073631592e+11 -7.615959145073631592e+11
9.786944600000000438e-01 2.849723188352274170e+11 -7.632781731647725830e+11 -7.608157261647725830e+11
9.909281300000000181e-01 2.552893785364655762e+11 -7.629155434635344238e+11 -7.603645334635344238e+11
1.003161799999999992e+00 2.417308045612208252e+11 -7.623846694387791748e+11 -7.600833874387791748e+11
1.015395499999999895e+00 2.249142464643096924e+11 -7.618890915356903076e+11 -7.596220085356903076e+11
1.027629200000000020e+00 2.044624100565538330e+11 -7.614109489434461670e+11 -7.593919269434461670e+11
1.039862800000000087e+00 2.147507467261457520e+11 -7.607087522738542480e+11 -7.581453812738542480e+11
1.052096499999999990e+00 2.051265549750081787e+11 -7.601833470249918213e+11 -7.578051480249918213e+11
1.064330199999999893e+00 2.085181456679846191e+11 -7.594934913320153809e+11 -7.581844573320153809e+11
1.076563799999999960e+00 1.600580592685983887e+11 -7.591855637314016113e+11 -7.572603337314016113e+11
1.088797599999999921e+00 1.517786896954484863e+11 -7.585542333045515137e+11 -7.569492823045515137e+11
1.101031300000000046e+00 1.628588051108369141e+11 -7.577815028891630859e+11 -7.559644078891630859e+11
1.113264899999999891e+00 1.651963611403343506e+11 -7.569238918596656494e+11 -7.545450888596656494e+11
1.125498600000000016e+00 1.418636953502239990e+11 -7.564171956497760010e+11 -7.543056796497760010e+11
1.137732399999999977e+00 1.425709732204569092e+11 -7.556263937795430908e+11 -7.540510857795430908e+11
1.149966000000000044e+00 1.329471717018609619e+11 -7.549069452981390381e+11 -7.531163382981390381e+11
1.162199699999999947e+00 1.229890141736643066e+11 -7.542533878263356934e+11 -7.527752898263356934e+11
1.174433300000000013e+00 1.230375133397092285e+11 -7.535226406602907715e+11 -7.512980976602907715e+11
1.186666999999999916e+00 1.176751764346965332e+11 -7.528160875653034668e+11 -7.507904055653034668e+11
1.198900700000000041e+00 1.072267721107663574e+11 -7.521293158892336426e+11 -7.496981638892336426e+11
1.211134300000000108e+00 1.103718388375014648e+11 -7.513600541624985352e+11 -7.491519881624985352e+11
1.223368100000000069e+00 1.161907401498458252e+11 -7.506038358501541748e+11 -7.479990838501541748e+11
1.235601799999999972e+00 1.133280718892813721e+11 -7.498533101107186279e+11 -7.477378341107186279e+11
1.247835400000000039e+00 1.026633086352996826e+11 -7.491476993647003174e+11 -7.475345153647003174e+11
1.260069099999999942e+00 1.036985077533870850e+11 -7.483920192466129150e+11 -7.467476802466129150e+11
1.272302700000000009e+00 1.041367411873613281e+11 -7.476578708126386719e+11 -7.455922028126386719e+11
1.284536399999999912e+00 9.299810647197937012e+10 -7.469616455280206299e+11 -7.456936405280206299e+11
1.296770200000000095e+00 7.712361847165661621e+10 -7.461949985283433838e+11 -7.447510465283433838e+11
1.309003799999999940e+00 7.967674265328747559e+10 -7.452814843467125244e+11 -7.433367333467125244e+11
1.321237500000000065e+00 8.490506336059875488e+10 -7.445192386394012451e+11 -7.426346586394012451e+11
1.333471199999999968e+00 1.072158291844047852e+11 -7.435458248155952148e+11 -7.421427788155952148e+11
1.345704800000000034e+00 8.964014874388708496e+10 -7.429594452561129150e+11 -7.408361762561129150e+11
1.357938599999999996e+00 1.004422370278836670e+11 -7.420952159721163330e+11 -7.403353279721163330e+11
1.370172200000000062e+00 9.529550323026013184e+10 -7.413905847697398682e+11 -7.389494977697398682e+11
1.382405899999999965e+00 1.073446827286657715e+11 -7.404892352713342285e+11 -7.383601132713342285e+11
1.394639600000000090e+00 1.072692547669663086e+11 -7.397441572330336914e+11 -7.376635112330336914e+11
1.406873199999999935e+00 9.558936870872326660e+10 -7.389808462912767334e+11 -7.371923142912767334e+11
1.419106900000000060e+00 7.361574409784826660e+10 -7.383675059021517334e+11 -7.366869579021517334e+11
1.431340700000000021e+00 8.529371746306372070e+10 -7.375123605369362793e+11 -7.354081625369362793e+11
1.443574300000000088e+00 1.025121354296875000e+11 -7.366303585703125000e+11 -7.346959575703125000e+11
1.455807999999999991e+00 1.236351550721978760e+11 -7.356684709278021240e+11 -7.338625009278021240e+11
1.468041600000000058e+00 9.503660020100878906e+10 -7.350808017989912109e+11 -7.330887707989912109e+11
1.480275299999999961e+00 9.741710184644958496e+10 -7.342418611535504150e+11 -7.322099431535504150e+11
1.492509099999999922e+00 1.022940979099276123e+11 -7.334407250900723877e+11 -7.313161670900723877e+11
1.504742699999999989e+00 1.153337662256462402e+11 -7.326780067743537598e+11 -7.309334507743537598e+11
1.516976399999999892e+00 1.187269556413874512e+11 -7.320367453586125488e+11 -7.296128993586125488e+11
1.529210100000000017e+00 9.419149823336535645e+10 -7.314688797666346436e+11 -7.297878367666346436e+11
1.541443700000000083e+00 1.079805863846313477e+11 -7.306748916153686523e+11 -7.293784586153686523e+11
1.553677399999999986e+00 1.148469333462742920e+11 -7.298693426537257080e+11 -7.280755486537257080e+11
1.565911199999999948e+00 1.106294491376750488e+11 -7.291558168623249512e+11 -7.275350528623249512e+11
1.578144800000000014e+00 1.304181735663750000e+11 -7.282920084336250000e+11 -7.265655684336250000e+11
1.590378499999999917e+00 1.187159980092487793e+11 -7.276044639907512207e+11 -7.260611249907512207e+11
1.602612099999999984e+00 9.384206994431591797e+10 -7.269764270556840820e+11 -7.251749290556840820e+11
1.614845800000000109e+00 8.721272481247106934e+10 -7.262577831875289307e+11 -7.244496421875289307e+11
1.627079600000000070e+00 1.067457047640810547e+11 -7.253412362359189453e+11 -7.237439912359189453e+11
1.639313199999999915e+00 1.013269116585532227e+11 -7.246016843414467773e+11 -7.230733053414467773e+11
1.651546900000000040e+00 1.099114092887126465e+11 -7.237620797112873535e+11 -7.219840477112873535e+11
1.663780599999999943e+00 9.788516429952514648e+10 -7.230883544004748535e+11 -7.211118737004748535e+11
1.676014200000000010e+00 1.066972738066638184e+11 -7.221742223933361816e+11 -7.203774451933361816e+11
1.688247899999999913e+00 1.026233062509683838e+11 -7.214514514490316162e+11 -7.199012637490316162e+11
1.700481499999999979e+00 1.054887928394519043e+11 -7.206449125605480957e+11 -7.188212521605480957e+11
1.712715299999999941e+00 1.033321000530906982e+11 -7.198593639469093018e+11 -7.178312939469093018e+11
1.724949000000000066e+00 9.425640320876855469e+10 -7.191240749912314453e+11 -7.170445607912314453e+11
1.737182599999999910e+00 1.018529790202143555e+11 -7.182696357797856445e+11 -7.165210079797856445e+11
1.749416300000000035e+00 9.490385870915600586e+10 -7.175125742908439941e+11 -7.160277532908439941e+11
1.761649999999999938e+00 9.226673318483349609e+10 -7.167222418151665039e+11 -7.150270038151665039e+11
1.773883600000000005e+00 9.818346392936315918e+10 -7.158541221706368408e+11 -7.143369880706368408e+11
1.786117399999999966e+00 7.907046092110339355e+10 -7.151875554788966064e+11 -7.136822180788966064e+11
1.798351000000000033e+00 7.819362591501049805e+10 -7.144056184849895020e+11 -7.128971290849895020e+11
1.810584699999999936e+00 9.069094011626013184e+10 -7.135139629837398682e+11 -7.118876068837398682e+11
1.822818400000000061e+00 8.603095744516064453e+10 -7.127123277548393555e+11 -7.113211665548393555e+11
1.835051999999999905e+00 7.605121245088720703e+10 -7.119855883491127930e+11 -7.103645415491127930e+11
1.847285800000000089e+00 8.686387824725402832e+10 -7.110936337527459717e+11 -7.092469527527459717e+11
1.859519499999999992e+00 8.574008671221386719e+10 -7.103081998877861328e+11 -7.086368722877861328e+11
1.871753100000000059e+00 8.959850132602722168e+10 -7.094647150739727783e+11 -7.080298096739727783e+11
1.883986799999999961e+00 7.316338019117919922e+10 -7.087331412088208008e+11 -7.072490538088208008e+11
1.896220500000000087e+00 6.675038114413818359e+10 -7.079679284558618164e+11 -7.067314258558618164e+11
1.908454099999999931e+00 7.040591270912634277e+10 -7.071542104908736572e+11 -7.057451172908736572e+11
1.920687899999999892e+00 8.047862198764208984e+10 -7.062720117123579102e+11 -7.046334840123579102e+11
1.932921499999999959e+00 8.388815797471166992e+10 -7.054215231252883301e+11 -7.037661970252883301e+11
1.945155200000000084e+00 6.479946915830554199e+10 -7.047594021416944580e+11 -7.033081978416944580e+11
1.957388899999999987e+00 6.668257685589038086e+10 -7.039054709441096191e+11 -7.025444859441096191e+11
1.969622500000000054e+00 5.526249311470593262e+10 -7.031735326852940674e+11 -7.016419218852940674e+11
1.981856300000000015e+00 5.840119851507312012e+10 -7.023339229849268799e+11 -7.009676645849268799e+11
1.994089999999999918e+00 5.630126264244458008e+10 -7.015095962575554199e+11 -7.002682572575554199e+11
2.006323599999999985e+00 6.224368668959851074e+10 -7.006622534104014893e+11 -6.992167393104014893e+11
2.018557299999999888e+00 7.326441644919738770e+10 -6.998249720508026123e+11 -6.985349221508026123e+11
2.030790899999999954e+00 5.986797070788793945e+10 -6.990726149921120605e+11 -6.978619670921120605e+11
2.043024599999999857e+00 4.577892672030090332e+10 -6.983507839796990967e+11 -6.973716134796990967e+11
2.055258400000000041e+00 6.358315861528735352e+10 -6.974169376847126465e+11 -6.963380485847126465e+11
2.067492000000000107e+00 6.940960056846594238e+10 -6.965785376315340576e+11 -6.950903160315340576e+11
2.079725700000000010e+00 5.843593897237939453e+10 -6.958480690276206055e+11 -6.945304491276206055e+11
2.091959399999999913e+00 5.363563334356457520e+10 -6.950297511564354248e+11 -6.936656791564354248e+11
2.104192999999999980e+00 5.498807399803320312e+10 -6.942337324019667969e+11 -6.927645460019667969e+11
2.116426800000000163e+00 6.494625952767944336e+10 -6.933570792723205566e+11 -6.921981629723205566e+11
2.128660399999999786e+00 6.575475118016784668e+10 -6.925612242198321533e+11 -6.911820382198321533e+11
2.140894100000000133e+00 6.416843906866674805e+10 -6.917615464313332520e+11 -6.906640677313332520e+11
2.153127700000000200e+00 7.299485977740051270e+10 -6.908798388225994873e+11 -6.896329674225994873e+11
2.165361400000000103e+00 6.476443806332128906e+10 -6.901654666366787109e+11 -6.888824605366787109e+11
2.177595100000000006e+00 5.511452893224072266e+10 -6.894130967677592773e+11 -6.882310431677592773e+11
2.189828900000000189e+00 6.765412182908166504e+10 -6.885351951709183350e+11 -6.871846789709183350e+11
2.202062600000000092e+00 8.004006655753540039e+10 -6.876528476424645996e+11 -6.864414562424645996e+11
2.214296099999999878e+00 6.005111058417077637e+10 -6.869881964158292236e+11 -6.856457739158292236e+11
2.226529799999999781e+00 6.204387606888159180e+10 -6.861531433311184082e+11 -6.847805182311184082e+11
2.238763500000000128e+00 6.379491521965368652e+10 -6.853298144803463135e+11 -6.839546735803463135e+11
2.250997200000000031e+00 5.974869462538549805e+10 -6.845872138746145020e+11 -6.832786967746145020e+11
2.263231000000000215e+00 6.197378840130749512e+10 -6.837626941986925049e+11 -6.820173802986925049e+11
2.275464700000000118e+00 6.178013124320300293e+10 -6.829807526567969971e+11 -6.812890774567969971e+11
2.287698199999999904e+00 7.321649545225708008e+10 -6.821051044477429199e+11 -6.806218641477429199e+11
2.299931899999999807e+00 7.185554764704919434e+10 -6.813244959529508057e+11 -6.800680485529508057e+11
2.312165600000000154e+00 5.511126494401965332e+10 -6.806444117559803467e+11 -6.792624620559803467e+11
2.324399399999999893e+00 5.602486535975402832e+10 -6.798326576402459717e+11 -6.786527874402459717e+11
2.336633099999999796e+00 5.824658769198986816e+10 -6.790487217080101318e+11 -6.775466803080101318e+11
2.348866600000000027e+00 5.885404828206127930e+10 -6.782535578179387207e+11 -6.767819157179387207e+11
2.361100299999999930e+00 6.183229743610205078e+10 -6.774318220638979492e+11 -6.761069799638979492e+11
2.373333999999999833e+00 5.167266636862487793e+10 -6.767158547313751221e+11 -6.752920700313751221e+11
2.385567700000000180e+00 5.834417038670507812e+10 -6.758860261132949219e+11 -6.745395360132949219e+11
2.397801499999999919e+00 4.850016216272595215e+10 -6.752025093372740479e+11 -6.737529164372740479e+11
2.410034899999999869e+00 7.154635571978344727e+10 -6.742764720802165527e+11 -6.730369034802165527e+11
2.422268700000000052e+00 6.772362128269421387e+10 -6.735301481173057861e+11 -6.724474373173057861e+11
2.434502399999999955e+00 6.039018445617456055e+10 -6.727723545438254395e+11 -6.715347837438254395e+11
2.446736099999999858e+00 7.266118102931274414e+10 -6.719296300706872559e+11 -6.705167695706872559e+11
2.458969900000000042e+00 6.039374750540393066e+10 -6.712525725945960693e+11 -6.700085958945960693e+11
2.471203599999999945e+00 5.090479164954345703e+10 -6.705137178504565430e+11 -6.690425774504565430e+11
2.483437100000000175e+00 5.955499859553442383e+10 -6.697063635044655762e+11 -6.682988330044655762e+11
2.495670800000000078e+00 6.206232656273022461e+10 -6.689354923372697754e+11 -6.678339834372697754e+11
2.507904499999999981e+00 6.001422567270019531e+10 -6.681667046272998047e+11 -6.668708932272998047e+11
2.520138199999999884e+00 4.616828977553479004e+10 -6.674930619244652100e+11 -6.662709055244652100e+11
2.532372000000000067e+00 5.097798988047827148e+10 -6.666784099195217285e+11 -6.656064095195217285e+11
2.544605400000000017e+00 4.852157938974938965e+10 -6.659562789102506104e+11 -6.649407661102506104e+11
2.556839200000000201e+00 5.301605554974597168e+10 -6.651893569502540283e+11 -6.638826300502540283e+11
2.569072900000000104e+00 6.446262328058349609e+10 -6.643315722194165039e+11 -6.630636072194165039e+11
2.581306600000000007e+00 4.251084657594836426e+10 -6.637278775240516357e+11 -6.624810433240516357e+11
2.593540400000000190e+00 4.718232010075170898e+10 -6.629470514992482910e+11 -6.617623769992482910e+11
2.605773800000000140e+00 5.201995141066674805e+10 -6.621817148893332520e+11 -6.609387248893332520e+11
2.618007599999999879e+00 6.710755076197924805e+10 -6.613254854380207520e+11 -6.602744543380207520e+11
2.630241299999999782e+00 4.939632718649267578e+10 -6.607078005135073242e+11 -6.598443692135073242e+11
2.642475000000000129e+00 4.983363824857995605e+10 -6.599450068514200439e+11 -6.588043440514200439e+11
2.654708700000000032e+00 6.289725593419970703e+10 -6.591331861658002930e+11 -6.581994897658002930e+11
2.666942500000000216e+00 5.779389914902722168e+10 -6.584436179509727783e+11 -6.575109439509727783e+11
2.679175900000000166e+00 6.076401029851916504e+10 -6.576695575014808350e+11 -6.565404771014808350e+11
2.691409699999999905e+00 5.410923307695092773e+10 -6.569765468230490723e+11 -6.558189491230490723e+11
2.703643399999999808e+00 4.814716130663562012e+10 -6.562628092933643799e+11 -6.550853865933643799e+11
2.715877100000000155e+00 4.014392667301672363e+10 -6.555885271269832764e+11 -6.545398722269832764e+11
2.728110800000000058e+00 4.985411535797155762e+10 -6.547972094420284424e+11 -6.537284949420284424e+11
2.740344299999999844e+00 5.172932202496594238e+10 -6.540668866750340576e+11 -6.528057792750340576e+11
2.752578000000000191e+00 5.448076864338403320e+10 -6.533218646566159668e+11 -6.523140080566159668e+11
2.764811799999999931e+00 4.622942724623254395e+10 -6.526474225537674561e+11 -6.514060790537674561e+11
2.777045499999999834e+00 4.091505455626989746e+10 -6.519573541437301025e+11 -6.507606148437301025e+11
2.789279200000000181e+00 5.061214617788623047e+10 -6.511772156221137695e+11 -6.500914454221137695e+11
2.801512999999999920e+00 5.339813829310766602e+10 -6.504627135068923340e+11 -6.493463001068923340e+11
2.813746399999999870e+00 5.344562171162609863e+10 -6.497273957883739014e+11 -6.485096830883739014e+11
2.825980200000000053e+00 4.185194588526550293e+10 -6.490789544147344971e+11 -6.478519850147344971e+11
2.838213899999999956e+00 4.360953291013684082e+10 -6.483749118898631592e+11 -6.473438404898631592e+11
2.850447599999999859e+00 5.238802148664868164e+10 -6.476133239133513184e+11 -6.466464283133513184e+11
2.862681300000000206e+00 5.839729494233508301e+10 -6.468838666576649170e+11 -6.456730504576649170e+11
2.874914799999999993e+00 6.039215541487084961e+10 -6.461595512851291504e+11 -6.448115692851291504e+11
2.887148499999999895e+00 4.972170108474597168e+10 -6.455198531152540283e+11 -6.444154684152540283e+11
2.899382300000000079e+00 5.643221111994885254e+10 -6.447796757800511475e+11 -6.435915741800511475e+11
2.911615999999999982e+00 5.964152950408068848e+10 -6.440590063959193115e+11 -6.430687581959193115e+11
2.923849699999999885e+00 5.548154843383032227e+10 -6.433848116661696777e+11 -6.423102877661696777e+11
2.936083200000000115e+00 3.829680317727880859e+10 -6.427975469227211914e+11 -6.417025112227211914e+11
2.948316900000000018e+00 4.409895447473828125e+10 -6.420609792252617188e+11 -6.409421230252617188e+11
2.960550700000000202e+00 3.970031446629174805e+10 -6.413929752337082520e+11 -6.402600104337082520e+11
2.972784400000000105e+00 4.222481015940991211e+10 -6.406969213405900879e+11 -6.393997755405900879e+11
2.985018100000000008e+00 5.111458647234460449e+10 -6.399721179276553955e+11 -6.386660020276553955e+11
2.997251799999999911e+00 4.897026307008142090e+10 -6.392972966299185791e+11 -6.380310984299185791e+11
3.009485300000000141e+00 4.602884873781848145e+10 -6.386186827621815186e+11 -6.375124587621815186e+11
3.021719000000000044e+00 4.316026705894616699e+10 -6.379555087410538330e+11 -6.368671002410538330e+11
3.033952799999999783e+00 4.652871349983325195e+10 -6.372735727001667480e+11 -6.362353672001667480e+11
3.046186500000000130e+00 4.685784845152587891e+10 -6.365909950484741211e+11 -6.356259666484741211e+11
3.058420200000000033e+00 5.535678985852429199e+10 -6.358754677414757080e+11 -6.346375094414757080e+11
3.070653699999999819e+00 5.470203922889892578e+10 -6.352125157711010742e+11 -6.339893522711010742e+11
3.082887400000000167e+00 5.414727232041638184e+10 -6.345288716795836182e+11 -6.334192410795836182e+11
3.095121199999999906e+00 5.220653716401818848e+10 -6.338948863359818115e+11 -6.327255716359818115e+11
3.107354899999999809e+00 5.683550675885620117e+10 -6.331929121411437988e+11 -6.321967526411437988e+11
3.119588600000000156e+00 5.487155136661218262e+10 -6.325419266333878174e+11 -6.314601443333878174e+11
3.131822300000000059e+00 5.125976610165490723e+10 -6.318971238983450928e+11 -6.307888006983450928e+11
3.144055799999999845e+00 4.456372548188244629e+10 -6.312614758181175537e+11 -6.301115674181175537e+11
3.156289500000000192e+00 4.662953763764392090e+10 -6.305891808623560791e+11 -6.293718537623560791e+11
3.168523299999999931e+00 3.985593342234851074e+10 -6.299696239776514893e+11 -6.287927126776514893e+11
3.180756999999999834e+00 5.224378870461511230e+10 -6.292482644953848877e+11 -6.282242000953848877e+11
3.192990700000000182e+00 4.655050627743688965e+10 -6.286289509225631104e+11 -6.274442759225631104e+11
3.205224199999999968e+00 4.987698294821606445e+10 -6.279349340517839355e+11 -6.266186547517839355e+11
3.217457899999999871e+00 4.780600862691345215e+10 -6.273332849730865479e+11 -6.262130692730865479e+11
3.229691600000000218e+00 5.990680088924450684e+10 -6.266130691107554932e+11 -6.255409392107554932e+11
3.241925399999999957e+00 5.649435401875598145e+10 -6.259879618812440186e+11 -6.249966663812440186e+11
3.254159099999999860e+00 5.030738646575915527e+10 -6.253633919342408447e+11 -6.243461674342408447e+11
3.266392600000000090e+00 4.562609254103173828e+10 -6.247498101589682617e+11 -6.237023163589682617e+11
3.278626299999999993e+00 5.002573375581066895e+10 -6.240740969441893311e+11 -6.230700870441893311e+11
3.290859999999999896e+00 4.340084969911364746e+10 -6.234885616008863525e+11 -6.226687831008863525e+11
3.303093800000000080e+00 4.840666640643847656e+10 -6.228285974935615234e+11 -6.218506588935615234e+11
3.315327499999999983e+00 5.522162425886840820e+10 -6.221519091411315918e+11 -6.212594220411315918e+11
3.327561199999999886e+00 5.344925998190771484e+10 -6.215344726180922852e+11 -6.206055790180922852e+11
3.339794700000000116e+00 5.720044471366040039e+10 -6.208553373863395996e+11 -6.199400999863395996e+11
3.352028400000000019e+00 6.421271165508459473e+10 -6.202015375449154053e+11 -6.191626258449154053e+11
3.364262099999999922e+00 6.613607254738842773e+10 -6.195869461526115723e+11 -6.184271299526115723e+11
3.376495900000000105e+00 5.986088528168127441e+10 -6.189661748183187256e+11 -6.178016140183187256e+11
3.388729600000000008e+00 3.948940229269787598e+10 -6.184450487073021240e+11 -6.173365796073021240e+11
3.400963099999999795e+00 5.814652162728674316e+10 -6.176892823727132568e+11 -6.165775494727132568e+11
3.413196800000000142e+00 5.549795770571179199e+10 -6.171133088942882080e+11 -6.160992849942882080e+11
3.425430500000000045e+00 6.466005384508618164e+10 -6.164387530549138184e+11 -6.154922045549138184e+11
3.437664299999999784e+00 6.159945928094775391e+10 -6.158406718190522461e+11 -6.149455251190522461e+11
3.449898000000000131e+00 6.561605794284948730e+10 -6.151936218571505127e+11 -6.141371633571505127e+11
3.462131700000000034e+00 6.122775958924658203e+10 -6.146022850107534180e+11 -6.135080861107534180e+11
3.474365199999999820e+00 5.571478872766430664e+10 -6.140026003723356934e+11 -6.129995649723356934e+11
3.486598900000000167e+00 4.414067102220471191e+10 -6.134358132777952881e+11 -6.124670554777952881e+11
3.498832600000000070e+00 4.168301142477539062e+10 -6.128338474752246094e+11 -6.117950891752246094e+11
3.511066399999999810e+00 4.602084054838745117e+10 -6.121953097516125488e+11 -6.111543344516125488e+11
3.523300100000000157e+00 5.465300386201232910e+10 -6.115395132379876709e+11 -6.106842836379876709e+11
3.535533599999999943e+00 5.364366222312963867e+10 -6.109393523768703613e+11 -6.100776531768703613e+11
3.547767299999999846e+00 5.316735215636901855e+10 -6.103279147436309814e+11 -6.092785852436309814e+11
3.560001000000000193e+00 4.179978976753149414e+10 -6.097861190324685059e+11 -6.087967167324685059e+11
3.572234799999999932e+00 4.395433662723620605e+10 -6.091531622727637939e+11 -6.081784727727637939e+11
3.584468499999999835e+00 4.943959928094995117e+10 -6.085347232190500488e+11 -6.075437005190500488e+11
3.596702000000000066e+00 4.719301957063049316e+10 -6.079369946293695068e+11 -6.070836171293695068e+11
3.608935699999999969e+00 4.482053472839221191e+10 -6.073347783716077881e+11 -6.064503125716077881e+11
3.621169399999999872e+00 5.402391183014086914e+10 -6.067004415698591309e+11 -6.058327887698591309e+11
3.633403100000000219e+00 5.223242821759790039e+10 -6.060966049824020996e+11 -6.052588890824020996e+11
3.645636899999999958e+00 5.079489639140563965e+10 -6.055052386085943604e+11 -6.046166437085943604e+11
3.657870599999999861e+00 4.627388394976647949e+10 -6.049288729502335205e+11 -6.040295822502335205e+11
3.670104100000000091e+00 5.381246368565148926e+10 -6.042834378143485107e+11 -6.032473820143485107e+11
3.682337799999999994e+00 5.266247348822851562e+10 -6.036853547117714844e+11 -6.026706394117714844e+11
3.694571499999999897e+00 4.620229136363391113e+10 -6.030816707363660889e+11 -6.019905490363660889e+11
3.706805199999999800e+00 4.609767544000048828e+10 -6.024629275599995117e+11 -6.015180923599995117e+11
3.719038999999999984e+00 5.008850892021618652e+10 -6.018177786797838135e+11 -6.008378126797838135e+11
3.731272399999999934e+00 5.266249532764709473e+10 -6.011908759723529053e+11 -6.002897505723529053e+11
3.743506200000000117e+00 4.694383279845397949e+10 -6.005965564015460205e+11 -5.995928330015460205e+11
3.755739900000000020e+00 5.296588504963574219e+10 -5.999576359503642578e+11 -5.990593217503642578e+11
3.767973599999999923e+00 5.920953565104370117e+10 -5.993392226489562988e+11 -5.984236925489562988e+11
3.780207400000000106e+00 6.221661822602197266e+10 -5.986967147739780273e+11 -5.977342792739780273e+11
3.792441100000000009e+00 5.360453166204174805e+10 -5.981540635379582520e+11 -5.971297294379582520e+11
3.804674599999999796e+00 5.965227988108398438e+10 -5.975198204189160156e+11 -5.964266831189160156e+11
3.816908300000000143e+00 5.919900147546826172e+10 -5.969187503245317383e+11 -5.958707792245317383e+11
3.829142000000000046e+00 5.211986553235009766e+10 -5.963540516676499023e+11 -5.953734610676499023e+11
3.841375699999999949e+00 5.318553104565563965e+10 -5.957401168543443604e+11 -5.947175230543443604e+11
3.853609500000000132e+00 5.323097195725561523e+10 -5.951481653427443848e+11 -5.942792959427443848e+11
3.865842900000000082e+00 4.769033283215612793e+10 -5.945689525678438721e+11 -5.935860975678438721e+11
3.878076699999999821e+00 4.682823199435021973e+10 -5.939595514056497803e+11 -5.929730036056497803e+11
3.890310400000000168e+00 5.392804407372851562e+10 -5.933070184262714844e+11 -5.925324529262714844e+11
3.902544100000000071e+00 5.638433312941113281e+10 -5.927146844705888672e+11 -5.919182777705888672e+11
3.914777899999999811e+00 5.602784322310717773e+10 -5.921083510768928223e+11 -5.912292208768928223e+11
3.927011300000000205e+00 5.352272912290466309e+10 -5.915308408770953369e+11 -5.907027845770953369e+11
3.939245099999999944e+00 5.768207909364428711e+10 -5.909107858063557129e+11 -5.898858102063557129e+11
3.951478799999999847e+00 4.072717791491137695e+10 -5.904053605850886230e+11 -5.893986354850886230e+11
3.963712500000000194e+00 4.979094966246386719e+10 -5.897681432375361328e+11 -5.888300938375361328e+11
3.975946200000000097e+00 5.177461352161120605e+10 -5.891533592783887939e+11 -5.882781593783887939e+11
3.988179999999999836e+00 3.512515353527404785e+10 -5.886519513647259521e+11 -5.877339156647259521e+11
4.000413400000000230e+00 4.416384450754833984e+10 -5.880153296924516602e+11 -5.870803686924516602e+11
4.012647199999999970e+00 5.019269452907458496e+10 -5.873976292709254150e+11 -5.865010272709254150e+11
4.024880900000000317e+00 4.814407835564355469e+10 -5.868232319443564453e+11 -5.858254464443564453e+11
4.037114599999999776e+00 4.572748992891210938e+10 -5.862360951710878906e+11 -5.853524941710878906e+11
4.049348400000000403e+00 5.156578315009948730e+10 -5.856188313499005127e+11 -5.847954570499005127e+11
4.061581799999999909e+00 5.561945268973132324e+10 -5.850168107102686768e+11 -5.841892052102686768e+11
4.073815599999999648e+00 5.670323641658081055e+10 -5.844306138834191895e+11 -5.834600973834191895e+11
4.086049299999999995e+00 5.987653890653710938e+10 -5.838393765934628906e+11 -5.826832459934628906e+11
4.098283000000000342e+00 5.524257387045007324e+10 -5.833302576295499268e+11 -5.823946766295499268e+11
4.110516699999999801e+00 5.718586009624487305e+10 -5.827668496037551270e+11 -5.818129498037551270e+11
4.122750199999999587e+00 6.475925657704785156e+10 -5.821479545229521484e+11 -5.811472018229521484e+11
4.134983899999999934e+00 5.135194143462500000e+10 -5.816640249653750000e+11 -5.808339825653750000e+11
4.147217699999999674e+00 4.907751839498266602e+10 -5.810877487050173340e+11 -5.802101579050173340e+11
4.159451400000000021e+00 5.397882623655603027e+10 -5.805035053634439697e+11 -5.797329324634439697e+11
4.171685100000000368e+00 5.109463826187426758e+10 -5.799439593381257324e+11 -5.790176366381257324e+11
4.183918799999999827e+00 5.275315282387280273e+10 -5.793553873761271973e+11 -5.784231033761271973e+11
4.196152299999999613e+00 6.242963843784460449e+10 -5.787352729621553955e+11 -5.778095234621553955e+11
4.208385999999999960e+00 5.531053277859118652e+10 -5.781815763214088135e+11 -5.773213451214088135e+11
4.220619799999999699e+00 5.622929906279650879e+10 -5.776133470372034912e+11 -5.767677776372034912e+11
4.232853500000000047e+00 6.065614551754614258e+10 -5.770163349824538574e+11 -5.761658077824538574e+11
4.245087200000000394e+00 5.709577490569799805e+10 -5.764516269943020020e+11 -5.757093122943020020e+11
4.257320700000000180e+00 5.978919522755883789e+10 -5.758437877724411621e+11 -5.750554146724411621e+11
4.269554399999999639e+00 5.867534370821984863e+10 -5.752705430917801514e+11 -5.744397735917801514e+11
4.281788200000000266e+00 6.290956303244409180e+10 -5.746692286675559082e+11 -5.738442327675559082e+11
4.294021899999999725e+00 5.961572085569335938e+10 -5.741023551443066406e+11 -5.732789522443066406e+11
4.306255400000000400e+00 5.596958958841870117e+10 -5.735432349115812988e+11 -5.726981152115812988e+11
4.318489099999999858e+00 5.409992604995373535e+10 -5.729564047500462646e+11 -5.720855089500462646e+11
4.330722800000000206e+00 6.032385751950195312e+10 -5.723404537804980469e+11 -5.715147531804980469e+11
4.342956499999999664e+00 6.036010095086645508e+10 -5.717541279491335449e+11 -5.710038644491335449e+11
4.355190300000000292e+00 5.564260809128674316e+10 -5.711859661087132568e+11 -5.704374093087132568e+11
4.367423999999999751e+00 6.397455578574206543e+10 -5.705572067142579346e+11 -5.696334044142579346e+11
4.379657700000000098e+00 5.863550550505224609e+10 -5.700048579949477539e+11 -5.691387389949477539e+11
4.391891499999999837e+00 6.438094860147448730e+10 -5.693750097985255127e+11 -5.685715042985255127e+11
4.404125200000000184e+00 6.872717146694250488e+10 -5.687644548330574951e+11 -5.679743006330574951e+11
4.416358899999999643e+00 6.284619515870288086e+10 -5.682048289412971191e+11 -5.674058207412971191e+11
4.428592100000000364e+00 5.371421085213244629e+10 -5.676530162478675537e+11 -5.668012821478675537e+11
4.440825900000000104e+00 6.205221889672387695e+10 -5.670083677032761230e+11 -5.661461260032761230e+11
4.453059599999999563e+00 6.130359026785632324e+10 -5.664252853321436768e+11 -5.655605349321436768e+11
4.465293299999999910e+00 5.844556543415625000e+10 -5.658421764658437500e+11 -5.649299561658437500e+11
4.477527000000000257e+00 6.074349974460327148e+10 -5.652228908553967285e+11 -5.642647456553967285e+11
4.489760799999999996e+00 5.522035337987182617e+10 -5.646491508201281738e+11 -5.637883848201281738e+11
4.501994500000000343e+00 5.637623137922570801e+10 -5.640474838207742920e+11 -5.632059824207742920e+11
4.514228199999999802e+00 5.855905358234423828e+10 -5.634489963176557617e+11 -5.626495333176557617e+11
4.526462000000000430e+00 6.473017968908410645e+10 -5.628064847109158936e+11 -5.619271705109158936e+11
4.538695699999999889e+00 5.873785418035314941e+10 -5.622349677196468506e+11 -5.613894983196468506e+11
4.550929400000000236e+00 6.072674639895812988e+10 -5.616268913010418701e+11 -5.608785593010418701e+11
4.563162600000000069e+00 6.475881528335253906e+10 -5.609976407166474609e+11 -5.601357605166474609e+11
4.575396399999999808e+00 5.965485024760839844e+10 -5.604211438523916016e+11 -5.595609458523916016e+11
4.587630100000000155e+00 5.949525981426672363e+10 -5.598186184857332764e+11 -5.590221434857332764e+11
4.599863799999999614e+00 6.124429263161120605e+10 -5.591885571683887939e+11 -5.584362662683887939e+11
4.612097499999999961e+00 6.374883211671398926e+10 -5.585754423832860107e+11 -5.578012113832860107e+11
4.624331299999999700e+00 6.955276658549121094e+10 -5.579239346145087891e+11 -5.570761568145087891e+11
4.636565000000000047e+00 6.246615890334020996e+10 -5.573503828966597900e+11 -5.565393593966597900e+11
4.648798700000000395e+00 6.333224698889538574e+10 -5.567466430111046143e+11 -5.559289132111046143e+11
4.661032399999999853e+00 7.148635348385986328e+10 -5.560761522161401367e+11 -5.551901113161401367e+11
4.673266199999999593e+00 6.280047595970605469e+10 -5.555097237402939453e+11 -5.546232479402939453e+11
4.685499400000000314e+00 6.351984070921166992e+10 -5.548835325907883301e+11 -5.540560626907883301e+11
4.697733099999999773e+00 7.043467623275415039e+10 -5.542268521672458496e+11 -5.533575599672458496e+11
4.709966800000000120e+00 6.612540871341455078e+10 -5.536296615865854492e+11 -5.528523385865854492e+11
4.722200599999999859e+00 6.347214494494836426e+10 -5.530167552550516357e+11 -5.521437602550516357e+11
4.734434300000000206e+00 6.606891600435217285e+10 -5.523862990956478271e+11 -5.516491359956478271e+11
4.746667999999999665e+00 6.431607825072326660e+10 -5.517601159492767334e+11 -5.511073733492767334e+11
4.758901800000000293e+00 6.218811787323803711e+10 -5.511453541267619629e+11 -5.504721757267619629e+11
4.771135499999999752e+00 6.515707523593347168e+10 -5.505051255640665283e+11 -5.498418988640665283e+11
4.783369200000000099e+00 6.485802607981347656e+10 -5.498886605201865234e+11 -5.491411092201865234e+11
4.795602899999999558e+00 7.213168072935961914e+10 -5.492185109706403809e+11 -5.484985907706403809e+11
4.807836700000000185e+00 6.391432453978588867e+10 -5.486211146602141113e+11 -5.478320246602141113e+11
4.820069900000000018e+00 5.984946055584704590e+10 -5.480043210441529541e+11 -5.472000965441529541e+11
4.832303600000000365e+00 7.205133627186682129e+10 -5.473061131281331787e+11 -5.465129770281331787e+11
4.844537299999999824e+00 7.050556483293945312e+10 -5.466849006670605469e+11 -5.458391048670605469e+11
4.856771099999999564e+00 6.790820072882788086e+10 -5.460453088711721191e+11 -5.452016245711721191e+11
4.869004799999999911e+00 7.014176231351318359e+10 -5.454030445864868164e+11 -5.445725544864868164e+11
4.881238500000000258e+00 6.912025359326043701e+10 -5.447695066067395630e+11 -5.438586309067395630e+11
4.893472299999999997e+00 6.500049838813836670e+10 -5.441416694118616333e+11 -5.432315142118616333e+11
4.905706000000000344e+00 5.886123425817669678e+10 -5.435236346418233032e+11 -5.427336787418233032e+11
4.917939699999999803e+00 6.263299452679571533e+10 -5.428625373732042847e+11 -5.420927888732042847e+11
4.930173400000000150e+00 6.419692694157189941e+10 -5.422110412584281006e+11 -5.413301682584281006e+11
4.942407199999999889e+00 6.279679440206127930e+10 -5.415657704979387207e+11 -5.407127906979387207e+11
4.954640399999999723e+00 6.826689631093255615e+10 -5.408838617890674438e+11 -5.401444153890674438e+11
4.966874100000000070e+00 6.244459911251696777e+10 -5.402612329874830322e+11 -5.395752961874830322e+11
4.979107800000000417e+00 6.860180255884698486e+10 -5.395826608411530151e+11 -5.388592426411530151e+11
4.991341600000000156e+00 7.098262859706848145e+10 -5.389063278029315186e+11 -5.381598319029315186e+11
5.003575299999999615e+00 6.924116256355920410e+10 -5.382581142364407959e+11 -5.375367540364407959e+11
5.015808999999999962e+00 7.349494587340704346e+10 -5.375879034265929565e+11 -5.368602689265929565e+11
5.028042799999999701e+00 7.386058973810992432e+10 -5.369117987618900757e+11 -5.361611089618900757e+11
5.040276500000000048e+00 5.859026861999719238e+10 -5.363198751800028076e+11 -5.355335696800028076e+11
5.052510200000000395e+00 6.372709318494287109e+10 -5.356253122150571289e+11 -5.348716140150571289e+11
5.064743899999999854e+00 6.614313834495892334e+10 -5.349546895550410767e+11 -5.342149229550410767e+11
5.076977699999999594e+00 6.541287430151147461e+10 -5.342869295984885254e+11 -5.334849552984885254e+11
5.089210900000000315e+00 6.489363643758941650e+10 -5.336144071624105835e+11 -5.328922969624105835e+11
5.101444599999999774e+00 6.668751007152612305e+10 -5.329412167284738770e+11 -5.321859765284738770e+11
5.113678300000000121e+00 8.191371121552624512e+10 -5.322019774844737549e+11 -5.314748487844737549e+11
5.125912099999999860e+00 7.755877902665570068e+10 -5.315443612733442993e+11 -5.308019461733442993e+11
5.138145800000000207e+00 7.112308552693640137e+10 -5.308927830730635986e+11 -5.301040815730635986e+11
5.150379499999999666e+00 7.487067929032702637e+10 -5.301948272096729736e+11 -5.294377371096729736e+11
5.162613200000000013e+00 6.841905299650048828e+10 -5.295445178034995117e+11 -5.287257896034995117e+11
5.174846999999999753e+00 7.317786472236804199e+10 -5.288347403776319580e+11 -5.280658623776319580e+11
5.187080700000000100e+00 7.253450520838592529e+10 -5.281445030916140747e+11 -5.273098623916140747e+11
5.199314399999999559e+00 6.926703192868627930e+10 -5.274707152713137207e+11 -5.266171633713137207e+11
5.211547600000000280e+00 6.994663770980267334e+10 -5.267782154901973267e+11 -5.259976917901973267e+11
5.223781400000000019e+00 6.926818678816900635e+10 -5.260910136118309937e+11 -5.254878973118309937e+11
5.236015100000000366e+00 7.395178998264324951e+10 -5.253796696173567505e+11 -5.246762646173567505e+11
5.248248799999999825e+00 8.109736362944610596e+10 -5.246488103705538940e+11 -5.238719630705538940e+11
5.260482599999999564e+00 7.740308382430963135e+10 -5.239702469756903687e+11 -5.232124139756903687e+11
5.272716299999999912e+00 7.243043896197680664e+10 -5.232511785380231934e+11 -5.224856857380231934e+11
5.284950000000000259e+00 8.249795449909057617e+10 -5.223508573009094238e+11 -5.215706789009094238e+11
5.297183699999999718e+00 7.832800979127020264e+10 -5.215175028087297974e+11 -5.206748949087297974e+11
5.309417500000000345e+00 7.124980974696319580e+10 -5.207723701530368042e+11 -5.200051778530368042e+11
5.321651199999999804e+00 8.346424135916406250e+10 -5.199302962408359375e+11 -5.192302152408359375e+11
5.333884900000000151e+00 8.205134887525097656e+10 -5.191572534247490234e+11 -5.183636426247490234e+11
5.346118099999999984e+00 8.168567075076403809e+10 -5.183691013492359619e+11 -5.175325562492359619e+11
5.358351899999999723e+00 7.370888980145233154e+10 -5.176142246985476685e+11 -5.166451339985476685e+11
5.370585600000000071e+00 8.313638204638842773e+10 -5.167590798536115723e+11 -5.158662894536115723e+11
5.382819300000000418e+00 8.014371047996618652e+10 -5.159942875200338135e+11 -5.150098660200338135e+11
5.395053100000000157e+00 7.546163782869250488e+10 -5.152139265713074951e+11 -5.143029320713074951e+11
5.407286799999999616e+00 7.660540851918908691e+10 -5.144135772808109131e+11 -5.135292766808109131e+11
5.419520499999999963e+00 8.194673457600067139e+10 -5.135928125239993286e+11 -5.126472206239993286e+11
5.431754200000000310e+00 7.520417170219598389e+10 -5.128368459978040161e+11 -5.120264522978040161e+11
5.443988000000000049e+00 7.457706131391174316e+10 -5.120615906860882568e+11 -5.111450453860882568e+11
5.456221700000000396e+00 7.720740630335491943e+10 -5.112572194966450806e+11 -5.102395125966450806e+11
5.468455399999999855e+00 7.827722735984698486e+10 -5.104559324401530151e+11 -5.094015702401530151e+11
5.480688599999999688e+00 8.388997818658905029e+10 -5.096330704134109497e+11 -5.088046006134109497e+11
5.492922400000000316e+00 8.704424991396362305e+10 -5.088092361860363770e+11 -5.080137932860363770e+11
5.505156099999999775e+00 8.883823335553533936e+10 -5.079571045444646606e+11 -5.070837536444646606e+11
5.517389800000000122e+00 8.271843781499810791e+10 -5.071742412850018921e+11 -5.061213484850018921e+11
5.529623599999999861e+00 8.240815229521740723e+10 -5.063441448047825928e+11 -5.054175728047825928e+11
5.541857300000000208e+00 8.870878687730999756e+10 -5.054749872226900024e+11 -5.046651472226900024e+11
5.554090999999999667e+00 8.982408979109588623e+10 -5.046205371089041138e+11 -5.036759793089041138e+11
5.566324700000000014e+00 8.346519271366552734e+10 -5.038055546863344727e+11 -5.027858948863344727e+11
5.578558499999999754e+00 8.741406319578051758e+10 -5.029344354042194824e+11 -5.018257843042194824e+11
5.590792200000000101e+00 9.222383963681707764e+10 -5.020496860631829224e+11 -5.008482255631829224e+11
5.603025899999999559e+00 8.224646878647912598e+10 -5.012464519135208740e+11 -5.001755810135208740e+11
5.615259100000000281e+00 8.103747918617858887e+10 -5.003947580138214111e+11 -4.992566554138214111e+11
5.627492900000000020e+00 9.509033992711230469e+10 -4.994050249728876953e+11 -4.981845395728876953e+11
5.639726600000000367e+00 8.441050619011651611e+10 -4.985784038098834839e+11 -4.973102001098834839e+11
5.651960299999999826e+00 9.098190318721435547e+10 -4.976447796127856445e+11 -4.961984889127856445e+11
5.664194000000000173e+00 8.360208940480523682e+10 -4.968176525951947632e+11 -4.954611679951947632e+11
5.676427799999999912e+00 8.816614931756713867e+10 -4.958230379824328613e+11 -4.944543579824328613e+11
5.688661500000000260e+00 8.518903778736621094e+10 -4.949165004126337891e+11 -4.935453142126337891e+11
5.700895199999999718e+00 7.963350842836096191e+10 -4.940349916716390381e+11 -4.925675501716390381e+11
5.713129000000000346e+00 7.675006449926342773e+10 -4.930820546007365723e+11 -4.912916097007365723e+11
5.725362699999999805e+00 9.483828947303820801e+10 -4.919251726269617920e+11 -4.902245919269617920e+11
5.737596400000000152e+00 9.376255572444244385e+10 -4.908583849755575562e+11 -4.891124032755575562e+11
5.749829599999999985e+00 7.819350619483630371e+10 -4.898741591051636963e+11 -4.880028148051636963e+11
5.762063399999999724e+00 8.431179748674761963e+10 -4.886621292132523804e+11 -4.868855175132523804e+11
5.774297100000000071e+00 9.712288870055682373e+10 -4.872406482994431763e+11 -4.855516632994431763e+11
5.786530800000000418e+00 9.757213050189312744e+10 -4.857962854981068726e+11 -4.841130274981068726e+11
5.798764499999999877e+00 7.550041659007165527e+10 -4.845055374099283447e+11 -4.825538914099283447e+11
5.810998299999999617e+00 7.987118680398498535e+10 -4.822118841960150146e+11 -4.800410651960150146e+11
