7.340207999999999455e-02 -2.248719164322377930e+11 -3.478582344322377930e+11 4.462840356776220703e+10
8.563576000000000521e-02 1.032261926946511475e+12 -3.301624100534885254e+11 -1.094492830534885254e+11
9.786944799999999778e-02 2.242275591062513672e+12 -3.299970969374865723e+11 -2.297530089374865723e+11
1.101031299999999935e-01 2.656263596425277832e+12 -3.377742145747222900e+11 -2.835862745747222900e+11
1.223368100000000042e-01 3.038469332352519043e+12 -3.397776406474809570e+11 -3.128868986474809570e+11
1.345704799999999923e-01 2.994260786879658691e+12 -3.425784421203413696e+11 -3.245205211203413696e+11
1.468041599999999891e-01 2.802139946931696289e+12 -3.455208190683038940e+11 -3.316061950683038940e+11
1.590378400000000136e-01 2.681479898084603516e+12 -3.477488779153964844e+11 -3.381992379153964844e+11
1.712715200000000104e-01 2.640261524734230469e+12 -3.492659602657694092e+11 -3.409232612657694092e+11
1.835052000000000072e-01 2.480164310063068359e+12 -3.513730829369318237e+11 -3.423699319369318237e+11
1.957388999999999935e-01 2.351213036174494141e+12 -3.528867918255058594e+11 -3.474190748255058594e+11
2.079725799999999902e-01 2.199033683599104980e+12 -3.538173784008949585e+11 -3.474367564008949585e+11
2.202062599999999870e-01 2.083175732042597168e+12 -3.538366299574027710e+11 -3.470257849574027710e+11
2.324399400000000115e-01 1.981089159908879150e+12 -3.544562060911209106e+11 -3.458101270911209106e+11
2.446736200000000083e-01 1.874480444428381348e+12 -3.551305935716186523e+11 -3.453825185716186523e+11
2.569073000000000051e-01 1.724688561667488281e+12 -3.559841543325117798e+11 -3.480516213325117798e+11
2.691409599999999847e-01 1.571800086364544922e+12 -3.570633546354550781e+11 -3.496408236354550781e+11
2.813746599999999987e-01 1.468314292809714111e+12 -3.577543141902858887e+11 -3.504753661902858887e+11
2.936083199999999782e-01 1.370041652927724365e+12 -3.588690010722755737e+11 -3.498423240722755737e+11
3.058420199999999922e-01 1.211979538973697266e+12 -3.607723410263027954e+11 -3.546365330263027954e+11
3.180756800000000273e-01 1.129218020580117920e+12 -3.615783764198821411e+11 -3.587882214198821411e+11
3.303093799999999858e-01 1.045366767854751953e+12 -3.623218881452479858e+11 -3.590962611452479858e+11
3.425430400000000208e-01 9.105095481873171387e+11 -3.633407468126828613e+11 -3.612954338126828613e+11
3.547767399999999793e-01 8.364227295878591309e+11 -3.639064514121408081e+11 -3.619677754121408081e+11
3.670104000000000144e-01 7.823012772563051758e+11 -3.643095527436947632e+11 -3.615149637436947632e+11
3.792440999999999729e-01 7.105019571579476318e+11 -3.647778198420523682e+11 -3.616948598420523682e+11
3.914777899999999922e-01 6.367423327311923828e+11 -3.652720552688075562e+11 -3.629474362688075562e+11
4.037114600000000220e-01 5.578261768370203857e+11 -3.657343131629796143e+11 -3.630759341629796143e+11
4.159451499999999857e-01 4.880870119769392700e+11 -3.662046486230607300e+11 -3.638999670230607300e+11
4.281788200000000155e-01 4.440005386471178589e+11 -3.664542684528821411e+11 -3.641008903528821411e+11
4.404125099999999793e-01 3.979483674223468018e+11 -3.667015648776531982e+11 -3.637232825776531982e+11
4.526461800000000091e-01 3.528086268480567017e+11 -3.669230773519432983e+11 -3.642616191519432983e+11
4.648798699999999728e-01 3.205415756364545898e+11 -3.670188422635454102e+11 -3.652283230635454102e+11
4.771135400000000026e-01 2.844441704488302002e+11 -3.671880745511697998e+11 -3.656762612511697998e+11
4.893472300000000219e-01 2.569286282016910400e+11 -3.672779872983089600e+11 -3.653068107983089600e+11
5.015808999999999962e-01 2.353083237415069580e+11 -3.673613868584930420e+11 -3.655704326584930420e+11
5.138145899999999600e-01 2.246642422585690308e+11 -3.673050380414309692e+11 -3.656946283414309692e+11
5.260482600000000453e-01 2.031412168564168701e+11 -3.673217752435831299e+11 -3.659939610435831299e+11
5.382819199999999693e-01 2.044508205781663818e+11 -3.672089104218336182e+11 -3.660812246218336182e+11
5.505156500000000230e-01 2.056860268396188354e+11 -3.670923685603811646e+11 -3.659599803603811646e+11
5.627493099999999471e-01 2.073396046113035278e+11 -3.669721670886964722e+11 -3.655029802886964722e+11
5.749829800000000324e-01 2.034802557356456909e+11 -3.668552841643543091e+11 -3.658799778643543091e+11
5.872166399999999564e-01 2.041686796329539185e+11 -3.667346567670460815e+11 -3.657661965670460815e+11
5.994503700000000102e-01 2.284391567598012695e+11 -3.664627530401987305e+11 -3.649728924401987305e+11
6.116840300000000452e-01 2.248416229386548462e+11 -3.663064831613451538e+11 -3.650522914613451538e+11
6.239177000000000195e-01 2.243957672108415527e+11 -3.661821640891584473e+11 -3.647111566891584473e+11
6.361513600000000546e-01 2.605620261547891846e+11 -3.657969384452108154e+11 -3.644081121452108154e+11
6.483850899999999973e-01 2.679582075816122437e+11 -3.656340596183877563e+11 -3.647603331183877563e+11
6.606187500000000323e-01 2.865848544978523560e+11 -3.653815298021476440e+11 -3.643452250021476440e+11
6.728524200000000066e-01 3.040386234643355103e+11 -3.650873635356644897e+11 -3.637351523356644897e+11
6.850860800000000417e-01 3.076262185481275024e+11 -3.649130101518724976e+11 -3.633896488518724976e+11
6.973198099999999844e-01 3.293735852412850952e+11 -3.646132470587149048e+11 -3.633968886587149048e+11
7.095534700000000194e-01 3.491581340792418823e+11 -3.643390319207581177e+11 -3.631864876207581177e+11
7.217871399999999937e-01 3.482999194741188354e+11 -3.641788969258811646e+11 -3.628972200258811646e+11
7.340208000000000288e-01 3.597000633229592896e+11 -3.639030837770407104e+11 -3.627849135770407104e+11
7.462545299999999715e-01 3.699616191349528809e+11 -3.636786152650471191e+11 -3.624987827650471191e+11
7.584881900000000066e-01 3.873335653289718628e+11 -3.633825995710281372e+11 -3.622366980710281372e+11
7.707218599999999809e-01 3.999535545085591431e+11 -3.631362508914408569e+11 -3.617883807914408569e+11
7.829555799999999843e-01 4.082443180606250000e+11 -3.628782113393750000e+11 -3.613965231393750000e+11
7.951892499999999586e-01 4.097110039226416626e+11 -3.626475784773583374e+11 -3.612659389773583374e+11
8.074229099999999937e-01 4.070988026901547241e+11 -3.624756920098452759e+11 -3.612130972098452759e+11
8.196565799999999680e-01 4.176622841930463867e+11 -3.622055363069536133e+11 -3.613295655069536133e+11
8.318902999999999714e-01 4.219517784030897217e+11 -3.619642030969102783e+11 -3.607452446969102783e+11
8.441239699999999457e-01 4.201159218107638550e+11 -3.617324791892361450e+11 -3.605593423892361450e+11
8.563576299999999808e-01 4.210805337757115479e+11 -3.614914470242884521e+11 -3.601386020242884521e+11
8.685912999999999551e-01 4.120782929614759521e+11 -3.613017766385240479e+11 -3.601751201385240479e+11
8.808250199999999586e-01 4.146386182761129150e+11 -3.610249949238870850e+11 -3.595368017238870850e+11
8.930586900000000439e-01 3.954860151258070068e+11 -3.608966160741929932e+11 -3.594549806741929932e+11
9.052923499999999679e-01 3.820350819856730347e+11 -3.606751844143269653e+11 -3.593249088143269653e+11
9.175260200000000532e-01 3.714699367055500488e+11 -3.604601430944499512e+11 -3.589789218944499512e+11
9.297597399999999457e-01 3.730749174802722168e+11 -3.602123760197277832e+11 -3.593277517197277832e+11
9.419934100000000310e-01 3.737613989929742432e+11 -3.599425424070257568e+11 -3.588327345070257568e+11
9.542270699999999550e-01 3.643091891832713013e+11 -3.597408666167286987e+11 -3.583632374167286987e+11
9.664607400000000403e-01 3.500980354369248047e+11 -3.595252959630751953e+11 -3.579862216630751953e+11
9.786944600000000438e-01 3.346550655823369141e+11 -3.593217042176630859e+11 -3.583780714176630859e+11
9.909281300000000181e-01 3.289054839365588379e+11 -3.590718397634411621e+11 -3.581432336634411621e+11
1.003161799999999992e+00 3.191088984982857666e+11 -3.588364326017142334e+11 -3.579347699017142334e+11
1.015395499999999895e+00 3.044238367889387817e+11 -3.586222069110612183e+11 -3.577735427110612183e+11
1.027629200000000020e+00 2.845112848459457397e+11 -3.584175420540542603e+11 -3.577516041540542603e+11
1.039862800000000087e+00 2.699211569518197632e+11 -3.582057081481802368e+11 -3.572113048481802368e+11
1.052096499999999990e+00 2.570326450708613892e+11 -3.579713083291386108e+11 -3.567320699291386108e+11
1.064330199999999893e+00 2.529672136417990723e+11 -3.577047210582009277e+11 -3.567958240582009277e+11
1.076563799999999960e+00 2.435061371613829956e+11 -3.574561005386170044e+11 -3.565972545386170044e+11
1.088797599999999921e+00 2.227566705559960327e+11 -3.572539343440039673e+11 -3.563932828440039673e+11
1.101031300000000046e+00 2.152990734352349854e+11 -3.569657319647650146e+11 -3.560069885647650146e+11
1.113264899999999891e+00 2.044216632732995605e+11 -3.566700353267004395e+11 -3.558919450267004395e+11
1.125498600000000016e+00 2.000192429564428101e+11 -3.563768086435571899e+11 -3.555794304435571899e+11
1.137732399999999977e+00 1.933645103965976562e+11 -3.560896746034023438e+11 -3.554941166034023438e+11
1.149966000000000044e+00 1.854351558381235962e+11 -3.557795185618764038e+11 -3.551058230618764038e+11
1.162199699999999947e+00 1.718485554920794067e+11 -3.555296550079205933e+11 -3.546872704079205933e+11
1.174433300000000013e+00 1.541665727017667847e+11 -3.552781471982332153e+11 -3.545912479982332153e+11
1.186666999999999916e+00 1.513993516279447021e+11 -3.549718667720552979e+11 -3.543544791720552979e+11
1.198900700000000041e+00 1.575161088134006348e+11 -3.546230022865993652e+11 -3.539636423865993652e+11
1.211134300000000108e+00 1.509471710913204956e+11 -3.543363567086795044e+11 -3.535717228086795044e+11
1.223368100000000069e+00 1.407396262569498901e+11 -3.540731838430501099e+11 -3.531640577430501099e+11
1.235601799999999972e+00 1.363588065059520874e+11 -3.537562804940479126e+11 -3.530583322940479126e+11
1.247835400000000039e+00 1.344447823607281494e+11 -3.534464594392718506e+11 -3.528555516392718506e+11
1.260069099999999942e+00 1.221618300731822510e+11 -3.531899069268177490e+11 -3.524536034268177490e+11
1.272302700000000009e+00 1.247770356155961304e+11 -3.528480928844038696e+11 -3.522413047844038696e+11
1.284536399999999912e+00 1.237530660635036011e+11 -3.525443211364963989e+11 -3.520559628364963989e+11
1.296770200000000095e+00 1.173700335801142578e+11 -3.522142881198857422e+11 -3.515186405198857422e+11
1.309003799999999940e+00 1.147048027323155518e+11 -3.518573756676844482e+11 -3.511322297676844482e+11
1.321237500000000065e+00 1.148446646185149536e+11 -3.515400090814850464e+11 -3.507183014814850464e+11
1.333471199999999968e+00 1.087470100981852417e+11 -3.512743468018147583e+11 -3.505980077018147583e+11
1.345704800000000034e+00 1.151432305190100708e+11 -3.509214810809899292e+11 -3.502187096809899292e+11
1.357938599999999996e+00 1.245234684522984619e+11 -3.505468075477015381e+11 -3.498371039477015381e+11
1.370172200000000062e+00 1.200106282292171021e+11 -3.502647913707828979e+11 -3.494747728707828979e+11
1.382405899999999965e+00 1.232920734673344116e+11 -3.499215030326655884e+11 -3.491055384326655884e+11
1.394639600000000090e+00 1.215806776116210327e+11 -3.496214305883789673e+11 -3.487803749883789673e+11
1.406873199999999935e+00 1.281022646714661865e+11 -3.492666768285338135e+11 -3.486276462285338135e+11
1.419106900000000060e+00 1.291102972434011230e+11 -3.489631949565988770e+11 -3.484404601565988770e+11
1.431340700000000021e+00 1.314837731501030884e+11 -3.486174179498969116e+11 -3.480676457498969116e+11
1.443574300000000088e+00 1.267155928203086548e+11 -3.483201530796913452e+11 -3.477603342796913452e+11
1.455807999999999991e+00 1.202964932786602783e+11 -3.480586535213397217e+11 -3.473278895213397217e+11
1.468041600000000058e+00 1.234968588513370361e+11 -3.477229501486629639e+11 -3.469758498486629639e+11
1.480275299999999961e+00 1.338436951184060059e+11 -3.473599878815939941e+11 -3.467936734815939941e+11
1.492509099999999922e+00 1.374079529705785522e+11 -3.470288687294214478e+11 -3.464096737294214478e+11
1.504742699999999989e+00 1.403339860331641235e+11 -3.467477946668358765e+11 -3.459396238668358765e+11
1.516976399999999892e+00 1.324581144394530640e+11 -3.465491782605469360e+11 -3.458588302605469360e+11
1.529210100000000017e+00 1.299970184186498413e+11 -3.462655918813501587e+11 -3.454696381813501587e+11
1.541443700000000083e+00 1.274943788986826782e+11 -3.460113685013173218e+11 -3.452972520013173218e+11
1.553677399999999986e+00 1.330731653456979980e+11 -3.457002217543020020e+11 -3.450166044543020020e+11
1.565911199999999948e+00 1.377341626528665771e+11 -3.453903447471334229e+11 -3.446946354471334229e+11
1.578144800000000014e+00 1.321430886281469116e+11 -3.451374423718530884e+11 -3.447111791718530884e+11
1.590378499999999917e+00 1.331787073921602783e+11 -3.448362013078397217e+11 -3.441968921078397217e+11
1.602612099999999984e+00 1.322289507947802734e+11 -3.445518315052197266e+11 -3.437798243052197266e+11
1.614845800000000109e+00 1.311576217422802734e+11 -3.442573909577197266e+11 -3.435657309577197266e+11
1.627079600000000070e+00 1.281648786757751465e+11 -3.439876531242248535e+11 -3.432787048242248535e+11
1.639313199999999915e+00 1.339059731203993530e+11 -3.436747731796006470e+11 -3.427593791796006470e+11
1.651546900000000040e+00 1.438296126812004395e+11 -3.433500695187995605e+11 -3.426756012187995605e+11
1.663780599999999943e+00 1.346917254726607666e+11 -3.431025477273392334e+11 -3.424638343273392334e+11
1.676014200000000010e+00 1.309071103945635376e+11 -3.428292603054364624e+11 -3.420623311054364624e+11
1.688247899999999913e+00 1.382447246556069336e+11 -3.425024755443930664e+11 -3.418174660443930664e+11
1.700481499999999979e+00 1.210767061515554810e+11 -3.422906460484445190e+11 -3.416448637484445190e+11
1.712715299999999941e+00 1.237503360375021973e+11 -3.419894806624978027e+11 -3.413849425624978027e+11
1.724949000000000066e+00 1.286198812631369019e+11 -3.416857851368630981e+11 -3.410327115368630981e+11
1.737182599999999910e+00 1.278812770579325562e+11 -3.414124361420674438e+11 -3.408137328420674438e+11
1.749416300000000035e+00 1.250595743088475952e+11 -3.411367752911524048e+11 -3.405077724911524048e+11
1.761649999999999938e+00 1.234887872696143799e+11 -3.408594000303856201e+11 -3.403422569303856201e+11
1.773883600000000005e+00 1.191623810124943237e+11 -3.405988274875056763e+11 -3.400022595875056763e+11
1.786117399999999966e+00 1.196910510592415771e+11 -3.403119524407584229e+11 -3.397493272407584229e+11
1.798351000000000033e+00 1.171900567888085327e+11 -3.400554353111914673e+11 -3.394621068111914673e+11
1.810584699999999936e+00 1.166500952247956543e+11 -3.397800820752043457e+11 -3.391818246752043457e+11
1.822818400000000061e+00 1.156263245354207764e+11 -3.395046278645792236e+11 -3.389339192645792236e+11
1.835051999999999905e+00 1.089761837160462036e+11 -3.392579712839537964e+11 -3.386949589839537964e+11
1.847285800000000089e+00 1.115378719381340942e+11 -3.389692104618659058e+11 -3.385187434618659058e+11
1.859519499999999992e+00 1.071847050366712036e+11 -3.387232323633287964e+11 -3.380519763633287964e+11
1.871753100000000059e+00 1.009355767140396729e+11 -3.384722409859603271e+11 -3.378173170859603271e+11
1.883986799999999961e+00 1.027580460265210571e+11 -3.381944585734789429e+11 -3.377133692734789429e+11
1.896220500000000087e+00 1.052605858458839722e+11 -3.379310270541160278e+11 -3.374234897541160278e+11
1.908454099999999931e+00 9.942755986977722168e+10 -3.376900400302227783e+11 -3.371528625302227783e+11
1.920687899999999892e+00 1.005669516038494263e+11 -3.374233428961505737e+11 -3.368854877961505737e+11
1.932921499999999959e+00 1.034345595168804932e+11 -3.371527941831195068e+11 -3.364590810831195068e+11
1.945155200000000084e+00 1.006183185856479492e+11 -3.368975833143520508e+11 -3.362749620143520508e+11
1.957388899999999987e+00 9.337449555924371338e+10 -3.366783099407562866e+11 -3.362212091407562866e+11
1.969622500000000054e+00 9.202832800256793213e+10 -3.364258571974320679e+11 -3.359772489974320679e+11
1.981856300000000015e+00 9.602357295274938965e+10 -3.361468515472506104e+11 -3.355456909472506104e+11
1.994089999999999918e+00 9.836679510405541992e+10 -3.358879860959445801e+11 -3.353536264959445801e+11
2.006323599999999985e+00 9.908156648386413574e+10 -3.356339720161358643e+11 -3.349629037161358643e+11
2.018557299999999888e+00 9.159005408404595947e+10 -3.354247235159540405e+11 -3.349880448159540405e+11
2.030790899999999954e+00 8.729393710298419189e+10 -3.351904086970158081e+11 -3.348378948970158081e+11
2.043024599999999857e+00 8.391632392117486572e+10 -3.349592848788251343e+11 -3.345646465788251343e+11
2.055258400000000041e+00 8.883527937676080322e+10 -3.346920826232391968e+11 -3.341755365232391968e+11
2.067492000000000107e+00 8.857546288723144531e+10 -3.344594172127685547e+11 -3.339989633127685547e+11
2.079725700000000010e+00 8.957059695479895020e+10 -3.342128112452010498e+11 -3.336811530452010498e+11
2.091959399999999913e+00 8.235988653541400146e+10 -3.340021704645859985e+11 -3.334807375645859985e+11
2.104192999999999980e+00 7.968697735319342041e+10 -3.337856416468065796e+11 -3.333474389468065796e+11
2.116426800000000163e+00 8.501374379204779053e+10 -3.335233432079522095e+11 -3.330827313079522095e+11
2.128660399999999786e+00 8.621057701207012939e+10 -3.332882098879298706e+11 -3.328093599879298706e+11
2.140894100000000133e+00 7.858807270687823486e+10 -3.330994597931217651e+11 -3.325902308931217651e+11
2.153127700000000200e+00 8.055871742439227295e+10 -3.328639879756077271e+11 -3.322847111756077271e+11
2.165361400000000103e+00 8.232004612980706787e+10 -3.326380259701929321e+11 -3.321416410701929321e+11
2.177595100000000006e+00 8.304142864859417725e+10 -3.324051394514058228e+11 -3.319433369514058228e+11
2.189828900000000189e+00 7.848291925964562988e+10 -3.322138665403543701e+11 -3.316316144403543701e+11
2.202062600000000092e+00 8.097002726905737305e+10 -3.319835313309426270e+11 -3.314380159309426270e+11
2.214296099999999878e+00 8.231518459279803467e+10 -3.317620727072019653e+11 -3.312491853072019653e+11
2.226529799999999781e+00 8.283254289884442139e+10 -3.315462938011555786e+11 -3.311501507011555786e+11
2.238763500000000128e+00 7.966383342717572021e+10 -3.313543515728242798e+11 -3.308789539728242798e+11
2.250997200000000031e+00 8.341385172210321045e+10 -3.311236499778967896e+11 -3.305866201778967896e+11
2.263231000000000215e+00 7.764019568439215088e+10 -3.309414624156078491e+11 -3.304880306156078491e+11
2.275464700000000118e+00 8.082309852495556641e+10 -3.307221210750444336e+11 -3.302084492750444336e+11
2.287698199999999904e+00 7.618730590540087891e+10 -3.305337315945991211e+11 -3.299860202945991211e+11
2.299931899999999807e+00 7.542167263290869141e+10 -3.303332126670913086e+11 -3.298177652670913086e+11
2.312165600000000154e+00 7.614508370115356445e+10 -3.301427060988464355e+11 -3.295918914988464355e+11
2.324399399999999893e+00 8.273745979601556396e+10 -3.299250387039844360e+11 -3.294239742039844360e+11
2.336633099999999796e+00 8.218626714796966553e+10 -3.297340184520303345e+11 -3.292954626520303345e+11
2.348866600000000027e+00 7.712283430058306885e+10 -3.295575706994169312e+11 -3.291041681994169312e+11
2.361100299999999930e+00 7.639594843220587158e+10 -3.293666983677941284e+11 -3.288207885677941284e+11
2.373333999999999833e+00 7.453975741987835693e+10 -3.291884984801216431e+11 -3.287535224801216431e+11
2.385567700000000180e+00 7.340510293854718018e+10 -3.290099089614528198e+11 -3.285277126614528198e+11
2.397801499999999919e+00 7.952113871535247803e+10 -3.288048934846475220e+11 -3.281950424846475220e+11
2.410034899999999869e+00 7.770239970495928955e+10 -3.286353802950407104e+11 -3.281486700950407104e+11
2.422268700000000052e+00 7.195163138735791016e+10 -3.284773524126420898e+11 -3.280425213126420898e+11
2.434502399999999955e+00 7.317713969120983887e+10 -3.282889026087901611e+11 -3.278914787087901611e+11
2.446736099999999858e+00 7.231728023594354248e+10 -3.281200998640564575e+11 -3.276381020640564575e+11
2.458969900000000042e+00 7.136647902040814209e+10 -3.279573087795918579e+11 -3.274602052795918579e+11
2.471203599999999945e+00 7.027844809456774902e+10 -3.277891303054322510e+11 -3.272548983054322510e+11
2.483437100000000175e+00 7.257036150985729980e+10 -3.276159348901427002e+11 -3.271173622901427002e+11
2.495670800000000078e+00 7.582316082910076904e+10 -3.274353444708992310e+11 -3.270132944708992310e+11
2.507904499999999981e+00 7.329800942769140625e+10 -3.272815910723085938e+11 -3.267668568723085938e+11
2.520138199999999884e+00 6.892403396369543457e+10 -3.271377029363045654e+11 -3.266871327363045654e+11
2.532372000000000067e+00 6.659963283719641113e+10 -3.269841296628035889e+11 -3.265497871628035889e+11
2.544605400000000017e+00 6.540661677623767090e+10 -3.268382471237623291e+11 -3.263659280237623291e+11
2.556839200000000201e+00 6.679144430551995850e+10 -3.266756512944800415e+11 -3.263307332944800415e+11
2.569072900000000104e+00 6.870630690772766113e+10 -3.265139057922723389e+11 -3.261698409922723389e+11
2.581306600000000007e+00 6.840644443813604736e+10 -3.263673609618639526e+11 -3.259185183618639526e+11
2.593540400000000190e+00 6.947972702374487305e+10 -3.262160396762551270e+11 -3.257808019762551270e+11
2.605773800000000140e+00 7.447862760533312988e+10 -3.260572687946668701e+11 -3.255287686946668701e+11
2.618007599999999879e+00 7.091753570911798096e+10 -3.259198775908820190e+11 -3.253787868908820190e+11
2.630241299999999782e+00 6.850918492969238281e+10 -3.257821273703076172e+11 -3.253046203703076172e+11
2.642475000000000129e+00 6.192354664870086670e+10 -3.256726361512991333e+11 -3.252701267512991333e+11
2.654708700000000032e+00 6.475193129943945312e+10 -3.255214897005605469e+11 -3.250578413005605469e+11
2.666942500000000216e+00 6.681211075265222168e+10 -3.253754927473477783e+11 -3.248689605473477783e+11
2.679175900000000166e+00 6.318424026083685303e+10 -3.252606492391631470e+11 -3.247382008391631470e+11
2.691409699999999905e+00 6.380779024268981934e+10 -3.251272743573101807e+11 -3.246584063573101807e+11
2.703643399999999808e+00 6.627042648474591064e+10 -3.249830163152540894e+11 -3.245744019152540894e+11
2.715877100000000155e+00 6.420870187441760254e+10 -3.248667122255823975e+11 -3.244546397255823975e+11
2.728110800000000058e+00 5.854135839595367432e+10 -3.247598344040463257e+11 -3.242526721040463257e+11
2.740344299999999844e+00 6.211334615237054443e+10 -3.246274522476294556e+11 -3.241944095476294556e+11
2.752578000000000191e+00 6.923351181098260498e+10 -3.244818825890173950e+11 -3.240545191890173950e+11
2.764811799999999931e+00 6.240918688080499268e+10 -3.243872335191950073e+11 -3.239659449191950073e+11
2.777045499999999834e+00 6.379907212973529053e+10 -3.242631227702647095e+11 -3.238640944702647095e+11
2.789279200000000181e+00 6.439752160364379883e+10 -3.241398883963562012e+11 -3.237146789963562012e+11
2.801512999999999920e+00 6.036053945975708008e+10 -3.240445603402429199e+11 -3.236341693402429199e+11
2.813746399999999870e+00 5.969139422909735107e+10 -3.239328302709026489e+11 -3.235156545709026489e+11
2.825980200000000053e+00 5.995218712632971191e+10 -3.238214406736702881e+11 -3.234182152736702881e+11
2.838213899999999956e+00 6.239775700527111816e+10 -3.237075732947288818e+11 -3.232496316947288818e+11
2.850447599999999859e+00 6.014230862075677490e+10 -3.236079727792432251e+11 -3.231823595792432251e+11
2.862681300000000206e+00 5.949332590331243896e+10 -3.235064783966875610e+11 -3.230483681966875610e+11
2.874914799999999993e+00 5.726389115232513428e+10 -3.234094495476748657e+11 -3.229773824476748657e+11
2.887148499999999895e+00 5.880523206875518799e+10 -3.233053647312448120e+11 -3.229574864312448120e+11
2.899382300000000079e+00 5.902307198332617188e+10 -3.232043883166738281e+11 -3.227986144166738281e+11
2.911615999999999982e+00 5.825378355313067627e+10 -3.231088237468693237e+11 -3.226498368468693237e+11
2.923849699999999885e+00 5.827156208934838867e+10 -3.230171128106516113e+11 -3.226031714106516113e+11
2.936083200000000115e+00 5.565984051852062988e+10 -3.229294271814793701e+11 -3.225360951814793701e+11
2.948316900000000018e+00 5.328384667054602051e+10 -3.228483266294539795e+11 -3.224578222294539795e+11
2.960550700000000202e+00 5.471617434382366943e+10 -3.227532211561763306e+11 -3.222697068561763306e+11
2.972784400000000105e+00 5.489864669212127686e+10 -3.226641268078787231e+11 -3.222779435078787231e+11
2.985018100000000008e+00 5.389195925675598145e+10 -3.225799504432440186e+11 -3.222545451432440186e+11
2.997251799999999911e+00 5.160089682930621338e+10 -3.224985410706937866e+11 -3.221527607706937866e+11
3.009485300000000141e+00 5.024339280163391113e+10 -3.224251619983660889e+11 -3.219938867983660889e+11
3.021719000000000044e+00 5.269080489758508301e+10 -3.223355470024149170e+11 -3.218897175024149170e+11
3.033952799999999783e+00 5.311621719922088623e+10 -3.222563869007791138e+11 -3.217999417007791138e+11
3.046186500000000130e+00 5.389435317761492920e+10 -3.221756139223850708e+11 -3.217676370223850708e+11
3.058420200000000033e+00 5.800854838636022949e+10 -3.220809163136397705e+11 -3.216160309136397705e+11
3.070653699999999819e+00 5.989910637847912598e+10 -3.220066509215208740e+11 -3.215640326215208740e+11
3.082887400000000167e+00 5.680896458528503418e+10 -3.219435241147149658e+11 -3.214674798147149658e+11
3.095121199999999906e+00 5.346853710689422607e+10 -3.218812445931057739e+11 -3.213794906931057739e+11
3.107354899999999809e+00 5.270815745959649658e+10 -3.218100724404035034e+11 -3.213683764404035034e+11
3.119588600000000156e+00 5.011492100049176025e+10 -3.217537280995082397e+11 -3.213493959995082397e+11
3.131822300000000059e+00 5.358828240770788574e+10 -3.216748230922921143e+11 -3.212275132922921143e+11
3.144055799999999845e+00 5.318649517256121826e+10 -3.216119866274387817e+11 -3.211406741274387817e+11
3.156289500000000192e+00 5.346620614713330078e+10 -3.215470515528666992e+11 -3.212003301528666992e+11
3.168523299999999931e+00 5.004982920797033691e+10 -3.214928882920296631e+11 -3.211213315920296631e+11
3.180756999999999834e+00 4.736325767938525391e+10 -3.214427802206147461e+11 -3.210175339206147461e+11
3.192990700000000182e+00 4.958399645129486084e+10 -3.213774932487051392e+11 -3.209823054487051392e+11
3.205224199999999968e+00 5.343778876412292480e+10 -3.213068307358770752e+11 -3.208498944358770752e+11
3.217457899999999871e+00 5.735001080979986572e+10 -3.212364078902001343e+11 -3.207178352902001343e+11
3.229691600000000218e+00 4.990021560744580078e+10 -3.212105357925541992e+11 -3.207700677925541992e+11
3.241925399999999957e+00 5.119212756777288818e+10 -3.211530244322271118e+11 -3.206905529322271118e+11
3.254159099999999860e+00 5.484266957228613281e+10 -3.210844431277138672e+11 -3.206832343277138672e+11
3.266392600000000090e+00 4.901073492018084717e+10 -3.210566842798191528e+11 -3.207272323798191528e+11
3.278626299999999993e+00 4.868917899264050293e+10 -3.210031697073594971e+11 -3.206223708073594971e+11
3.290859999999999896e+00 4.780131432619677734e+10 -3.209562542738032227e+11 -3.206030451738032227e+11
3.303093800000000080e+00 5.083744464002856445e+10 -3.209047215599714355e+11 -3.205680721599714355e+11
3.315327499999999983e+00 5.237466226767950439e+10 -3.208504959323204956e+11 -3.205005563323204956e+11
3.327561199999999886e+00 4.515291064393713379e+10 -3.208360899560628662e+11 -3.204864150560628662e+11
3.339794700000000116e+00 4.864981187294195557e+10 -3.207758119270580444e+11 -3.203474429270580444e+11
3.352028400000000019e+00 4.550348017667340088e+10 -3.207469422233265991e+11 -3.203213689233265991e+11
3.364262099999999922e+00 4.564746730659124756e+10 -3.207109061934087524e+11 -3.202707800934087524e+11
3.376495900000000105e+00 4.933855595910699463e+10 -3.206565458408930054e+11 -3.202835512408930054e+11
3.388729600000000008e+00 5.006396760881835938e+10 -3.206127062911816406e+11 -3.202005975911816406e+11
3.400963099999999795e+00 4.542289395290832520e+10 -3.205911832470916748e+11 -3.202248738470916748e+11
3.413196800000000142e+00 4.778152810072808838e+10 -3.205494252992719116e+11 -3.202245686992719116e+11
3.425430500000000045e+00 4.841268098720538330e+10 -3.205178571127946167e+11 -3.201843488127946167e+11
3.437664299999999784e+00 4.684178430408764648e+10 -3.204855956959123535e+11 -3.200870355959123535e+11
3.449898000000000131e+00 4.507299865098590088e+10 -3.204599331490140991e+11 -3.200834949490140991e+11
3.462131700000000034e+00 4.935158531083911133e+10 -3.204188315891608887e+11 -3.200730157891608887e+11
3.474365199999999820e+00 4.821501452409954834e+10 -3.203937005759004517e+11 -3.200128378759004517e+11
3.486598900000000167e+00 4.831927789710107422e+10 -3.203601636028989258e+11 -3.199760669028989258e+11
3.498832600000000070e+00 4.767935519933258057e+10 -3.203404949006674194e+11 -3.199187658006674194e+11
3.511066399999999810e+00 4.698805674186303711e+10 -3.203153815581369629e+11 -3.199913853581369629e+11
3.523300100000000157e+00 4.606819189133886719e+10 -3.202942803086611328e+11 -3.199132492086611328e+11
3.535533599999999943e+00 4.887708006040637207e+10 -3.202659651395936279e+11 -3.198571043395936279e+11
3.547767299999999846e+00 4.824431146662530518e+10 -3.202443900333746948e+11 -3.198541477333746948e+11
3.560001000000000193e+00 4.789518475823077393e+10 -3.202258305417692261e+11 -3.198595728417692261e+11
3.572234799999999932e+00 4.584608895314038086e+10 -3.202121569468596191e+11 -3.198378876468596191e+11
3.584468499999999835e+00 4.657948224163409424e+10 -3.201905597583659058e+11 -3.198469516583659058e+11
3.596702000000000066e+00 4.913359278410894775e+10 -3.201655114158910522e+11 -3.198200656158910522e+11
3.608935699999999969e+00 4.921584928606079102e+10 -3.201481520139392090e+11 -3.197474697139392090e+11
3.621169399999999872e+00 4.746788913965313721e+10 -3.201449577603468628e+11 -3.197578646603468628e+11
3.633403100000000219e+00 5.044769980158709717e+10 -3.201161353984129028e+11 -3.197374359984129028e+11
3.645636899999999958e+00 4.634723856705938721e+10 -3.201202593329406128e+11 -3.197925098329406128e+11
3.657870599999999861e+00 4.512693203658532715e+10 -3.201080963634146729e+11 -3.197784482634146729e+11
3.670104100000000091e+00 4.411190669191418457e+10 -3.201003101080858154e+11 -3.196997162080858154e+11
3.682337799999999994e+00 4.131355925786907959e+10 -3.200961254421309204e+11 -3.197368658421309204e+11
3.694571499999999897e+00 4.332586543942108154e+10 -3.200651642605789185e+11 -3.197052453605789185e+11
3.706805199999999800e+00 4.486560086468725586e+10 -3.200450883353127441e+11 -3.196804905353127441e+11
3.719038999999999984e+00 4.647847091464819336e+10 -3.200256878853518066e+11 -3.196051774853518066e+11
3.731272399999999934e+00 4.553714019641784668e+10 -3.200148166035821533e+11 -3.196066442035821533e+11
3.743506200000000117e+00 4.290037392957824707e+10 -3.200063075704217529e+11 -3.196140833704217529e+11
3.755739900000000020e+00 4.574188605323504639e+10 -3.199864008467649536e+11 -3.196744051467649536e+11
3.767973599999999923e+00 4.108773058625274658e+10 -3.200028941137472534e+11 -3.196156969137472534e+11
3.780207400000000106e+00 4.540993116017285156e+10 -3.199801707398271484e+11 -3.195874736398271484e+11
3.792441100000000009e+00 4.698903093692663574e+10 -3.199708786630733643e+11 -3.196397663630733643e+11
3.804674599999999796e+00 4.170994279814483643e+10 -3.199836522018551636e+11 -3.196101506018551636e+11
3.816908300000000143e+00 4.585225933055780029e+10 -3.199644052694421997e+11 -3.196163740694421997e+11
3.829142000000000046e+00 4.146677260701696777e+10 -3.199802145929830322e+11 -3.195710713929830322e+11
3.841375699999999949e+00 4.029175436710821533e+10 -3.199833015328917847e+11 -3.196160762328917847e+11
3.853609500000000132e+00 4.437766594287445068e+10 -3.199705865571255493e+11 -3.196555307571255493e+11
3.865842900000000082e+00 4.598459838586224365e+10 -3.199677962141377563e+11 -3.196000519141377563e+11
3.878076699999999821e+00 4.344331207571643066e+10 -3.199754043242835693e+11 -3.196117092242835693e+11
3.890310400000000168e+00 4.290038725681433105e+10 -3.199687057431856689e+11 -3.195563067431856689e+11
3.902544100000000071e+00 4.387887362136791992e+10 -3.199753526786320801e+11 -3.196046540786320801e+11
3.914777899999999811e+00 4.415884040242486572e+10 -3.199841583975751343e+11 -3.196469058975751343e+11
3.927011300000000205e+00 4.520319676958563232e+10 -3.199882233304143677e+11 -3.195886202304143677e+11
3.939245099999999944e+00 4.328444063769165039e+10 -3.200016385623083496e+11 -3.196618450623083496e+11
3.951478799999999847e+00 3.990168029647375488e+10 -3.200208574035262451e+11 -3.196419846035262451e+11
3.963712500000000194e+00 3.993579319364825439e+10 -3.200334376063517456e+11 -3.196586423063517456e+11
3.975946200000000097e+00 3.837759638044366455e+10 -3.200484199195563354e+11 -3.196872479195563354e+11
3.988179999999999836e+00 3.807391632668798828e+10 -3.200624046733120117e+11 -3.197584223733120117e+11
4.000413400000000230e+00 3.909510969718310547e+10 -3.200758686028168945e+11 -3.197500980028168945e+11
4.012647199999999970e+00 3.956151119161608887e+10 -3.200892034083839111e+11 -3.197559662083839111e+11
4.024880900000000317e+00 4.164112649799847412e+10 -3.201009324020015259e+11 -3.197892954020015259e+11
4.037114599999999776e+00 4.243364010653051758e+10 -3.201175921934694824e+11 -3.198351389934694824e+11
4.049348400000000403e+00 4.074785595813433838e+10 -3.201412422418656616e+11 -3.197823179418656616e+11
4.061581799999999909e+00 3.703204840538653564e+10 -3.201717430946134644e+11 -3.198258703946134644e+11
4.073815599999999648e+00 3.805511922713031006e+10 -3.201919691728696899e+11 -3.198061419728696899e+11
4.086049299999999995e+00 4.077246170989324951e+10 -3.202133356901067505e+11 -3.198339470901067505e+11
4.098283000000000342e+00 3.613847763578283691e+10 -3.202720182642171631e+11 -3.198894657642171631e+11
4.110516699999999801e+00 4.045667838747180176e+10 -3.202909854125281982e+11 -3.199150194125281982e+11
4.122750199999999587e+00 4.075761519022692871e+10 -3.203266658097730713e+11 -3.199699646097730713e+11
4.134983899999999934e+00 4.332489746645654297e+10 -3.203588514335434570e+11 -3.200372351335434570e+11
4.147217699999999674e+00 4.600064502630920410e+10 -3.203833409736907959e+11 -3.199900883736907959e+11
4.159451400000000021e+00 4.459502735040734863e+10 -3.204216412495926514e+11 -3.200472009495926514e+11
4.171685100000000368e+00 4.028816265122332764e+10 -3.204703956487766724e+11 -3.201125829487766724e+11
4.183918799999999827e+00 3.846536873604919434e+10 -3.205148970639508057e+11 -3.201882458639508057e+11
4.196152299999999613e+00 4.114707330784863281e+10 -3.205389024921513672e+11 -3.202175732921513672e+11
4.208385999999999960e+00 3.409622186627624512e+10 -3.206016270337237549e+11 -3.202866755337237549e+11
4.220619799999999699e+00 3.787690051789904785e+10 -3.206309117821009521e+11 -3.203213054821009521e+11
4.232853500000000047e+00 4.002568503932647705e+10 -3.206654432606735229e+11 -3.203004605606735229e+11
4.245087200000000394e+00 4.062850970485406494e+10 -3.207036581951459351e+11 -3.203689568951459351e+11
4.257320700000000180e+00 3.730295900758245850e+10 -3.207547101924175415e+11 -3.203806741924175415e+11
4.269554399999999639e+00 3.948535488565942383e+10 -3.207958415143405762e+11 -3.204406063143405762e+11
4.281788200000000266e+00 4.038216008209295654e+10 -3.208384137179070435e+11 -3.205202560179070435e+11
4.294021899999999725e+00 3.819641701544390869e+10 -3.208878805845560913e+11 -3.205625034845560913e+11
4.306255400000000400e+00 3.647855711329803467e+10 -3.209413677867019653e+11 -3.205782623867019653e+11
4.318489099999999858e+00 3.802526927989312744e+10 -3.209855988201068726e+11 -3.206423270201068726e+11
4.330722800000000206e+00 3.991669377780517578e+10 -3.210334137221948242e+11 -3.207058160221948242e+11
4.342956499999999664e+00 4.174033943213842773e+10 -3.210738973678615723e+11 -3.207876890678615723e+11
4.355190300000000292e+00 3.818256391265454102e+10 -3.211401950873454590e+11 -3.207942729873454590e+11
4.367423999999999751e+00 3.925461532393652344e+10 -3.211903074760634766e+11 -3.208709305760634766e+11
4.379657700000000098e+00 3.619466982187170410e+10 -3.212546184781282959e+11 -3.209066532781282959e+11
4.391891499999999837e+00 3.576825274406866455e+10 -3.213123760559313354e+11 -3.209965635559313354e+11
4.404125200000000184e+00 3.735016995568579102e+10 -3.213634263443142090e+11 -3.210044047443142090e+11
4.416358899999999643e+00 3.742687525459326172e+10 -3.214237811454067383e+11 -3.210893579454067383e+11
4.428592100000000364e+00 3.807295446612579346e+10 -3.214825217338742065e+11 -3.211691673338742065e+11
4.440825900000000104e+00 3.545785507181524658e+10 -3.215538388281847534e+11 -3.212581093281847534e+11
4.453059599999999563e+00 3.570010224147515869e+10 -3.216152671585248413e+11 -3.212723492585248413e+11
4.465293299999999910e+00 3.572275661374310303e+10 -3.216806558862568970e+11 -3.213219509862568970e+11
4.477527000000000257e+00 3.723600853473553467e+10 -3.217446415652644653e+11 -3.214447880652644653e+11
4.489760799999999996e+00 3.618785704575622559e+10 -3.218175025542437744e+11 -3.215048713542437744e+11
4.501994500000000343e+00 3.916471205449066162e+10 -3.218802594455093384e+11 -3.215663155455093384e+11
4.514228199999999802e+00 3.804772112741290283e+10 -3.219556000725870972e+11 -3.216318648725870972e+11
4.526462000000000430e+00 3.396114105109967041e+10 -3.220407031489003296e+11 -3.217053849489003296e+11
4.538695699999999889e+00 3.610659965673419189e+10 -3.221084938432658081e+11 -3.217734597432658081e+11
4.550929400000000236e+00 3.639545236267907715e+10 -3.221857566373209229e+11 -3.218279435373209229e+11
4.563162600000000069e+00 3.552219767548193359e+10 -3.222698813245180664e+11 -3.218860778245180664e+11
4.575396399999999808e+00 3.585785340376171875e+10 -3.223468969962382812e+11 -3.220357729962382812e+11
4.587630100000000155e+00 3.454085805096917725e+10 -3.224360788490308228e+11 -3.221136523490308228e+11
4.599863799999999614e+00 3.850729456876171875e+10 -3.225065738312382812e+11 -3.221992505312382812e+11
4.612097499999999961e+00 3.403846604498309326e+10 -3.226092438550169067e+11 -3.222986834550169067e+11
4.624331299999999700e+00 3.449885440660913086e+10 -3.226963596933908691e+11 -3.223586515933908691e+11
4.636565000000000047e+00 3.802468332863696289e+10 -3.227776392713630371e+11 -3.224752293713630371e+11
4.648798700000000395e+00 3.622384405411834717e+10 -3.228805568458816528e+11 -3.225899939458816528e+11
4.661032399999999853e+00 3.889366828401605225e+10 -3.229620074159839478e+11 -3.226611220159839478e+11
4.673266199999999593e+00 3.538674677336376953e+10 -3.230729923266362305e+11 -3.227395191266362305e+11
4.685499400000000314e+00 3.724292659515277100e+10 -3.231663550048472290e+11 -3.227505467048472290e+11
4.697733099999999773e+00 3.915891052150714111e+10 -3.232642744784928589e+11 -3.228944464784928589e+11
4.709966800000000120e+00 3.434493416593774414e+10 -3.233826421340622559e+11 -3.230522637340622559e+11
4.722200599999999859e+00 3.441519861366027832e+10 -3.234857039863397217e+11 -3.231288152863397217e+11
4.734434300000000206e+00 3.270104794283953857e+10 -3.236018675571604614e+11 -3.232990263571604614e+11
4.746667999999999665e+00 3.470753424435076904e+10 -3.237062748556492310e+11 -3.233784838556492310e+11
4.758901800000000293e+00 3.587171026319012451e+10 -3.238201517368098755e+11 -3.234989294368098755e+11
4.771135499999999752e+00 3.497753241747729492e+10 -3.239367355825227051e+11 -3.236645222825227051e+11
4.783369200000000099e+00 3.383855550154150391e+10 -3.240618476984584961e+11 -3.237755865984584961e+11
4.795602899999999558e+00 3.203975654275286865e+10 -3.241883259572471313e+11 -3.238434527572471313e+11
4.807836700000000185e+00 3.045630311761737061e+10 -3.243165678823826294e+11 -3.240114226823826294e+11
4.820069900000000018e+00 3.341928279152551270e+10 -3.244364914084744873e+11 -3.241499943084744873e+11
4.832303600000000365e+00 3.484824683981127930e+10 -3.245603434601887207e+11 -3.242253616601887207e+11
4.844537299999999824e+00 3.345881518072290039e+10 -3.246982913192770996e+11 -3.243821365192770996e+11
4.856771099999999564e+00 3.257916427103533936e+10 -3.248359389289646606e+11 -3.245586160289646606e+11
4.869004799999999911e+00 3.402045687778625488e+10 -3.249707572222137451e+11 -3.246487203222137451e+11
4.881238500000000258e+00 3.386297591005523682e+10 -3.251131198899447632e+11 -3.247827195899447632e+11
4.893472299999999997e+00 3.561718797117285156e+10 -3.252495957288271484e+11 -3.249960534288271484e+11
4.905706000000000344e+00 3.075366734453729248e+10 -3.254123416554627075e+11 -3.251566960554627075e+11
4.917939699999999803e+00 3.415053949428613281e+10 -3.255490905057138672e+11 -3.252423531057138672e+11
4.930173400000000150e+00 3.245670613584600830e+10 -3.257082228641539917e+11 -3.253634677641539917e+11
4.942407199999999889e+00 3.055632332529528809e+10 -3.258675141747047119e+11 -3.254793488747047119e+11
4.954640399999999723e+00 3.244967340454235840e+10 -3.260194320954576416e+11 -3.256637881954576416e+11
4.966874100000000070e+00 3.241956253439990234e+10 -3.261830081656000977e+11 -3.258516809656000977e+11
4.979107800000000417e+00 3.392546435775616455e+10 -3.263413491422438354e+11 -3.260241679422438354e+11
4.991341600000000156e+00 3.273026271326251221e+10 -3.265088130867374878e+11 -3.262090912867374878e+11
5.003575299999999615e+00 3.426296392644726562e+10 -3.266735215735527344e+11 -3.263370357735527344e+11
5.015808999999999962e+00 3.643773942898284912e+10 -3.268407504710171509e+11 -3.265272808710171509e+11
5.028042799999999701e+00 3.446426033981860352e+10 -3.270181451601813965e+11 -3.266975376601813965e+11
5.040276500000000048e+00 3.464043244445471191e+10 -3.271939081555452881e+11 -3.268578974555452881e+11
5.052510200000000395e+00 3.438249848174639893e+10 -3.273744765182536011e+11 -3.270701694182536011e+11
5.064743899999999854e+00 3.639382443059222412e+10 -3.275486790694077759e+11 -3.272654976694077759e+11
5.076977699999999594e+00 3.269512734001214600e+10 -3.277428324599878540e+11 -3.274799910599878540e+11
5.089210900000000315e+00 3.193929946772399902e+10 -3.279281395322760010e+11 -3.276467771322760010e+11
5.101444599999999774e+00 3.231416015302032471e+10 -3.281153628469796753e+11 -3.278121327469796753e+11
5.113678300000000121e+00 3.295669720600689697e+10 -3.283037665939931030e+11 -3.279976034939931030e+11
5.125912099999999860e+00 3.403437475356774902e+10 -3.284901801464322510e+11 -3.281582456464322510e+11
5.138145800000000207e+00 3.276077744631225586e+10 -3.286819997536877441e+11 -3.283159077536877441e+11
5.150379499999999666e+00 3.173156180884301758e+10 -3.288826960911569824e+11 -3.285584062911569824e+11
5.162613200000000013e+00 3.508191289238372803e+10 -3.290669107076162720e+11 -3.287632922076162720e+11
5.174846999999999753e+00 3.249128161656219482e+10 -3.292646164834378052e+11 -3.289738065834378052e+11
5.187080700000000100e+00 3.077475143303533936e+10 -3.294659940669646606e+11 -3.291666950669646606e+11
5.199314399999999559e+00 3.045217915451971436e+10 -3.296632493454802856e+11 -3.293818472454802856e+11
5.211547600000000280e+00 2.851461929064868164e+10 -3.298600905093513184e+11 -3.295550740093513184e+11
5.223781400000000019e+00 3.255495935817437744e+10 -3.300450147418256226e+11 -3.297710154418256226e+11
5.236015100000000366e+00 3.064461346166271973e+10 -3.302486685383372803e+11 -3.299541775383372803e+11
5.248248799999999825e+00 2.974749097667504883e+10 -3.304418667233249512e+11 -3.301197760233249512e+11
5.260482599999999564e+00 3.132609877972705078e+10 -3.306295908202729492e+11 -3.303242057202729492e+11
5.272716299999999912e+00 2.995398524871978760e+10 -3.308106421512802124e+11 -3.305236406512802124e+11
5.284950000000000259e+00 3.183411013683953857e+10 -3.309372804631604614e+11 -3.306798736631604614e+11
5.297183699999999718e+00 3.239643977156842041e+10 -3.310662745284315796e+11 -3.307747549284315796e+11
5.309417500000000345e+00 2.867192279733111572e+10 -3.312317426026688843e+11 -3.308663200026688843e+11
5.321651199999999804e+00 3.039362458936090088e+10 -3.313753159106390991e+11 -3.310499160106390991e+11
5.333884900000000151e+00 2.872589670871936035e+10 -3.315332800912806396e+11 -3.311928908912806396e+11
5.346118099999999984e+00 3.091145772205627441e+10 -3.316694182779437256e+11 -3.313316936779437256e+11
5.358351899999999723e+00 2.924000080173931885e+10 -3.318100492982606812e+11 -3.314786985982606812e+11
5.370585600000000071e+00 3.109939814899792480e+10 -3.319364630510020752e+11 -3.315867038510020752e+11
5.382819300000000418e+00 3.248724255107745361e+10 -3.320610931489225464e+11 -3.316662232489225464e+11
5.395053100000000157e+00 3.077358585156396484e+10 -3.321888618484360352e+11 -3.317873764484360352e+11
5.407286799999999616e+00 3.054057942263592529e+10 -3.323017648773640747e+11 -3.319623456773640747e+11
5.419520499999999963e+00 3.184463386818640137e+10 -3.324068070318135986e+11 -3.320122088318135986e+11
5.431754200000000310e+00 3.259209070653820801e+10 -3.325133119934617920e+11 -3.321214608934617920e+11
5.443988000000000049e+00 2.902527694702404785e+10 -3.326277068529759521e+11 -3.322130771529759521e+11
5.456221700000000396e+00 2.864827558919036865e+10 -3.327145983108096313e+11 -3.323368350108096313e+11
5.468455399999999855e+00 2.694960652560424805e+10 -3.328026090743957520e+11 -3.324431460743957520e+11
5.480688599999999688e+00 2.864878079946820068e+10 -3.328659569005317993e+11 -3.325603433005317993e+11
5.492922400000000316e+00 2.813216113802014160e+10 -3.329262347619798584e+11 -3.325196823619798584e+11
5.505156099999999775e+00 2.650542416687078857e+10 -3.329753730331292114e+11 -3.325984695331292114e+11
5.517389800000000122e+00 2.694168809910601807e+10 -3.330057417008939819e+11 -3.326101543008939819e+11
5.529623599999999861e+00 3.054720650173852539e+10 -3.330176340982614746e+11 -3.326291464982614746e+11
5.541857300000000208e+00 3.094049692112902832e+10 -3.330296493788709717e+11 -3.326343774788709717e+11
5.554090999999999667e+00 2.845042632168731689e+10 -3.330361552783126831e+11 -3.326717213783126831e+11
5.566324700000000014e+00 2.750936127160119629e+10 -3.330273284283988037e+11 -3.326051997283988037e+11
5.578558499999999754e+00 2.228085619658776855e+10 -3.330251056034122314e+11 -3.326072229034122314e+11
5.590792200000000101e+00 2.763173278697509766e+10 -3.329654819130249023e+11 -3.325388924130249023e+11
5.603025899999999559e+00 3.108538910175524902e+10 -3.329074231982447510e+11 -3.324790741982447510e+11
5.615259100000000281e+00 3.059283886039031982e+10 -3.328451317396096802e+11 -3.323971032396096802e+11
5.627492900000000020e+00 2.888082623180371094e+10 -3.327726770681962891e+11 -3.323126398681962891e+11
5.639726600000000367e+00 3.017785997052832031e+10 -3.326718810294716797e+11 -3.322419332294716797e+11
5.651960299999999826e+00 2.608695959602087402e+10 -3.325968685039791260e+11 -3.321889283039791260e+11
5.664194000000000173e+00 2.108439534405700684e+10 -3.324976161559429932e+11 -3.319944496559429932e+11
5.676427799999999912e+00 2.522261105908947754e+10 -3.323528955409105225e+11 -3.318785532409105225e+11
5.688661500000000260e+00 2.952995399980944824e+10 -3.322071286001905518e+11 -3.317066577001905518e+11
5.700895199999999718e+00 3.127237111093444824e+10 -3.320455011890655518e+11 -3.314229519890655518e+11
5.713129000000000346e+00 2.846688037588055420e+10 -3.318841108241194458e+11 -3.312489384241194458e+11
5.725362699999999805e+00 3.059344097500299072e+10 -3.316663648249970093e+11 -3.310469890249970093e+11
5.737596400000000152e+00 3.195768149732580566e+10 -3.314313584026741943e+11 -3.309661796026741943e+11
5.749829599999999985e+00 3.149610453070300293e+10 -3.311905589692969971e+11 -3.306093093692969971e+11
5.762063399999999724e+00 2.639479309774658203e+10 -3.309432349022534180e+11 -3.302516475022534180e+11
5.774297100000000071e+00 2.907630813902703857e+10 -3.305814509609729614e+11 -3.299057820609729614e+11
5.786530800000000418e+00 3.262255897358233643e+10 -3.301894519264176636e+11 -3.294164015264176636e+11
5.798764499999999877e+00 2.785508705251043701e+10 -3.297729495474895630e+11 -3.291344879474895630e+11
5.810998299999999617e+00 2.227474142606488037e+10 -3.291180977739351196e+11 -3.283508089739351196e+11
