7.340207999999999455e-02 -8.394713055147083740e+11 -9.442203335147083740e+11 -6.894149955147083740e+11
8.563576000000000521e-02 1.366776264455822754e+10 -9.325500793554417725e+11 -7.864618173554417725e+11
9.786944799999999778e-02 9.838069907936677246e+11 -9.304495662063322754e+11 -8.664478092063322754e+11
1.101031299999999935e-01 1.319551585431003418e+12 -9.362802975689967041e+11 -9.112384555689967041e+11
1.223368100000000042e-01 1.518082821368150391e+12 -9.383197586318497314e+11 -9.282256216318497314e+11
1.345704799999999923e-01 1.417520381541963867e+12 -9.413014134580362549e+11 -9.353231154580362549e+11
1.468041599999999891e-01 1.311576647354900391e+12 -9.435456396450997314e+11 -9.371802466450997314e+11
1.590378400000000136e-01 1.268493998191235596e+12 -9.447577948087644043e+11 -9.362347028087644043e+11
1.712715200000000104e-01 1.198841211750760742e+12 -9.465246862492392578e+11 -9.364966402492392578e+11
1.835052000000000072e-01 1.199868463975923340e+12 -9.474432620240765381e+11 -9.404335050240765381e+11
1.957388999999999935e-01 1.174971129311895996e+12 -9.481640366881041260e+11 -9.421795586881041260e+11
2.079725799999999902e-01 1.132064979719903809e+12 -9.485529162800963135e+11 -9.399217792800963135e+11
2.202062599999999870e-01 1.187404186154966797e+12 -9.475776918450332031e+11 -9.407765538450332031e+11
2.324399400000000115e-01 1.148764617611036865e+12 -9.478808383889631348e+11 -9.423726613889631348e+11
2.446736200000000083e-01 1.154333041367844727e+12 -9.478528056321552734e+11 -9.424565836321552734e+11
2.569073000000000051e-01 1.138132023001120605e+12 -9.479295059988795166e+11 -9.427409659988795166e+11
2.691409599999999847e-01 1.113060826049690918e+12 -9.482439119503089600e+11 -9.414980119503089600e+11
2.813746599999999987e-01 1.111011713744961426e+12 -9.482149902550384521e+11 -9.449900562550384521e+11
2.936083199999999782e-01 1.088808445212699341e+12 -9.489814777873006592e+11 -9.446961197873006592e+11
3.058420199999999922e-01 1.092907080789473999e+12 -9.498763312105260010e+11 -9.445725192105260010e+11
3.180756800000000273e-01 1.106207376178614990e+12 -9.502432028213850098e+11 -9.456958618213850098e+11
3.303093799999999858e-01 1.108587088558406250e+12 -9.505247654415938721e+11 -9.452959964415938721e+11
3.425430400000000208e-01 1.085705170263960938e+12 -9.507478417360390625e+11 -9.454475117360390625e+11
3.547767399999999793e-01 1.090574175369182983e+12 -9.508885486308170166e+11 -9.464892516308170166e+11
3.670104000000000144e-01 1.110386452899179199e+12 -9.509332401008206787e+11 -9.469788341008206787e+11
3.792440999999999729e-01 1.111589553881146729e+12 -9.509582301188532715e+11 -9.460754751188532715e+11
3.914777899999999922e-01 1.088038724827557129e+12 -9.511782081724428711e+11 -9.466723261724428711e+11
4.037114600000000220e-01 1.107152711574413818e+12 -9.510041644255861816e+11 -9.470441314255861816e+11
4.159451499999999857e-01 1.098724459700458862e+12 -9.510063462995411377e+11 -9.469918062995411377e+11
4.281788200000000155e-01 1.088094811258530396e+12 -9.509809357414696045e+11 -9.460922767414696045e+11
4.404125099999999793e-01 1.089578108884218262e+12 -9.509480141157817383e+11 -9.463178541157817383e+11
4.526461800000000091e-01 1.085554291610047852e+12 -9.508331553899521484e+11 -9.457426413899521484e+11
4.648798699999999728e-01 1.045354999199257202e+12 -9.507994778007427979e+11 -9.462547318007427979e+11
4.771135400000000026e-01 1.005338067738096558e+12 -9.508030632619034424e+11 -9.462599312619034424e+11
4.893472300000000219e-01 9.817168341915635986e+11 -9.506695558084364014e+11 -9.472699818084364014e+11
5.015808999999999962e-01 9.689229317769940186e+11 -9.505599722230059814e+11 -9.469830962230059814e+11
5.138145899999999600e-01 9.778300947384396973e+11 -9.503092072615603027e+11 -9.472851402615603027e+11
5.260482600000000453e-01 9.848896535048747559e+11 -9.500598444951252441e+11 -9.478662244951252441e+11
5.382819199999999693e-01 9.595111386986677246e+11 -9.499252863013322754e+11 -9.465937203013322754e+11
5.505156500000000230e-01 9.564605819877979736e+11 -9.496504640122020264e+11 -9.470734090122020264e+11
5.627493099999999471e-01 9.232470064736120605e+11 -9.495506215263879395e+11 -9.472309255263879395e+11
5.749829800000000324e-01 9.079620412447036133e+11 -9.492402117552963867e+11 -9.459511307552963867e+11
5.872166399999999564e-01 8.751476108176993408e+11 -9.490713501823006592e+11 -9.465607951823006592e+11
5.994503700000000102e-01 8.759859420190848389e+11 -9.487981029809151611e+11 -9.468749969809151611e+11
6.116840300000000452e-01 8.471622526388729248e+11 -9.485597373611270752e+11 -9.470637403611270752e+11
6.239177000000000195e-01 8.011491671039067383e+11 -9.483764548960932617e+11 -9.463852128960932617e+11
6.361513600000000546e-01 7.847097051072376709e+11 -9.480292748927623291e+11 -9.454738078927623291e+11
6.483850899999999973e-01 7.615194889892994385e+11 -9.477756220107005615e+11 -9.458794870107005615e+11
6.606187500000000323e-01 7.271743316113907471e+11 -9.475584149886092529e+11 -9.453645813886092529e+11
6.728524200000000066e-01 7.190415531038229980e+11 -9.471490873961770020e+11 -9.447532058961770020e+11
6.850860800000000417e-01 6.754530687160740967e+11 -9.469527330839259033e+11 -9.442313632839259033e+11
6.973198099999999844e-01 6.636029966763603516e+11 -9.465324519236396484e+11 -9.440544283236396484e+11
7.095534700000000194e-01 6.345820453189779053e+11 -9.462337767810220947e+11 -9.442176246810220947e+11
7.217871399999999937e-01 6.089869308600656738e+11 -9.458745528399343262e+11 -9.438251431399343262e+11
7.340208000000000288e-01 5.658345645026323242e+11 -9.455549997973676758e+11 -9.433954744973676758e+11
7.462545299999999715e-01 5.497663607524243164e+11 -9.452078326475756836e+11 -9.433285712475756836e+11
7.584881900000000066e-01 5.470075238349187012e+11 -9.447223975650812988e+11 -9.424794631650812988e+11
7.707218599999999809e-01 5.050797664490571289e+11 -9.444346878509428711e+11 -9.424787065509428711e+11
7.829555799999999843e-01 4.803957988275718994e+11 -9.440376315724281006e+11 -9.421020931724281006e+11
7.951892499999999586e-01 4.602131241630947266e+11 -9.435859506369052734e+11 -9.416416498369052734e+11
8.074229099999999937e-01 4.243007509979880371e+11 -9.432254132020119629e+11 -9.413686249020119629e+11
8.196565799999999680e-01 4.171638862584128418e+11 -9.427505942415871582e+11 -9.408692008415871582e+11
8.318902999999999714e-01 3.984995370855224609e+11 -9.423248471144775391e+11 -9.401853939144775391e+11
8.441239699999999457e-01 3.633229034069481201e+11 -9.419030602930518799e+11 -9.401415010930518799e+11
8.563576299999999808e-01 3.345135908906453857e+11 -9.414899162093546143e+11 -9.402054617093546143e+11
8.685912999999999551e-01 3.207136036531369629e+11 -9.410133061468630371e+11 -9.395843599468630371e+11
8.808250199999999586e-01 2.994123461690850830e+11 -9.405365905309149170e+11 -9.391482620309149170e+11
8.930586900000000439e-01 2.882570155455731201e+11 -9.400256919544268799e+11 -9.384263962544268799e+11
9.052923499999999679e-01 2.513514150048469238e+11 -9.395953669951530762e+11 -9.376662428951530762e+11
9.175260200000000532e-01 2.457658462864044189e+11 -9.390510637135955811e+11 -9.374234171135955811e+11
9.297597399999999457e-01 2.353203116297275391e+11 -9.385352778702724609e+11 -9.370131436702724609e+11
9.419934100000000310e-01 2.157427057718206787e+11 -9.380182654281793213e+11 -9.363448779281793213e+11
9.542270699999999550e-01 2.077061299227681885e+11 -9.374777705772318115e+11 -9.359927844772318115e+11
9.664607400000000403e-01 1.972614838819130859e+11 -9.369289648180869141e+11 -9.354593687180869141e+11
9.786944600000000438e-01 1.702714680884020996e+11 -9.364334770115979004e+11 -9.352221094115979004e+11
9.909281300000000181e-01 1.416630753628864746e+11 -9.359283858371135254e+11 -9.344081567371135254e+11
1.003161799999999992e+00 1.406474058628990479e+11 -9.353283863371009521e+11 -9.336977370371009521e+11
1.015395499999999895e+00 1.330531584245738525e+11 -9.347520379754261475e+11 -9.333203018754261475e+11
1.027629200000000020e+00 1.221365284258287354e+11 -9.341593995741712646e+11 -9.330875635741712646e+11
1.039862800000000087e+00 1.148464071721867676e+11 -9.335921699278132324e+11 -9.325206738278132324e+11
1.052096499999999990e+00 1.078379017135235596e+11 -9.329947384864764404e+11 -9.316292154864764404e+11
1.064330199999999893e+00 8.830210289860095215e+10 -9.324352133013990479e+11 -9.311617335013990479e+11
1.076563799999999960e+00 8.017780123708190918e+10 -9.318264383629180908e+11 -9.307296712629180908e+11
1.088797599999999921e+00 7.603860884249084473e+10 -9.312047910575091553e+11 -9.299472700575091553e+11
1.101031300000000046e+00 7.197710500562280273e+10 -9.305537211943771973e+11 -9.292466028943771973e+11
1.113264899999999891e+00 6.779348513814147949e+10 -9.298558799618585205e+11 -9.285017467618585205e+11
1.125498600000000016e+00 6.561465569226550293e+10 -9.292037560077344971e+11 -9.280412320077344971e+11
1.137732399999999977e+00 7.065561209166809082e+10 -9.284972019083319092e+11 -9.274208263083319092e+11
1.149966000000000044e+00 5.966581284818786621e+10 -9.278407771518121338e+11 -9.268777173518121338e+11
1.162199699999999947e+00 5.054710002118591309e+10 -9.271808303788140869e+11 -9.259892689788140869e+11
1.174433300000000013e+00 4.602753763073522949e+10 -9.265108797692647705e+11 -9.254594157692647705e+11
1.186666999999999916e+00 6.253496232114721680e+10 -9.257665133788527832e+11 -9.247770853788527832e+11
1.198900700000000041e+00 5.525604382995605469e+10 -9.250976326700439453e+11 -9.236686837700439453e+11
1.211134300000000108e+00 5.263984188590905762e+10 -9.244073679140909424e+11 -9.232120700140909424e+11
1.223368100000000069e+00 4.631405930803894043e+10 -9.237472092919610596e+11 -9.226262838919610596e+11
1.235601799999999972e+00 4.605101458941516113e+10 -9.230408863105848389e+11 -9.221474139105848389e+11
1.247835400000000039e+00 4.231207355646801758e+10 -9.223725008435319824e+11 -9.211669365435319824e+11
1.260069099999999942e+00 4.554397388462951660e+10 -9.216368694153704834e+11 -9.204203519153704834e+11
1.272302700000000009e+00 4.249549023447900391e+10 -9.209449945655209961e+11 -9.199673207655209961e+11
1.284536399999999912e+00 4.605809081275451660e+10 -9.202449230872454834e+11 -9.192042318872454834e+11
1.296770200000000095e+00 4.766117246910424805e+10 -9.194739282308957520e+11 -9.184431934308957520e+11
1.309003799999999940e+00 5.384595464563476562e+10 -9.186835279543652344e+11 -9.174989027543652344e+11
1.321237500000000065e+00 4.127224237956176758e+10 -9.180352061204382324e+11 -9.168531524204382324e+11
1.333471199999999968e+00 4.969576752096655273e+10 -9.172833269790334473e+11 -9.160557800790334473e+11
1.345704800000000034e+00 4.482450221915673828e+10 -9.165957692808432617e+11 -9.155434285808432617e+11
1.357938599999999996e+00 4.835476276533911133e+10 -9.158584224346608887e+11 -9.146735339346608887e+11
1.370172200000000062e+00 4.844662425051745605e+10 -9.151570461494825439e+11 -9.141415355494825439e+11
1.382405899999999965e+00 5.378636383620031738e+10 -9.144267195637996826e+11 -9.133235401637996826e+11
1.394639600000000090e+00 5.820645532228173828e+10 -9.137000653777182617e+11 -9.123199122777182617e+11
1.406873199999999935e+00 5.914886293735461426e+10 -9.129633925626453857e+11 -9.116472444626453857e+11
1.419106900000000060e+00 6.439655938175012207e+10 -9.122470580182498779e+11 -9.110812014182498779e+11
1.431340700000000021e+00 6.779207591387915039e+10 -9.115200364861208496e+11 -9.103342851861208496e+11
1.443574300000000088e+00 6.037046626503503418e+10 -9.108133219349649658e+11 -9.096308678349649658e+11
1.455807999999999991e+00 5.249821079680419922e+10 -9.101282020031958008e+11 -9.088208891031958008e+11
1.468041600000000058e+00 4.168819036752026367e+10 -9.094272737324797363e+11 -9.083316158324797363e+11
1.480275299999999961e+00 4.633502053373010254e+10 -9.086938524662698975e+11 -9.073976219662698975e+11
1.492509099999999922e+00 5.734000542546667480e+10 -9.079217642745333252e+11 -9.066145257745333252e+11
1.504742699999999989e+00 5.269648167561645508e+10 -9.072811326243835449e+11 -9.059953698243835449e+11
1.516976399999999892e+00 5.370720281139550781e+10 -9.066537499886044922e+11 -9.056357786886044922e+11
1.529210100000000017e+00 4.891794887507946777e+10 -9.059770655249205322e+11 -9.048965276249205322e+11
1.541443700000000083e+00 5.467445059360131836e+10 -9.052857875063986816e+11 -9.041100072063986816e+11
1.553677399999999986e+00 5.723708754798913574e+10 -9.045788801520108643e+11 -9.035461354520108643e+11
1.565911199999999948e+00 5.172103795247363281e+10 -9.038986980475263672e+11 -9.027660136475263672e+11
1.578144800000000014e+00 5.010045262482421875e+10 -9.032154595751757812e+11 -9.023564773751757812e+11
1.590378499999999917e+00 5.403114942927197266e+10 -9.025021550707280273e+11 -9.015452197707280273e+11
1.602612099999999984e+00 5.955804677921813965e+10 -9.017908611207818604e+11 -9.005309391207818604e+11
1.614845800000000109e+00 7.016806805728723145e+10 -9.010411369427127686e+11 -8.999625683427127686e+11
1.627079600000000070e+00 5.704076536128039551e+10 -9.003794864387196045e+11 -8.996309753387196045e+11
1.639313199999999915e+00 5.096510352716784668e+10 -8.996870427728321533e+11 -8.986937651728321533e+11
1.651546900000000040e+00 5.265727443143432617e+10 -8.989842404685656738e+11 -8.978744037685656738e+11
1.663780599999999943e+00 5.064242667470068359e+10 -8.982865788252993164e+11 -8.974116449252993164e+11
1.676014200000000010e+00 6.205288975258752441e+10 -8.975353146474124756e+11 -8.966287214474124756e+11
1.688247899999999913e+00 5.384883208015783691e+10 -8.968655377198421631e+11 -8.959883979198421631e+11
1.700481499999999979e+00 4.811520893623107910e+10 -8.961595265637689209e+11 -8.951549643637689209e+11
1.712715299999999941e+00 5.100075649828222656e+10 -8.954599407017177734e+11 -8.945224914017177734e+11
1.724949000000000066e+00 5.886093591116589355e+10 -8.947403770888341064e+11 -8.936110223888341064e+11
1.737182599999999910e+00 5.537823726385510254e+10 -8.940387586361448975e+11 -8.930955385361448975e+11
1.749416300000000035e+00 4.803554350270251465e+10 -8.933485023972974854e+11 -8.924200396972974854e+11
1.761649999999999938e+00 4.215238062190319824e+10 -8.926671362780968018e+11 -8.918179161780968018e+11
1.773883600000000005e+00 4.765441563218151855e+10 -8.919413987678184814e+11 -8.911366313678184814e+11
1.786117399999999966e+00 4.995730024038171387e+10 -8.912248896596182861e+11 -8.903397931596182861e+11
1.798351000000000033e+00 4.396396567207934570e+10 -8.905623647279206543e+11 -8.897137615279206543e+11
1.810584699999999936e+00 4.552605558975598145e+10 -8.898538150102440186e+11 -8.889813186102440186e+11
1.822818400000000061e+00 3.367003100502331543e+10 -8.891852816949766846e+11 -8.881523988949766846e+11
1.835051999999999905e+00 3.471512400803137207e+10 -8.884897695919686279e+11 -8.874882399919686279e+11
1.847285800000000089e+00 3.339567115043469238e+10 -8.878014328495653076e+11 -8.867823755495653076e+11
1.859519499999999992e+00 2.833937487401452637e+10 -8.871125716259854736e+11 -8.862231912259854736e+11
1.871753100000000059e+00 3.156706628972204590e+10 -8.864061084102779541e+11 -8.854807064102779541e+11
1.883986799999999961e+00 3.225271914747741699e+10 -8.857120072525225830e+11 -8.848379428525225830e+11
1.896220500000000087e+00 3.122542079734411621e+10 -8.850386368026558838e+11 -8.842977469026558838e+11
1.908454099999999931e+00 3.397182972807836914e+10 -8.843438129719216309e+11 -8.835386868719216309e+11
1.920687899999999892e+00 2.443584851958911133e+10 -8.836906374804108887e+11 -8.829411592804108887e+11
1.932921499999999959e+00 3.027268058992810059e+10 -8.829880469100718994e+11 -8.822225743100718994e+11
1.945155200000000084e+00 2.532862062659753418e+10 -8.823197855734024658e+11 -8.816250593734024658e+11
1.957388899999999987e+00 2.499163146686962891e+10 -8.816460061331303711e+11 -8.807688467331303711e+11
1.969622500000000054e+00 3.353001712505212402e+10 -8.809486815749478760e+11 -8.800393506749478760e+11
1.981856300000000015e+00 3.230007532920593262e+10 -8.802801915707940674e+11 -8.794819423707940674e+11
1.994089999999999918e+00 1.881343099023217773e+10 -8.796529749097678223e+11 -8.788111645097678223e+11
2.006323599999999985e+00 2.619868715333789062e+10 -8.789588405466621094e+11 -8.782158739466621094e+11
2.018557299999999888e+00 2.880127910550476074e+10 -8.782969579944952393e+11 -8.775043696944952393e+11
2.030790899999999954e+00 3.307838089965319824e+10 -8.776147762003468018e+11 -8.768299798003468018e+11
2.043024599999999857e+00 2.839995996053161621e+10 -8.769682966394683838e+11 -8.762792669394683838e+11
2.055258400000000041e+00 2.502532365434594727e+10 -8.763230042456540527e+11 -8.756178633456540527e+11
2.067492000000000107e+00 1.937089406197314453e+10 -8.756831742380268555e+11 -8.748889279380268555e+11
2.079725700000000010e+00 1.916245734042431641e+10 -8.750402168595756836e+11 -8.742878338595756836e+11
2.091959399999999913e+00 2.842093879978295898e+10 -8.743548026002170410e+11 -8.735137931002170410e+11
2.104192999999999980e+00 1.694524497499108887e+10 -8.737523395250089111e+11 -8.727303074250089111e+11
2.116426800000000163e+00 2.515491508889685059e+10 -8.730791555111031494e+11 -8.722041654111031494e+11
2.128660399999999786e+00 2.406779180410388184e+10 -8.724473538958961182e+11 -8.714256028958961182e+11
2.140894100000000133e+00 2.102589651190771484e+10 -8.718177674880922852e+11 -8.709406280880922852e+11
2.153127700000000200e+00 1.826414498415539551e+10 -8.711936893158446045e+11 -8.704265956158446045e+11
2.165361400000000103e+00 1.751656535769738770e+10 -8.705685821423026123e+11 -8.697214926423026123e+11
2.177595100000000006e+00 2.205649098414282227e+10 -8.699253939158571777e+11 -8.690493659158571777e+11
2.189828900000000189e+00 2.642705684430493164e+10 -8.692945102556950684e+11 -8.684616181556950684e+11
2.202062600000000092e+00 2.221232340924401855e+10 -8.686812256907559814e+11 -8.679889695907559814e+11
2.214296099999999878e+00 1.689138763660754395e+10 -8.680809699633924561e+11 -8.673467302633924561e+11
2.226529799999999781e+00 2.168873327650366211e+10 -8.674581197234963379e+11 -8.667408590234963379e+11
2.238763500000000128e+00 2.348628422193664551e+10 -8.668464086780633545e+11 -8.659787177780633545e+11
2.250997200000000031e+00 2.577945581301770020e+10 -8.662341839869822998e+11 -8.654829813869822998e+11
2.263231000000000215e+00 2.065238951483166504e+10 -8.656416402851683350e+11 -8.647713283851683350e+11
2.275464700000000118e+00 2.448387279274719238e+10 -8.650327242072528076e+11 -8.639979273072528076e+11
2.287698199999999904e+00 2.336968941192968750e+10 -8.644336356880703125e+11 -8.635145350880703125e+11
2.299931899999999807e+00 2.206359900577307129e+10 -8.638413279942269287e+11 -8.630890580942269287e+11
2.312165600000000154e+00 2.356799240068701172e+10 -8.632616978993129883e+11 -8.624975076993129883e+11
2.324399399999999893e+00 2.048027635595385742e+10 -8.626865576440461426e+11 -8.619696532440461426e+11
2.336633099999999796e+00 1.989345407015515137e+10 -8.621034989298448486e+11 -8.614374412298448486e+11
2.348866600000000027e+00 1.896319486938256836e+10 -8.615192026306174316e+11 -8.607788309306174316e+11
2.361100299999999930e+00 2.412462313642224121e+10 -8.609424890635777588e+11 -8.601353553635777588e+11
2.373333999999999833e+00 2.914082535614025879e+10 -8.603646892438597412e+11 -8.594472724438597412e+11
2.385567700000000180e+00 1.783747873808239746e+10 -8.598239315619176025e+11 -8.589541144619176025e+11
2.397801499999999919e+00 1.734067621258508301e+10 -8.592670211874149170e+11 -8.585026959874149170e+11
2.410034899999999869e+00 1.786591376016394043e+10 -8.587082390398360596e+11 -8.580190609398360596e+11
2.422268700000000052e+00 2.314911897970520020e+10 -8.581360333202947998e+11 -8.574815859202947998e+11
2.434502399999999955e+00 1.788902994019567871e+10 -8.575988613598043213e+11 -8.568577599598043213e+11
2.446736099999999858e+00 1.920459365035693359e+10 -8.570496224496430664e+11 -8.562847734496430664e+11
2.458969900000000042e+00 1.711229799585424805e+10 -8.565207476041457520e+11 -8.557451469041457520e+11
2.471203599999999945e+00 1.787103829858398438e+10 -8.559721764014160156e+11 -8.552010703014160156e+11
2.483437100000000175e+00 2.204824558498217773e+10 -8.554306901150178223e+11 -8.546579359150178223e+11
2.495670800000000078e+00 1.846604405200097656e+10 -8.549065689479990234e+11 -8.541179960479990234e+11
2.507904499999999981e+00 2.299344207700866699e+10 -8.543685218229913330e+11 -8.536150924229913330e+11
2.520138199999999884e+00 1.842540795985815430e+10 -8.538642544401418457e+11 -8.532592327401418457e+11
2.532372000000000067e+00 1.836735526829711914e+10 -8.533395312317028809e+11 -8.526883120317028809e+11
2.544605400000000017e+00 1.521293273693481445e+10 -8.528417335630651855e+11 -8.520346192630651855e+11
2.556839200000000201e+00 1.501599584926000977e+10 -8.523288117507399902e+11 -8.515774466507399902e+11
2.569072900000000104e+00 2.701144524699389648e+10 -8.517903167530061035e+11 -8.511927843530061035e+11
2.581306600000000007e+00 2.244564820985217285e+10 -8.513004165901478271e+11 -8.506639463901478271e+11
2.593540400000000190e+00 1.953700279387561035e+10 -8.508124608061243896e+11 -8.501176930061243896e+11
2.605773800000000140e+00 2.248441319838110352e+10 -8.503174293016188965e+11 -8.495796453016188965e+11
2.618007599999999879e+00 1.628656810517736816e+10 -8.498328493948226318e+11 -8.490594703948226318e+11
2.630241299999999782e+00 1.552827352425390625e+10 -8.493504306757460938e+11 -8.485959292757460938e+11
2.642475000000000129e+00 1.441186102999829102e+10 -8.488715507700017090e+11 -8.481325306700017090e+11
2.654708700000000032e+00 1.652810895577832031e+10 -8.483870234442216797e+11 -8.477012210442216797e+11
2.666942500000000216e+00 1.390733041959533691e+10 -8.479246780804046631e+11 -8.471760769804046631e+11
2.679175900000000166e+00 5.662795856639892578e+09 -8.474746291433601074e+11 -8.468320789433601074e+11
2.691409699999999905e+00 1.133588744640588379e+10 -8.469941239535941162e+11 -8.463300645535941162e+11
2.703643399999999808e+00 1.185588731032958984e+10 -8.465353885896704102e+11 -8.459373013896704102e+11
2.715877100000000155e+00 1.792615183572619629e+10 -8.460632164642738037e+11 -8.454227739642738037e+11
2.728110800000000058e+00 2.038299431095812988e+10 -8.455978164890418701e+11 -8.449758466890418701e+11
2.740344299999999844e+00 9.252391359323730469e+09 -8.451823470406762695e+11 -8.444153863406762695e+11
2.752578000000000191e+00 1.230661280858093262e+10 -8.447295979914190674e+11 -8.440801102914190674e+11
2.764811799999999931e+00 9.826370414629516602e+09 -8.442933842853704834e+11 -8.437417618853704834e+11
2.777045499999999834e+00 9.699533200771484375e+09 -8.438672995992285156e+11 -8.432968034992285156e+11
2.789279200000000181e+00 1.789488197666528320e+10 -8.434077733233347168e+11 -8.428667130233347168e+11
2.801512999999999920e+00 1.804629814801477051e+10 -8.429797531519852295e+11 -8.423367719519852295e+11
2.813746399999999870e+00 1.152820257178906250e+10 -8.425727009282109375e+11 -8.419052466282109375e+11
2.825980200000000053e+00 1.142906284203417969e+10 -8.421531542579658203e+11 -8.414525587579658203e+11
2.838213899999999956e+00 1.480868125714416504e+10 -8.417262931428558350e+11 -8.411121820428558350e+11
2.850447599999999859e+00 1.261187200401391602e+10 -8.413173986959860840e+11 -8.405740421959860840e+11
2.862681300000000206e+00 1.401939642236193848e+10 -8.409110318776380615e+11 -8.401446554776380615e+11
2.874914799999999993e+00 1.440601980696374512e+10 -8.405070967930362549e+11 -8.398749590930362549e+11
2.887148499999999895e+00 1.453186829731140137e+10 -8.401064994026885986e+11 -8.395056227026885986e+11
2.899382300000000079e+00 7.775221702014282227e+09 -8.397269396979857178e+11 -8.391512070979857178e+11
2.911615999999999982e+00 1.149461733780444336e+10 -8.393241753621955566e+11 -8.386515964621955566e+11
2.923849699999999885e+00 1.418865306876684570e+10 -8.389309310312331543e+11 -8.381610945312331543e+11
2.936083200000000115e+00 1.462661766625183105e+10 -8.385469491337481689e+11 -8.378191364337481689e+11
2.948316900000000018e+00 1.216138969520556641e+10 -8.381743757047944336e+11 -8.375431961047944336e+11
2.960550700000000202e+00 1.270945216270654297e+10 -8.378000578372934570e+11 -8.371687986372934570e+11
2.972784400000000105e+00 1.872304568762475586e+10 -8.374087041123752441e+11 -8.368108162123752441e+11
2.985018100000000008e+00 1.421233088500512695e+10 -8.370547829149948730e+11 -8.365285520149948730e+11
2.997251799999999911e+00 1.303181576245812988e+10 -8.366910491375418701e+11 -8.359700922375418701e+11
3.009485300000000141e+00 1.761623287533422852e+10 -8.363176930246657715e+11 -8.355369066246657715e+11
3.021719000000000044e+00 1.513369333765942383e+10 -8.359722901623405762e+11 -8.351879338623405762e+11
3.033952799999999783e+00 1.375268361295629883e+10 -8.356253393870437012e+11 -8.348400531870437012e+11
3.046186500000000130e+00 7.662847896306518555e+09 -8.352897869036934814e+11 -8.346077127036934814e+11
3.058420200000000033e+00 1.582020973226342773e+10 -8.349172264677365723e+11 -8.342166843677365723e+11
3.070653699999999819e+00 8.829464508715942383e+09 -8.346000806912840576e+11 -8.339439414912840576e+11
3.082887400000000167e+00 1.180070516980688477e+10 -8.342521031301931152e+11 -8.335855764301931152e+11
3.095121199999999906e+00 1.430216074573388672e+10 -8.339177474542661133e+11 -8.332738363542661133e+11
3.107354899999999809e+00 1.141775809430102539e+10 -8.335897799056989746e+11 -8.330042348056989746e+11
3.119588600000000156e+00 9.164062898694458008e+09 -8.332677514013055420e+11 -8.326529723013055420e+11
3.131822300000000059e+00 8.558248461986816406e+09 -8.329507378380131836e+11 -8.322177521380131836e+11
3.144055799999999845e+00 1.187688319410839844e+10 -8.326200526058916016e+11 -8.319502369058916016e+11
3.156289500000000192e+00 1.195654189565502930e+10 -8.323092306043449707e+11 -8.316952778043449707e+11
3.168523299999999931e+00 9.776926310625366211e+09 -8.319967499893746338e+11 -8.313182483893746338e+11
3.180756999999999834e+00 7.754386121524536133e+09 -8.316959395784754639e+11 -8.310242480784754639e+11
3.192990700000000182e+00 1.662542922806640625e+10 -8.313731546719335938e+11 -8.307286845719335938e+11
3.205224199999999968e+00 1.980609625411694336e+10 -8.310579397458830566e+11 -8.303962417458830566e+11
3.217457899999999871e+00 1.284531327765893555e+10 -8.307771359223410645e+11 -8.301368463223410645e+11
3.229691600000000218e+00 1.303701156047473145e+10 -8.304828458395252686e+11 -8.298517175395252686e+11
3.241925399999999957e+00 6.841600191361328125e+09 -8.302082816086386719e+11 -8.295338966086386719e+11
3.254159099999999860e+00 8.136611289457275391e+09 -8.299133912105427246e+11 -8.292295007105427246e+11
3.266392600000000090e+00 9.132619877361450195e+09 -8.296280752226385498e+11 -8.290530919226385498e+11
3.278626299999999993e+00 9.147823079892089844e+09 -8.293465553201079102e+11 -8.288519714201079102e+11
3.290859999999999896e+00 1.194909401189819336e+10 -8.290640315881018066e+11 -8.285514056881018066e+11
3.303093800000000080e+00 1.228589314305834961e+10 -8.287906516569416504e+11 -8.282364268569416504e+11
3.315327499999999983e+00 8.741174342209228516e+09 -8.285249056577907715e+11 -8.279122933577907715e+11
3.327561199999999886e+00 1.084896864834606934e+10 -8.282567247516539307e+11 -8.277038361516539307e+11
3.339794700000000116e+00 8.868550641779785156e+09 -8.279883104582202148e+11 -8.272945956582202148e+11
3.352028400000000019e+00 1.182186842147460938e+10 -8.277254266785253906e+11 -8.270386313785253906e+11
3.364262099999999922e+00 1.308266700332836914e+10 -8.274699143966716309e+11 -8.268199291966716309e+11
3.376495900000000105e+00 9.213918218291870117e+09 -8.272167300817081299e+11 -8.265545974817081299e+11
3.388729600000000008e+00 1.229690772028430176e+10 -8.269579171797156982e+11 -8.263202301797156982e+11
3.400963099999999795e+00 1.031193365574475098e+10 -8.267064937442552490e+11 -8.260963934442552490e+11
3.413196800000000142e+00 9.618424721109619141e+09 -8.264674546788903809e+11 -8.257988315788903809e+11
3.425430500000000045e+00 1.617844726682983398e+10 -8.262084375331701660e+11 -8.255561561331701660e+11
3.437664299999999784e+00 1.184220403234252930e+10 -8.259775254676574707e+11 -8.254546543676574707e+11
3.449898000000000131e+00 9.383541917135131836e+09 -8.257481063828648682e+11 -8.251155717828648682e+11
3.462131700000000034e+00 9.906704044031616211e+09 -8.255105157559683838e+11 -8.248524283559683838e+11
3.474365199999999820e+00 1.240882782503869629e+10 -8.252751214749613037e+11 -8.246945928749613037e+11
3.486598900000000167e+00 1.190651244546484375e+10 -8.250463953545351562e+11 -8.244494037545351562e+11
3.498832600000000070e+00 1.145978558517065430e+10 -8.248252453148293457e+11 -8.242312936148293457e+11
3.511066399999999810e+00 5.345950831717163086e+09 -8.246132794682828369e+11 -8.241746992682828369e+11
3.523300100000000157e+00 8.782566317489746094e+09 -8.243858031825102539e+11 -8.238576187825102539e+11
3.535533599999999943e+00 1.505443230306787109e+10 -8.241590562969321289e+11 -8.235779082969321289e+11
3.547767299999999846e+00 1.435464821580871582e+10 -8.239422457841912842e+11 -8.233760518841912842e+11
3.560001000000000193e+00 1.654401264050341797e+10 -8.237277153594965820e+11 -8.230906963594965820e+11
3.572234799999999932e+00 1.147851969456237793e+10 -8.235292335054376221e+11 -8.229073755054376221e+11
3.584468499999999835e+00 1.275575834422741699e+10 -8.233186872557725830e+11 -8.226709118557725830e+11
3.596702000000000066e+00 1.185331953534509277e+10 -8.231183576646549072e+11 -8.224902924646549072e+11
3.608935699999999969e+00 1.521857281107165527e+10 -8.229040965889283447e+11 -8.223052631889283447e+11
3.621169399999999872e+00 7.328607500110229492e+09 -8.227285261998897705e+11 -8.221174367998897705e+11
3.633403100000000219e+00 1.026454647086035156e+10 -8.225199166291396484e+11 -8.219667865291396484e+11
3.645636899999999958e+00 1.183881429832507324e+10 -8.223254248016749268e+11 -8.217076422016749268e+11
3.657870599999999861e+00 1.242793075107421875e+10 -8.221330107489257812e+11 -8.215148364489257812e+11
3.670104100000000091e+00 1.064953741392150879e+10 -8.219480185860784912e+11 -8.213150035860784912e+11
3.682337799999999994e+00 8.292083836239746094e+09 -8.217555537637602539e+11 -8.211915561637602539e+11
3.694571499999999897e+00 5.508090060263183594e+09 -8.215578472397368164e+11 -8.209987721397368164e+11
3.706805199999999800e+00 6.487879396593994141e+09 -8.213593583034060059e+11 -8.207088122034060059e+11
3.719038999999999984e+00 1.029023672335351562e+10 -8.211581904766464844e+11 -8.205266830766464844e+11
3.731272399999999934e+00 6.140387967453369141e+09 -8.209788194325466309e+11 -8.204410374325466309e+11
3.743506200000000117e+00 1.038800859634375000e+10 -8.207772614036562500e+11 -8.202355378036562500e+11
3.755739900000000020e+00 8.249934659677246094e+09 -8.206071728403227539e+11 -8.200420763403227539e+11
3.767973599999999923e+00 1.244945122698291016e+10 -8.204212838730170898e+11 -8.197985627730170898e+11
3.780207400000000106e+00 1.065853334361779785e+10 -8.202458582563822021e+11 -8.196280224563822021e+11
3.792441100000000009e+00 8.989391823926757812e+09 -8.200755957760732422e+11 -8.194000454760732422e+11
3.804674599999999796e+00 8.847439043686889648e+09 -8.199007846563131104e+11 -8.192229750563131104e+11
3.816908300000000143e+00 1.312591433039978027e+10 -8.197243047696002197e+11 -8.191513441696002197e+11
3.829142000000000046e+00 7.789508668802734375e+09 -8.195701940311972656e+11 -8.189864062311972656e+11
3.841375699999999949e+00 1.087080588576928711e+10 -8.193956374142307129e+11 -8.187931901142307129e+11
3.853609500000000132e+00 1.581702116699230957e+10 -8.192252308330076904e+11 -8.186786233330076904e+11
3.865842900000000082e+00 1.105164182828796387e+10 -8.190714265717120361e+11 -8.184714209717120361e+11
3.878076699999999821e+00 9.338212323211914062e+09 -8.189069542767880859e+11 -8.182387198767880859e+11
3.890310400000000168e+00 6.553430052479248047e+09 -8.187417135475207520e+11 -8.180843709475207520e+11
3.902544100000000071e+00 5.672603266766357422e+08 -8.186044620733233643e+11 -8.179980866733233643e+11
3.914777899999999811e+00 5.163908433710327148e+09 -8.184377685662896729e+11 -8.178607956662896729e+11
3.927011300000000205e+00 7.345442226620971680e+09 -8.182841814733790283e+11 -8.177223441733790283e+11
3.939245099999999944e+00 4.839345757974853516e+09 -8.181401739420251465e+11 -8.175681118420251465e+11
3.951478799999999847e+00 5.475126968766235352e+09 -8.179875277312337646e+11 -8.174352083312337646e+11
3.963712500000000194e+00 6.316751282120971680e+09 -8.178445287178790283e+11 -8.172486788178790283e+11
3.975946200000000097e+00 4.557932926036987305e+09 -8.176988486739630127e+11 -8.170783457739630127e+11
3.988179999999999836e+00 8.282377342672363281e+09 -8.175491046573276367e+11 -8.169211811573276367e+11
4.000413400000000230e+00 5.008243015291381836e+09 -8.174185419847086182e+11 -8.168596715847086182e+11
4.012647199999999970e+00 6.289763629830810547e+09 -8.172698848701691895e+11 -8.166972272701691895e+11
4.024880900000000317e+00 5.999637780018310547e+09 -8.171360083199816895e+11 -8.165828751199816895e+11
4.037114599999999776e+00 9.811131093358276367e+09 -8.169944238066417236e+11 -8.165025845066417236e+11
4.049348400000000403e+00 7.598289209382080078e+09 -8.168625390906179199e+11 -8.163244775906179199e+11
4.061581799999999909e+00 5.039731167495971680e+09 -8.167311807325040283e+11 -8.162142996325040283e+11
4.073815599999999648e+00 6.960140488083129883e+09 -8.166001660119168701e+11 -8.160611474119168701e+11
4.086049299999999995e+00 3.780006357192993164e+09 -8.164842674428070068e+11 -8.158850035428070068e+11
4.098283000000000342e+00 6.073146763707275391e+08 -8.163870418236292725e+11 -8.158547981236292725e+11
4.110516699999999801e+00 7.599760324630981445e+09 -8.162611222753690186e+11 -8.156661226753690186e+11
4.122750199999999587e+00 1.432061615912548828e+10 -8.161340069408745117e+11 -8.155666644408745117e+11
4.134983899999999934e+00 8.495541471980468750e+09 -8.160387683280195312e+11 -8.155242111280195312e+11
4.147217699999999674e+00 1.134873032977758789e+10 -8.159106048702224121e+11 -8.153959225702224121e+11
4.159451400000000021e+00 1.053695591382714844e+10 -8.158023499861728516e+11 -8.152098317861728516e+11
4.171685100000000368e+00 1.113217464516918945e+10 -8.156851931548308105e+11 -8.150950550548308105e+11
4.183918799999999827e+00 1.081323202069348145e+10 -8.155683402793065186e+11 -8.149908119793065186e+11
4.196152299999999613e+00 5.027241657049438477e+09 -8.154661795429505615e+11 -8.148821352429505615e+11
4.208385999999999960e+00 9.024093351587402344e+09 -8.153453110484125977e+11 -8.148034820484125977e+11
4.220619799999999699e+00 1.095369198150231934e+10 -8.152339672184976807e+11 -8.146903515184976807e+11
4.232853500000000047e+00 6.080651626709838867e+09 -8.151235060732901611e+11 -8.146079156732901611e+11
4.245087200000000394e+00 4.776219519307495117e+09 -8.150157585806925049e+11 -8.144716517806925049e+11
4.257320700000000180e+00 8.696220128090087891e+09 -8.148935317719099121e+11 -8.143077818719099121e+11
4.269554399999999639e+00 4.868963951807617188e+09 -8.147915541481923828e+11 -8.142142269481923828e+11
4.281788200000000266e+00 -9.282320318444824219e+07 -8.146924998031844482e+11 -8.140924713031844482e+11
4.294021899999999725e+00 2.041713750968750000e+09 -8.145739168490312500e+11 -8.140243458490312500e+11
4.306255400000000400e+00 1.741891118703247070e+09 -8.144677779812967529e+11 -8.138652005812967529e+11
4.318489099999999858e+00 2.776410190090209961e+09 -8.143576319099097900e+11 -8.137778551099097900e+11
4.330722800000000206e+00 8.112396786606933594e+09 -8.142411874133930664e+11 -8.136728070133930664e+11
4.342956499999999664e+00 7.234808908671142578e+09 -8.141289242913288574e+11 -8.136350793913288574e+11
4.355190300000000292e+00 4.613155774805664062e+09 -8.140242048251943359e+11 -8.134843487251943359e+11
4.367423999999999751e+00 2.882214097038085938e+09 -8.139221988029619141e+11 -8.133982933029619141e+11
4.379657700000000098e+00 3.432133714292236328e+09 -8.138153275857077637e+11 -8.132544826857077637e+11
4.391891499999999837e+00 7.377824787732910156e+09 -8.137003952122670898e+11 -8.131527954122670898e+11
4.404125200000000184e+00 7.217965052610351562e+09 -8.135915376473896484e+11 -8.130041466473896484e+11
4.416358899999999643e+00 7.933305398327758789e+09 -8.134823957016722412e+11 -8.128741051016722412e+11
4.428592100000000364e+00 3.510011580233520508e+09 -8.133843781197664795e+11 -8.128795162197664795e+11
4.440825900000000104e+00 6.510924488014404297e+09 -8.132740357119855957e+11 -8.126898290119855957e+11
4.453059599999999563e+00 3.646528880722534180e+09 -8.131719778192774658e+11 -8.126130205192774658e+11
4.465293299999999910e+00 -3.508265952978515625e+07 -8.130699343595297852e+11 -8.125240878595297852e+11
4.477527000000000257e+00 6.475062012562255859e+09 -8.129530282874377441e+11 -8.123974044874377441e+11
4.489760799999999996e+00 6.916586466968505859e+09 -8.128423613330314941e+11 -8.122848575330314941e+11
4.501994500000000343e+00 6.798002058300415039e+09 -8.127357579416995850e+11 -8.121479111416995850e+11
4.514228199999999802e+00 5.051283452215209961e+09 -8.126344307477847900e+11 -8.120756242477847900e+11
4.526462000000000430e+00 6.247259069947509766e+08 -8.125352574930052490e+11 -8.119978844930052490e+11
4.538695699999999889e+00 4.656962545209838867e+09 -8.124162575547901611e+11 -8.119026365547901611e+11
4.550929400000000236e+00 2.646689895080688477e+09 -8.123123743049193115e+11 -8.118551675049193115e+11
4.563162600000000069e+00 1.348539626540405273e+09 -8.122076053734595947e+11 -8.116745761734595947e+11
4.575396399999999808e+00 4.562138913423217773e+09 -8.120914765865767822e+11 -8.115668690865767822e+11
4.587630100000000155e+00 1.349519056014892578e+09 -8.119926395439851074e+11 -8.115187817439851074e+11
4.599863799999999614e+00 3.875609534180297852e+09 -8.118771206658197021e+11 -8.112282714658197021e+11
4.612097499999999961e+00 6.744019732011230469e+09 -8.117614967679887695e+11 -8.112156264679887695e+11
4.624331299999999700e+00 5.551830845363525391e+09 -8.116521157546364746e+11 -8.111427492546364746e+11
4.636565000000000047e+00 3.372122160089843750e+09 -8.115474074399101562e+11 -8.109611857399101562e+11
4.648798700000000395e+00 2.314046735861450195e+09 -8.114345327641385498e+11 -8.109284879641385498e+11
4.661032399999999853e+00 -1.046962303064208984e+09 -8.113253341030642090e+11 -8.107944302030642090e+11
4.673266199999999593e+00 4.856870182200317383e+09 -8.112045418177996826e+11 -8.106542699177996826e+11
4.685499400000000314e+00 9.834742696667114258e+09 -8.110801396033328857e+11 -8.105832714033328857e+11
4.697733099999999773e+00 6.660312296484252930e+09 -8.109747752035157471e+11 -8.104429974035157471e+11
4.709966800000000120e+00 3.720091804751220703e+09 -8.108608851952487793e+11 -8.103607988952487793e+11
4.722200599999999859e+00 4.321111123766357422e+09 -8.107425687762336426e+11 -8.102109820762336426e+11
4.734434300000000206e+00 3.828558515903686523e+09 -8.106267985840963135e+11 -8.101292408840963135e+11
4.746667999999999665e+00 2.705986597536865234e+09 -8.105063817024631348e+11 -8.100614817024631348e+11
4.758901800000000293e+00 -3.812705205843505859e+08 -8.103929040205843506e+11 -8.099768139205843506e+11
4.771135499999999752e+00 1.340249754129516602e+09 -8.102649172458704834e+11 -8.097683071458704834e+11
4.783369200000000099e+00 7.835546557739257812e+08 -8.101487507442260742e+11 -8.096947761442260742e+11
4.795602899999999558e+00 5.518662088702880859e+09 -8.100147724112971191e+11 -8.095744578112971191e+11
4.807836700000000185e+00 1.011740278068139648e+10 -8.098803745193186035e+11 -8.094263346193186035e+11
4.820069900000000018e+00 5.330440755640136719e+09 -8.097633268443598633e+11 -8.092763671443598633e+11
4.832303600000000365e+00 2.547601193718994141e+09 -8.096395497062810059e+11 -8.091922945062810059e+11
4.844537299999999824e+00 5.297304255619750977e+09 -8.095047625443802490e+11 -8.090210094443802490e+11
4.856771099999999564e+00 7.822586563648681641e+08 -8.093819080436351318e+11 -8.089246919436351318e+11
4.869004799999999911e+00 6.052822009236816406e+09 -8.092386579907631836e+11 -8.087359534907631836e+11
4.881238500000000258e+00 8.647047582434570312e+09 -8.090979635175654297e+11 -8.086212206175654297e+11
4.893472299999999997e+00 8.697011156715698242e+09 -8.089626749432843018e+11 -8.084461473432843018e+11
4.905706000000000344e+00 4.591807616338745117e+09 -8.088305993836612549e+11 -8.083089543836612549e+11
4.917939699999999803e+00 6.431087996117919922e+09 -8.086837558038820801e+11 -8.081669690038820801e+11
4.930173400000000150e+00 6.912225016510742188e+09 -8.085451444834892578e+11 -8.080428194834892578e+11
4.942407199999999889e+00 7.107795603285644531e+09 -8.083955740967143555e+11 -8.078705692967143555e+11
4.954640399999999723e+00 3.665149849010253906e+09 -8.082548607509897461e+11 -8.077135309509897461e+11
4.966874100000000070e+00 7.153563489579467773e+09 -8.080954664104205322e+11 -8.075876467104205322e+11
4.979107800000000417e+00 7.367875878683959961e+09 -8.079397683213160400e+11 -8.074994226213160400e+11
4.991341600000000156e+00 1.291317471042724609e+09 -8.077965652289572754e+11 -8.073601631289572754e+11
5.003575299999999615e+00 4.512998581327392578e+09 -8.076323655186726074e+11 -8.071575646186726074e+11
5.015808999999999962e+00 9.218057423407836914e+09 -8.074632428765921631e+11 -8.069764336765921631e+11
5.028042799999999701e+00 7.651966498823486328e+09 -8.072993190011765137e+11 -8.067914735011765137e+11
5.040276500000000048e+00 4.980928562954345703e+09 -8.071380199370456543e+11 -8.065536027370456543e+11
5.052510200000000395e+00 5.811155132888427734e+09 -8.069655973671115723e+11 -8.064685418671115723e+11
5.064743899999999854e+00 -1.018718766395019531e+09 -8.068048562663950195e+11 -8.063458342663950195e+11
5.076977699999999594e+00 7.191685269597167969e+08 -8.066190491730402832e+11 -8.061872057730402832e+11
5.089210900000000315e+00 2.240131899630981445e+09 -8.064380704003690186e+11 -8.060088824003690186e+11
5.101444599999999774e+00 2.399309284291259766e+09 -8.062532993157087402e+11 -8.057884496157087402e+11
5.113678300000000121e+00 3.386500381833251953e+09 -8.060593303181667480e+11 -8.056281647181667480e+11
5.125912099999999860e+00 5.411200375657836914e+09 -8.058612253243421631e+11 -8.054299530243421631e+11
5.138145800000000207e+00 2.226096221633178711e+09 -8.056690781783668213e+11 -8.051924410783668213e+11
5.150379499999999666e+00 6.252367362773437500e+08 -8.054702534637226562e+11 -8.049771404637226562e+11
5.162613200000000013e+00 1.123916532322265625e+09 -8.052629914676777344e+11 -8.047846685676777344e+11
5.174846999999999753e+00 4.875859825996826172e+09 -8.050397898740031738e+11 -8.045741746740031738e+11
5.187080700000000100e+00 6.672943736927856445e+09 -8.048198515630721436e+11 -8.043461681630721436e+11
5.199314399999999559e+00 9.965889390646240234e+09 -8.045945395093537598e+11 -8.041474980093537598e+11
5.211547600000000280e+00 5.984675716402709961e+09 -8.043733860835972900e+11 -8.039020466835972900e+11
5.223781400000000019e+00 5.786202028232910156e+09 -8.041337769717670898e+11 -8.036699318717670898e+11
5.236015100000000366e+00 5.265623590323608398e+09 -8.038934520096763916e+11 -8.034506126096763916e+11
5.248248799999999825e+00 6.370931787213989258e+09 -8.036452363127860107e+11 -8.031569328127860107e+11
5.260482599999999564e+00 5.694709724238769531e+09 -8.033949569757612305e+11 -8.029430907757612305e+11
5.272716299999999912e+00 5.933766355352783203e+09 -8.031113086446472168e+11 -8.026531365446472168e+11
5.284950000000000259e+00 4.017469845605468750e+09 -8.027671480543945312e+11 -8.022860994543945312e+11
5.297183699999999718e+00 7.456069976269165039e+09 -8.024077390237308350e+11 -8.019389865237308350e+11
5.309417500000000345e+00 3.320243430988647461e+09 -8.020921371690113525e+11 -8.015761592690113525e+11
5.321651199999999804e+00 8.064655244902709961e+09 -8.017516717550972900e+11 -8.012084280550972900e+11
5.333884900000000151e+00 1.078733381747412109e+10 -8.014073166825258789e+11 -8.009471747825258789e+11
5.346118099999999984e+00 6.408369686763916016e+09 -8.010679096132360840e+11 -8.005810088132360840e+11
5.358351899999999723e+00 5.987932959137817383e+09 -8.007099693408621826e+11 -8.001975973408621826e+11
5.370585600000000071e+00 4.933527426354614258e+09 -8.003441557736453857e+11 -7.997882252736453857e+11
5.382819300000000418e+00 9.250828201598632812e+09 -7.999571095984013672e+11 -7.993717284984013672e+11
5.395053100000000157e+00 7.016682998636108398e+09 -7.995783766013638916e+11 -7.990273147013638916e+11
5.407286799999999616e+00 3.833234616215820312e+09 -7.991878040837841797e+11 -7.985948259837841797e+11
5.419520499999999963e+00 9.019719721518432617e+09 -7.987676530784815674e+11 -7.981921527784815674e+11
5.431754200000000310e+00 7.524349155283447266e+09 -7.983565449447165527e+11 -7.978013845447165527e+11
5.443988000000000049e+00 2.788485887821044922e+09 -7.979468993121789551e+11 -7.973022888121789551e+11
5.456221700000000396e+00 7.366153888517700195e+09 -7.974960291114822998e+11 -7.968212093114822998e+11
5.468455399999999855e+00 6.998649751263427734e+09 -7.970471384487365723e+11 -7.964955591487365723e+11
5.480688599999999688e+00 7.888173876432617188e+09 -7.965755495235673828e+11 -7.960481733235673828e+11
5.492922400000000316e+00 9.138002213232666016e+09 -7.960874669867673340e+11 -7.956791308867673340e+11
5.505156099999999775e+00 1.013143649693493652e+10 -7.955744211030650635e+11 -7.950009872030650635e+11
5.517389800000000122e+00 1.148213049878332520e+10 -7.950385796012166748e+11 -7.944679594012166748e+11
5.529623599999999861e+00 5.942445057250610352e+09 -7.945124328427493896e+11 -7.939263973427493896e+11
5.541857300000000208e+00 7.026098587029663086e+09 -7.939514046129703369e+11 -7.934778140129703369e+11
5.554090999999999667e+00 1.547218549089562988e+10 -7.933404440091043701e+11 -7.927622135091043701e+11
5.566324700000000014e+00 1.247170394571301270e+10 -7.927397771542869873e+11 -7.921538287542869873e+11
5.578558499999999754e+00 1.145966923354907227e+10 -7.921091833664509277e+11 -7.914661607664509277e+11
5.590792200000000101e+00 9.147129415091674805e+09 -7.914702724849083252e+11 -7.907264862849083252e+11
5.603025899999999559e+00 1.411750912996923828e+10 -7.907763332700307617e+11 -7.900974389700307617e+11
5.615259100000000281e+00 1.203951941019470215e+10 -7.900722088898052979e+11 -7.893517392898052979e+11
5.627492900000000020e+00 5.987381856019653320e+09 -7.893521635439803467e+11 -7.886372530439803467e+11
5.639726600000000367e+00 1.012823351097717285e+10 -7.885609543890228271e+11 -7.878343201890228271e+11
5.651960299999999826e+00 9.437823156090576172e+09 -7.877747105439094238e+11 -7.869534831439094238e+11
5.664194000000000173e+00 7.771111633119506836e+09 -7.869357167668804932e+11 -7.860570347668804932e+11
5.676427799999999912e+00 9.123703133755371094e+09 -7.860533863662446289e+11 -7.852269404662446289e+11
5.688661500000000260e+00 1.326892902301684570e+10 -7.851438363769831543e+11 -7.844047349769831543e+11
5.700895199999999718e+00 1.178920808116333008e+10 -7.842055123188366699e+11 -7.833236627188366699e+11
5.713129000000000346e+00 3.813370645320556641e+09 -7.832201972546794434e+11 -7.823002680546794434e+11
5.725362699999999805e+00 2.968987174748535156e+08 -7.821551342825251465e+11 -7.812915103825251465e+11
5.737596400000000152e+00 2.914315483504272461e+09 -7.810039217164957275e+11 -7.802654752164957275e+11
5.749829599999999985e+00 8.702659492303710938e+09 -7.797818762076962891e+11 -7.789770625076962891e+11
5.762063399999999724e+00 8.037870802439086914e+09 -7.785031815975609131e+11 -7.776806886975609131e+11
5.774297100000000071e+00 1.005346202339868164e+10 -7.770684299766013184e+11 -7.759442696766013184e+11
5.786530800000000418e+00 7.052551912942138672e+09 -7.755632889870578613e+11 -7.743934082870578613e+11
5.798764499999999877e+00 -3.293055238746704102e+09 -7.739596364387467041e+11 -7.726697492387467041e+11
5.810998299999999617e+00 1.351823892391955566e+10 -7.718015555760804443e+11 -7.703714541760804443e+11
