7.340207999999999455e-02 -7.654940424356228027e+11 -8.245252684356228027e+11 -6.438506614356228027e+11
8.563576000000000521e-02 -1.622918441194569092e+11 -8.142751401194569092e+11 -6.991388741194569092e+11
9.786944799999999778e-02 4.730138761583060303e+11 -8.113991098416939697e+11 -7.642207578416939697e+11
1.101031299999999935e-01 5.632781498295700684e+11 -8.176463381704299316e+11 -8.025093301704299316e+11
1.223368100000000042e-01 6.064084262564460449e+11 -8.208896167435539551e+11 -8.102638777435539551e+11
1.345704799999999923e-01 5.958680931025509033e+11 -8.224880908974490967e+11 -8.125701988974490967e+11
1.468041599999999891e-01 5.319599372499311523e+11 -8.237672477500688477e+11 -8.149792327500688477e+11
1.590378400000000136e-01 4.814179434766302490e+11 -8.247379805233697510e+11 -8.190044005233697510e+11
1.712715200000000104e-01 4.203880953675593262e+11 -8.258527306324406738e+11 -8.190790866324406738e+11
1.835052000000000072e-01 4.007531750952126465e+11 -8.262745419047873535e+11 -8.245364189047873535e+11
1.957388999999999935e-01 3.858272639578101807e+11 -8.267468010421898193e+11 -8.249361790421898193e+11
2.079725799999999902e-01 3.349272402701655273e+11 -8.271087087298344727e+11 -8.220712697298344727e+11
2.202062599999999870e-01 2.913310825229318848e+11 -8.267882114770681152e+11 -8.235806474770681152e+11
2.324399400000000115e-01 2.995687673017657471e+11 -8.265193866982342529e+11 -8.227702876982342529e+11
2.446736200000000083e-01 3.021289698134006348e+11 -8.262793081865993652e+11 -8.236491701865993652e+11
2.569073000000000051e-01 2.446308638935847168e+11 -8.265174811064152832e+11 -8.230211041064152832e+11
2.691409599999999847e-01 2.661822214015749512e+11 -8.261369695984250488e+11 -8.245315845984250488e+11
2.813746599999999987e-01 2.468283152981153564e+11 -8.260848107018846436e+11 -8.240498907018846436e+11
2.936083199999999782e-01 2.486558128754313965e+11 -8.262409691245686035e+11 -8.216632161245686035e+11
3.058420199999999922e-01 2.181445851086098633e+11 -8.269703838913901367e+11 -8.223378678913901367e+11
3.180756800000000273e-01 2.330207965222531738e+11 -8.268449964777468262e+11 -8.238261594777468262e+11
3.303093799999999858e-01 2.459665155578360596e+11 -8.267411344421639404e+11 -8.251469264421639404e+11
3.425430400000000208e-01 2.455447040144398193e+11 -8.266704589855601807e+11 -8.243867219855601807e+11
3.547767399999999793e-01 2.519087278418006592e+11 -8.265813491581993408e+11 -8.235032811581993408e+11
3.670104000000000144e-01 2.857289461586870117e+11 -8.261425358413129883e+11 -8.230093538413129883e+11
3.792440999999999729e-01 2.892778224679045410e+11 -8.258956455320954590e+11 -8.235976095320954590e+11
3.914777899999999922e-01 2.907936143747027588e+11 -8.257375696252972412e+11 -8.220933206252972412e+11
4.037114600000000220e-01 3.016229796269522705e+11 -8.254029943730477295e+11 -8.229813053730477295e+11
4.159451499999999857e-01 3.016537766430948486e+11 -8.252152653569051514e+11 -8.226950933569051514e+11
4.281788200000000155e-01 3.168451595884045410e+11 -8.248672254115954590e+11 -8.217001154115954590e+11
4.404125099999999793e-01 3.499590845076823730e+11 -8.243944904923176270e+11 -8.211784424923176270e+11
4.526461800000000091e-01 3.698719031182200928e+11 -8.239823398817799072e+11 -8.217596128817799072e+11
4.648798699999999728e-01 3.725688691462287598e+11 -8.235751778537712402e+11 -8.214574778537712402e+11
4.771135400000000026e-01 3.620725319186002197e+11 -8.233049350813997803e+11 -8.210920880813997803e+11
4.893472300000000219e-01 3.840543429006026611e+11 -8.228767300993973389e+11 -8.201636680993973389e+11
5.015808999999999962e-01 4.169071490889188232e+11 -8.223911889110811768e+11 -8.203896949110811768e+11
5.138145899999999600e-01 4.332964997480191650e+11 -8.219254570519808350e+11 -8.196130372519808350e+11
5.260482600000000453e-01 4.573106396070791016e+11 -8.213742343929208984e+11 -8.192060853929208984e+11
5.382819199999999693e-01 4.634148144503891602e+11 -8.209546428496108398e+11 -8.189688665496108398e+11
5.505156500000000230e-01 4.734206721902324219e+11 -8.205023311097675781e+11 -8.187047208097675781e+11
5.627493099999999471e-01 4.979186497744964600e+11 -8.199995790255035400e+11 -8.179435982255035400e+11
5.749829800000000324e-01 5.132548930160476074e+11 -8.194876178839523926e+11 -8.178377829839523926e+11
5.872166399999999564e-01 5.168935421894232178e+11 -8.190187467105767822e+11 -8.172744198105767822e+11
5.994503700000000102e-01 5.161923412870858154e+11 -8.185582030129141846e+11 -8.161172797129141846e+11
6.116840300000000452e-01 5.193485228933958740e+11 -8.180585698066041260e+11 -8.159865911066041260e+11
6.239177000000000195e-01 5.312142290415499268e+11 -8.175567497584500732e+11 -8.158603189584500732e+11
6.361513600000000546e-01 5.489680960651124268e+11 -8.169489395348875732e+11 -8.152051479348875732e+11
6.483850899999999973e-01 5.335196643138901367e+11 -8.165312409861098633e+11 -8.146587666861098633e+11
6.606187500000000323e-01 5.496981623073210449e+11 -8.159425855926789551e+11 -8.138313336926789551e+11
6.728524200000000066e-01 5.423035285838962402e+11 -8.154325621161037598e+11 -8.131251944161037598e+11
6.850860800000000417e-01 5.498062958328680420e+11 -8.148805696671319580e+11 -8.130982051671319580e+11
6.973198099999999844e-01 5.576951010532442627e+11 -8.143100857467557373e+11 -8.122216719467557373e+11
7.095534700000000194e-01 5.586657690134490967e+11 -8.137711070865509033e+11 -8.116335309865509033e+11
7.217871399999999937e-01 5.528639350559848633e+11 -8.132310167440151367e+11 -8.114196789440151367e+11
7.340208000000000288e-01 5.224191285362167969e+11 -8.127357024637832031e+11 -8.106517024637832031e+11
7.462545299999999715e-01 5.142972834070412598e+11 -8.122003496929587402e+11 -8.097874145929587402e+11
7.584881900000000066e-01 5.066640210131154785e+11 -8.116347966868845215e+11 -8.092948159868845215e+11
7.707218599999999809e-01 5.146030738115264893e+11 -8.110014075884735107e+11 -8.095707631884735107e+11
7.829555799999999843e-01 5.152071714824799805e+11 -8.104014193175200195e+11 -8.086822768175200195e+11
7.951892499999999586e-01 5.082602352388902588e+11 -8.097801677611097412e+11 -8.077212557611097412e+11
8.074229099999999937e-01 4.784324933496679688e+11 -8.092938619503320312e+11 -8.074476106503320312e+11
8.196565799999999680e-01 4.827048723704779053e+11 -8.086236183295220947e+11 -8.069032822295220947e+11
8.318902999999999714e-01 4.501892994161036377e+11 -8.081175596838963623e+11 -8.063958393838963623e+11
8.441239699999999457e-01 4.472555929509439697e+11 -8.074456780490560303e+11 -8.055303591490560303e+11
8.563576299999999808e-01 4.317274788490178223e+11 -8.068296123509821777e+11 -8.053204257509821777e+11
8.685912999999999551e-01 4.201190813152783203e+11 -8.062111386847216797e+11 -8.048045677847216797e+11
8.808250199999999586e-01 4.052563252329389648e+11 -8.055964523670610352e+11 -8.041017470670610352e+11
8.930586900000000439e-01 3.907103266672558594e+11 -8.049787644327441406e+11 -8.035361602327441406e+11
9.052923499999999679e-01 3.778226094343691406e+11 -8.043264369656308594e+11 -8.029159736656308594e+11
9.175260200000000532e-01 3.520480957287949219e+11 -8.037144352712050781e+11 -8.022227861712050781e+11
9.297597399999999457e-01 3.357744085415692139e+11 -8.030852462584307861e+11 -8.015290655584307861e+11
9.419934100000000310e-01 3.379345618936066895e+11 -8.023715918063933105e+11 -8.006049257063933105e+11
9.542270699999999550e-01 3.202394778846833496e+11 -8.017245902153166504e+11 -8.001624403153166504e+11
9.664607400000000403e-01 2.980336770432099609e+11 -8.010783748567900391e+11 -7.997447951567900391e+11
9.786944600000000438e-01 2.828637808109416504e+11 -8.004071617890583496e+11 -7.991853307890583496e+11
9.909281300000000181e-01 2.682986015225834961e+11 -7.997192172774165039e+11 -7.980529359774165039e+11
1.003161799999999992e+00 2.560229605392335205e+11 -7.990243367607664795e+11 -7.973997195607664795e+11
1.015395499999999895e+00 2.320785777180117188e+11 -7.983722761819882812e+11 -7.970361168819882812e+11
1.027629200000000020e+00 2.195069688301916504e+11 -7.976460251698083496e+11 -7.961611761698083496e+11
1.039862800000000087e+00 2.110614448296998291e+11 -7.969398867703001709e+11 -7.960165326703001709e+11
1.052096499999999990e+00 2.087352357330435791e+11 -7.961922672669564209e+11 -7.951400691669564209e+11
1.064330199999999893e+00 1.923839120719957275e+11 -7.954943105280042725e+11 -7.941205971280042725e+11
1.076563799999999960e+00 1.889033940438446045e+11 -7.947396446561553955e+11 -7.938368960561553955e+11
1.088797599999999921e+00 1.688625178644454346e+11 -7.940333575355545654e+11 -7.930405613355545654e+11
1.101031300000000046e+00 1.545700203065852051e+11 -7.932685547934147949e+11 -7.920645552934147949e+11
1.113264899999999891e+00 1.572657975599040527e+11 -7.924239332400959473e+11 -7.911821594400959473e+11
1.125498600000000016e+00 1.533849190590373535e+11 -7.916445728409626465e+11 -7.905280347409626465e+11
1.137732399999999977e+00 1.411514009833190918e+11 -7.908648165166809082e+11 -7.896171399166809082e+11
1.149966000000000044e+00 1.366874692351724854e+11 -7.900324824648275146e+11 -7.887424813648275146e+11
1.162199699999999947e+00 1.248667399044696045e+11 -7.892570908955303955e+11 -7.881684831955303955e+11
1.174433300000000013e+00 1.182075754412839355e+11 -7.884423433587160645e+11 -7.875751648587160645e+11
1.186666999999999916e+00 1.104522053450080566e+11 -7.876619613549919434e+11 -7.866390818549919434e+11
1.198900700000000041e+00 1.230604988113929443e+11 -7.867797778886070557e+11 -7.855041810886070557e+11
1.211134300000000108e+00 1.186617349653154297e+11 -7.859620187346845703e+11 -7.847394070346845703e+11
1.223368100000000069e+00 1.058107304765690918e+11 -7.851738340234309082e+11 -7.839593774234309082e+11
1.235601799999999972e+00 1.050372608623742676e+11 -7.843303217376257324e+11 -7.834630724376257324e+11
1.247835400000000039e+00 1.022671922800421143e+11 -7.835124339199578857e+11 -7.825865809199578857e+11
1.260069099999999942e+00 1.029882949473548584e+11 -7.826672446526451416e+11 -7.817714449526451416e+11
1.272302700000000009e+00 1.172128714397445068e+11 -7.817788101602554932e+11 -7.806822260602554932e+11
1.284536399999999912e+00 1.087197023651971436e+11 -7.809791646348028564e+11 -7.797505272348028564e+11
1.296770200000000095e+00 1.010870546146552734e+11 -7.800888573853447266e+11 -7.790347032853447266e+11
1.309003799999999940e+00 9.150527410783227539e+10 -7.792178235921677246e+11 -7.781826895921677246e+11
1.321237500000000065e+00 1.063344591883098145e+11 -7.783134102116901855e+11 -7.769855289116901855e+11
1.333471199999999968e+00 1.016653902980950928e+11 -7.774995305019049072e+11 -7.763804097019049072e+11
1.345704800000000034e+00 1.078606980564077148e+11 -7.766179933435922852e+11 -7.757064234435922852e+11
1.357938599999999996e+00 1.144296418063859863e+11 -7.757336892936140137e+11 -7.747782757936140137e+11
1.370172200000000062e+00 1.129752613613966064e+11 -7.748878087386033936e+11 -7.737591011386033936e+11
1.382405899999999965e+00 1.171062467215610352e+11 -7.740149938784389648e+11 -7.729570586784389648e+11
1.394639600000000090e+00 1.177375396948625488e+11 -7.731624850051374512e+11 -7.720453051051374512e+11
1.406873199999999935e+00 1.202648123716381836e+11 -7.722673956283618164e+11 -7.710586796283618164e+11
1.419106900000000060e+00 1.184258687773605957e+11 -7.714254413226394043e+11 -7.701761418226394043e+11
1.431340700000000021e+00 1.151788989878636475e+11 -7.705689717121363525e+11 -7.695387900121363525e+11
1.443574300000000088e+00 1.133858617647999268e+11 -7.696882270352000732e+11 -7.684635792352000732e+11
1.455807999999999991e+00 1.179112196265093994e+11 -7.688117289734906006e+11 -7.679909366734906006e+11
1.468041600000000058e+00 1.143893593700620117e+11 -7.679552556299379883e+11 -7.667623652299379883e+11
1.480275299999999961e+00 1.273547372376962891e+11 -7.670353862623037109e+11 -7.658191222623037109e+11
1.492509099999999922e+00 1.226199854607518311e+11 -7.661735647392481689e+11 -7.651201895392481689e+11
1.504742699999999989e+00 1.249352048696644287e+11 -7.653418606303355713e+11 -7.641625234303355713e+11
1.516976399999999892e+00 1.154761804910991211e+11 -7.646026230089008789e+11 -7.635269405089008789e+11
1.529210100000000017e+00 1.253647087329536133e+11 -7.637146242670463867e+11 -7.626256593670463867e+11
1.541443700000000083e+00 1.362655564954304199e+11 -7.628505095045695801e+11 -7.616614158045695801e+11
1.553677399999999986e+00 1.253776431731795654e+11 -7.620401505268204346e+11 -7.608832061268204346e+11
1.565911199999999948e+00 1.262339041105848389e+11 -7.611809175894151611e+11 -7.601820608894151611e+11
1.578144800000000014e+00 1.240751732003791504e+11 -7.603333294996208496e+11 -7.593453663996208496e+11
1.590378499999999917e+00 1.300328289259451904e+11 -7.594554583740548096e+11 -7.584610196740548096e+11
1.602612099999999984e+00 1.260148136846132812e+11 -7.586055084153867188e+11 -7.577344793153867188e+11
1.614845800000000109e+00 1.242856898711206055e+11 -7.577353384288793945e+11 -7.567146754288793945e+11
1.627079600000000070e+00 1.263188758239044189e+11 -7.568636009760955811e+11 -7.560232955760955811e+11
1.639313199999999915e+00 1.251966984293872070e+11 -7.559995434706127930e+11 -7.549194408706127930e+11
1.651546900000000040e+00 1.198885393858874512e+11 -7.551565802141125488e+11 -7.540698474141125488e+11
1.663780599999999943e+00 1.131684116188637695e+11 -7.542939069811362305e+11 -7.532289817811362305e+11
1.676014200000000010e+00 1.146394087217562256e+11 -7.534056043782437744e+11 -7.528009451782437744e+11
1.688247899999999913e+00 1.130912570866176758e+11 -7.525503356133823242e+11 -7.516371433133823242e+11
1.700481499999999979e+00 1.175481843285393066e+11 -7.516544970714606934e+11 -7.506718181714606934e+11
1.712715299999999941e+00 1.160305656302532959e+11 -7.507978902697467041e+11 -7.498807586697467041e+11
1.724949000000000066e+00 1.127497026683886719e+11 -7.499321477316113281e+11 -7.490313471316113281e+11
1.737182599999999910e+00 1.084608799704184570e+11 -7.490611552295815430e+11 -7.481889521295815430e+11
1.749416300000000035e+00 1.022796975490654297e+11 -7.481972320509345703e+11 -7.473920665509345703e+11
1.761649999999999938e+00 1.052460240587347412e+11 -7.473082881412652588e+11 -7.466115281412652588e+11
1.773883600000000005e+00 1.070209189256026611e+11 -7.464300947743973389e+11 -7.457477964743973389e+11
1.786117399999999966e+00 1.110142818058131104e+11 -7.455372731941868896e+11 -7.447500549941868896e+11
1.798351000000000033e+00 1.069213915973110352e+11 -7.446830298026889648e+11 -7.438853014026889648e+11
1.810584699999999936e+00 9.953090952198193359e+10 -7.438239568780180664e+11 -7.429414530780180664e+11
1.822818400000000061e+00 9.865503815848315430e+10 -7.429376984415168457e+11 -7.422157376415168457e+11
1.835051999999999905e+00 9.283908091136120605e+10 -7.420782168886387939e+11 -7.411581205886387939e+11
1.847285800000000089e+00 9.635876137611645508e+10 -7.411879794238835449e+11 -7.403264196238835449e+11
1.859519499999999992e+00 9.448047991058715820e+10 -7.403225920894128418e+11 -7.395439643894128418e+11
1.871753100000000059e+00 9.533550975274890137e+10 -7.394428208472510986e+11 -7.387324510472510986e+11
1.883986799999999961e+00 9.837751961907165527e+10 -7.385498004809283447e+11 -7.377550145809283447e+11
1.896220500000000087e+00 9.173112708061914062e+10 -7.377102403193808594e+11 -7.369304386193808594e+11
1.908454099999999931e+00 8.875494058820227051e+10 -7.368389780117977295e+11 -7.359964605117977295e+11
1.920687899999999892e+00 9.211523866426672363e+10 -7.359503897357332764e+11 -7.350313805357332764e+11
1.932921499999999959e+00 8.963960958597167969e+10 -7.350963535140283203e+11 -7.342531498140283203e+11
1.945155200000000084e+00 9.050877358245251465e+10 -7.342118854175474854e+11 -7.334552421175474854e+11
1.957388899999999987e+00 9.186791257488183594e+10 -7.333424827251181641e+11 -7.325644207251181641e+11
1.969622500000000054e+00 9.049736939982995605e+10 -7.324699821001700439e+11 -7.317568546001700439e+11
1.981856300000000015e+00 8.729108680975561523e+10 -7.316078155902443848e+11 -7.308719149902443848e+11
1.994089999999999918e+00 8.523025489448437500e+10 -7.307415973055156250e+11 -7.299590883055156250e+11
2.006323599999999985e+00 7.818602644156738281e+10 -7.298945267584326172e+11 -7.291492415584326172e+11
2.018557299999999888e+00 8.591358956497802734e+10 -7.290170535350219727e+11 -7.282600445350219727e+11
2.030790899999999954e+00 8.796767437218908691e+10 -7.281372751278109131e+11 -7.273510999278109131e+11
2.043024599999999857e+00 8.193395073001940918e+10 -7.272922886699805908e+11 -7.264260214699805908e+11
2.055258400000000041e+00 8.399453495410266113e+10 -7.264272969458973389e+11 -7.255273577458973389e+11
2.067492000000000107e+00 8.563597276741442871e+10 -7.255596470325855713e+11 -7.247691014325855713e+11
2.079725700000000010e+00 8.548492387109729004e+10 -7.246999911289027100e+11 -7.240790735289027100e+11
2.091959399999999913e+00 8.190582016278137207e+10 -7.238438856372186279e+11 -7.230052463372186279e+11
2.104192999999999980e+00 8.083467450498461914e+10 -7.229954787950153809e+11 -7.222096914950153809e+11
2.116426800000000163e+00 8.096345917261779785e+10 -7.221412959273822021e+11 -7.213120809273822021e+11
2.128660399999999786e+00 7.741283750853601074e+10 -7.212950283914639893e+11 -7.205667821914639893e+11
2.140894100000000133e+00 7.362808357329504395e+10 -7.204566317267049561e+11 -7.196381981267049561e+11
2.153127700000000200e+00 8.162394683289782715e+10 -7.195856133671021729e+11 -7.188552766671021729e+11
2.165361400000000103e+00 8.223210599377880859e+10 -7.187336244062211914e+11 -7.180027101062211914e+11
2.177595100000000006e+00 7.312632944759582520e+10 -7.179195008524041748e+11 -7.170265960524041748e+11
2.189828900000000189e+00 8.372923060160717773e+10 -7.170381896983928223e+11 -7.162868007983928223e+11
2.202062600000000092e+00 7.868439270224487305e+10 -7.162074031977551270e+11 -7.154791244977551270e+11
2.214296099999999878e+00 8.135231702578808594e+10 -7.153523520742119141e+11 -7.145601764742119141e+11
2.226529799999999781e+00 7.996583067994860840e+10 -7.145248754200513916e+11 -7.138090236200513916e+11
2.238763500000000128e+00 8.100922969508691406e+10 -7.136801781049130859e+11 -7.129903105049130859e+11
2.250997200000000031e+00 7.369946501712304688e+10 -7.128734977828769531e+11 -7.120538645828769531e+11
2.263231000000000215e+00 7.838993541773083496e+10 -7.120171536822691650e+11 -7.112489211822691650e+11
2.275464700000000118e+00 8.017605979929479980e+10 -7.111820183007052002e+11 -7.104216529007052002e+11
2.287698199999999904e+00 8.970767499119189453e+10 -7.103249062088081055e+11 -7.094059487088081055e+11
2.299931899999999807e+00 8.575216312294116211e+10 -7.095106967770588379e+11 -7.087175197770588379e+11
2.312165600000000154e+00 8.034585584876367188e+10 -7.087100806512363281e+11 -7.079720055512363281e+11
2.324399399999999893e+00 8.706442634797338867e+10 -7.078648649520266113e+11 -7.071037123520266113e+11
2.336633099999999796e+00 8.229088818536621094e+10 -7.070556256146337891e+11 -7.063106821146337891e+11
2.348866600000000027e+00 7.992191275316052246e+10 -7.062337456468394775e+11 -7.054720474468394775e+11
2.361100299999999930e+00 8.048612626629223633e+10 -7.054161263337077637e+11 -7.046974393337077637e+11
2.373333999999999833e+00 8.049693499468359375e+10 -7.045992828053164062e+11 -7.039236855053164062e+11
2.385567700000000180e+00 8.161132970377331543e+10 -7.037862269962266846e+11 -7.029922326962266846e+11
2.397801499999999919e+00 8.280601874451513672e+10 -7.029858504554848633e+11 -7.022137292554848633e+11
2.410034899999999869e+00 8.237043108384375000e+10 -7.021720793161562500e+11 -7.015093589161562500e+11
2.422268700000000052e+00 7.832136372608349609e+10 -7.013759964739165039e+11 -7.006957737739165039e+11
2.434502399999999955e+00 7.675060737524914551e+10 -7.005657290247508545e+11 -6.999695608247508545e+11
2.446736099999999858e+00 6.998820379750964355e+10 -6.997860404024903564e+11 -6.990364797024903564e+11
2.458969900000000042e+00 7.734404552543713379e+10 -6.989782736745628662e+11 -6.981759545745628662e+11
2.471203599999999945e+00 7.929825606373254395e+10 -6.981686262362674561e+11 -6.974662275362674561e+11
2.483437100000000175e+00 7.709798648835559082e+10 -6.973848868116444092e+11 -6.966689268116444092e+11
2.495670800000000078e+00 8.279346156240637207e+10 -6.965765188375936279e+11 -6.959277218375936279e+11
2.507904499999999981e+00 8.734490733650585938e+10 -6.957747754634941406e+11 -6.950230043634941406e+11
2.520138199999999884e+00 7.401446386930065918e+10 -6.950296047306993408e+11 -6.943463590306993408e+11
2.532372000000000067e+00 7.314416852328515625e+10 -6.942321500767148438e+11 -6.936655119767148438e+11
2.544605400000000017e+00 7.073570054176257324e+10 -6.934704034582374268e+11 -6.928249851582374268e+11
2.556839200000000201e+00 7.693524426254309082e+10 -6.926689686374569092e+11 -6.920116082374569092e+11
2.569072900000000104e+00 7.251375053595227051e+10 -6.919046322640477295e+11 -6.911876501640477295e+11
2.581306600000000007e+00 7.161828987643139648e+10 -6.911292277235686035e+11 -6.904754072235686035e+11
2.593540400000000190e+00 7.112794349114709473e+10 -6.903601191088529053e+11 -6.897137361088529053e+11
2.605773800000000140e+00 7.109820505480749512e+10 -6.895926434451925049e+11 -6.889276726451925049e+11
2.618007599999999879e+00 7.319803195358923340e+10 -6.888162096464107666e+11 -6.881624724464107666e+11
2.630241299999999782e+00 7.198648939747973633e+10 -6.880562955025202637e+11 -6.873858145025202637e+11
2.642475000000000129e+00 7.082620160146789551e+10 -6.872936945985321045e+11 -6.866566650985321045e+11
2.654708700000000032e+00 7.673640714900598145e+10 -6.865176777509940186e+11 -6.858748939509940186e+11
2.666942500000000216e+00 7.116660161886560059e+10 -6.857772706811343994e+11 -6.852100956811343994e+11
2.679175900000000166e+00 7.212695376291345215e+10 -6.850205699370865479e+11 -6.843880657370865479e+11
2.691409699999999905e+00 7.749181436861926270e+10 -6.842543203313807373e+11 -6.835413959313807373e+11
2.703643399999999808e+00 7.429000362873229980e+10 -6.835117245712677002e+11 -6.828225951712677002e+11
2.715877100000000155e+00 7.593920994089477539e+10 -6.827653182591052246e+11 -6.821567747591052246e+11
2.728110800000000058e+00 7.454537614772814941e+10 -6.820176203522718506e+11 -6.814127631522718506e+11
2.740344299999999844e+00 7.518662349263586426e+10 -6.812768534073641357e+11 -6.806899714073641357e+11
2.752578000000000191e+00 7.964020077268041992e+10 -6.805257576273195801e+11 -6.799899483273195801e+11
2.764811799999999931e+00 7.391106662393945312e+10 -6.797936834760605469e+11 -6.792977814760605469e+11
2.777045499999999834e+00 7.145092434274804688e+10 -6.790744483572519531e+11 -6.784015468572519531e+11
2.789279200000000181e+00 7.099367620844604492e+10 -6.783357977915539551e+11 -6.776642039915539551e+11
2.801512999999999920e+00 7.080869505504614258e+10 -6.776047789449538574e+11 -6.769947256449538574e+11
2.813746399999999870e+00 7.371347816599780273e+10 -6.768728884340021973e+11 -6.762443847340021973e+11
2.825980200000000053e+00 7.749681179752783203e+10 -6.761386906024721680e+11 -6.756247966024721680e+11
2.838213899999999956e+00 7.492332448331616211e+10 -6.754310381166838379e+11 -6.748496160166838379e+11
2.850447599999999859e+00 7.428021149624487305e+10 -6.747035386037551270e+11 -6.742036478037551270e+11
2.862681300000000206e+00 6.733046268521948242e+10 -6.740062530147805176e+11 -6.734351067147805176e+11
2.874914799999999993e+00 7.006047665259948730e+10 -6.732799916474005127e+11 -6.726489910474005127e+11
2.887148499999999895e+00 6.846075810329309082e+10 -6.725723395967069092e+11 -6.719031177967069092e+11
2.899382300000000079e+00 7.285759261269665527e+10 -6.718518267873033447e+11 -6.711702090873033447e+11
2.911615999999999982e+00 7.415239053695886230e+10 -6.711364921630411377e+11 -6.705315200630411377e+11
2.923849699999999885e+00 6.918634044255505371e+10 -6.704428112574449463e+11 -6.698197327574449463e+11
2.936083200000000115e+00 6.918602390649523926e+10 -6.697377847935047607e+11 -6.690685948935047607e+11
2.948316900000000018e+00 7.033064796646081543e+10 -6.690367729335391846e+11 -6.684309239335391846e+11
2.960550700000000202e+00 7.195066098256628418e+10 -6.683340203174337158e+11 -6.677411073174337158e+11
2.972784400000000105e+00 6.935166614443298340e+10 -6.676394627555670166e+11 -6.671002637555670166e+11
2.985018100000000008e+00 6.557496451021130371e+10 -6.669549209897886963e+11 -6.663766927897886963e+11
2.997251799999999911e+00 6.988866183178076172e+10 -6.662469073682192383e+11 -6.655970572682192383e+11
3.009485300000000141e+00 6.528060294030212402e+10 -6.655729344596978760e+11 -6.648445034596978760e+11
3.021719000000000044e+00 6.948849737949194336e+10 -6.648676583205080566e+11 -6.642238901205080566e+11
3.033952799999999783e+00 7.011498653921875000e+10 -6.641859568607812500e+11 -6.635593399607812500e+11
3.046186500000000130e+00 6.566501669233557129e+10 -6.635130347076644287e+11 -6.629597902076644287e+11
3.058420200000000033e+00 6.783636158193359375e+10 -6.628229347180664062e+11 -6.622564004180664062e+11
3.070653699999999819e+00 6.648435848591540527e+10 -6.621540772140845947e+11 -6.615384505140845947e+11
3.082887400000000167e+00 6.394761879381689453e+10 -6.614794031061831055e+11 -6.608438229061831055e+11
3.095121199999999906e+00 7.015426615974951172e+10 -6.607881063402504883e+11 -6.601072856402504883e+11
3.107354899999999809e+00 6.706237916117456055e+10 -6.601242061388254395e+11 -6.595359720388254395e+11
3.119588600000000156e+00 6.972426352598046875e+10 -6.594461161740195312e+11 -6.588498542740195312e+11
3.131822300000000059e+00 7.144871977898864746e+10 -6.587788686210113525e+11 -6.581012994210113525e+11
3.144055799999999845e+00 7.107852781698376465e+10 -6.581067371830162354e+11 -6.575147802830162354e+11
3.156289500000000192e+00 7.232296095893701172e+10 -6.574434343410629883e+11 -6.568751909410629883e+11
3.168523299999999931e+00 6.986254526604992676e+10 -6.567851313339500732e+11 -6.561482040339500732e+11
3.180756999999999834e+00 6.963103176628369141e+10 -6.561217258337163086e+11 -6.555495303337163086e+11
3.192990700000000182e+00 7.032902827129992676e+10 -6.554645398287000732e+11 -6.548450095287000732e+11
3.205224199999999968e+00 6.840272659923461914e+10 -6.548136057007653809e+11 -6.542405662007653809e+11
3.217457899999999871e+00 6.914390144549926758e+10 -6.541550928545007324e+11 -6.536247922545007324e+11
3.229691600000000218e+00 7.266981523514868164e+10 -6.534954145648513184e+11 -6.529319184648513184e+11
3.241925399999999957e+00 7.355744694513159180e+10 -6.528440968548684082e+11 -6.522188318548684082e+11
3.254159099999999860e+00 7.636181971676477051e+10 -6.521850354832352295e+11 -6.516342945832352295e+11
3.266392600000000090e+00 7.436415244556005859e+10 -6.515458054544399414e+11 -6.510202980544399414e+11
3.278626299999999993e+00 7.080973100063305664e+10 -6.509024899993669434e+11 -6.504137395993669434e+11
3.290859999999999896e+00 7.090507941085327148e+10 -6.502573760891467285e+11 -6.496814869891467285e+11
3.303093800000000080e+00 6.470370798003442383e+10 -6.496377675199655762e+11 -6.490847657199655762e+11
3.315327499999999983e+00 6.431816136042199707e+10 -6.489928868395780029e+11 -6.484410973395780029e+11
3.327561199999999886e+00 6.934884037183251953e+10 -6.483451673281674805e+11 -6.477921920281674805e+11
3.339794700000000116e+00 7.069541025105383301e+10 -6.477028077489461670e+11 -6.471597826489461670e+11
3.352028400000000019e+00 6.984684802020275879e+10 -6.470760036797972412e+11 -6.465512911797972412e+11
3.364262099999999922e+00 7.629735933981542969e+10 -6.464265929601845703e+11 -6.458795166601845703e+11
3.376495900000000105e+00 7.124360583531433105e+10 -6.458039393646856689e+11 -6.453147583646856689e+11
3.388729600000000008e+00 6.979592368321936035e+10 -6.451757678167806396e+11 -6.446878222167806396e+11
3.400963099999999795e+00 7.187976455048706055e+10 -6.445377012495129395e+11 -6.440139397495129395e+11
3.413196800000000142e+00 7.635044621873596191e+10 -6.439041048812640381e+11 -6.433338615812640381e+11
3.425430500000000045e+00 7.660801547413439941e+10 -6.432803880258656006e+11 -6.427436882258656006e+11
3.437664299999999784e+00 7.420935482907458496e+10 -6.426579750709254150e+11 -6.421567322709254150e+11
3.449898000000000131e+00 7.033769150021020508e+10 -6.420439587997897949e+11 -6.415101825997897949e+11
3.462131700000000034e+00 7.457730833882238770e+10 -6.414111878611776123e+11 -6.409241608611776123e+11
3.474365199999999820e+00 7.069197295625964355e+10 -6.408021686437403564e+11 -6.401722164437403564e+11
3.486598900000000167e+00 6.942182382020129395e+10 -6.401837754797987061e+11 -6.396292420797987061e+11
3.498832600000000070e+00 7.521201880132153320e+10 -6.395573193986784668e+11 -6.390117241986784668e+11
3.511066399999999810e+00 7.584470123498071289e+10 -6.389381275650192871e+11 -6.384843801650192871e+11
3.523300100000000157e+00 6.777924932517443848e+10 -6.383434220748255615e+11 -6.378942246748255615e+11
3.535533599999999943e+00 7.244176653763012695e+10 -6.377150825623698730e+11 -6.371812727623698730e+11
3.547767299999999846e+00 7.307747173767822266e+10 -6.371033563623217773e+11 -6.365830119623217773e+11
3.560001000000000193e+00 7.990966349058227539e+10 -6.364816087094177246e+11 -6.360013432094177246e+11
3.572234799999999932e+00 7.995207562980529785e+10 -6.358659544701947021e+11 -6.353690216701947021e+11
3.584468499999999835e+00 7.077515697789746094e+10 -6.352784629221025391e+11 -6.347356875221025391e+11
3.596702000000000066e+00 6.788709152787011719e+10 -6.346757894721298828e+11 -6.341083396721298828e+11
3.608935699999999969e+00 7.133337839755944824e+10 -6.340592807024405518e+11 -6.335064263024405518e+11
3.621169399999999872e+00 7.118033666906604004e+10 -6.334597180309339600e+11 -6.329599714309339600e+11
3.633403100000000219e+00 7.279331553090454102e+10 -6.328473849690954590e+11 -6.323410020690954590e+11
3.645636899999999958e+00 7.385822920715319824e+10 -6.322453840928468018e+11 -6.316518605928468018e+11
3.657870599999999861e+00 7.181701703537658691e+10 -6.316456152646234131e+11 -6.310404307646234131e+11
3.670104100000000091e+00 6.867836342504101562e+10 -6.310495624749589844e+11 -6.304814061749589844e+11
3.682337799999999994e+00 6.807554762327905273e+10 -6.304432677767209473e+11 -6.299049726767209473e+11
3.694571499999999897e+00 6.958521911498498535e+10 -6.298263461850150146e+11 -6.293792312850150146e+11
3.706805199999999800e+00 7.605879735280456543e+10 -6.292006764471954346e+11 -6.286589445471954346e+11
3.719038999999999984e+00 7.525034674604577637e+10 -6.285911390539542236e+11 -6.280120658539542236e+11
3.731272399999999934e+00 7.234567214279064941e+10 -6.279927170572093506e+11 -6.274783461572093506e+11
3.743506200000000117e+00 7.384583248435583496e+10 -6.273764036156441650e+11 -6.269979617156441650e+11
3.755739900000000020e+00 7.326580264801782227e+10 -6.267775837519821777e+11 -6.262793816519821777e+11
3.767973599999999923e+00 7.688640708182873535e+10 -6.261736818181712646e+11 -6.255183825181712646e+11
3.780207400000000106e+00 8.136385020857580566e+10 -6.255586069914241943e+11 -6.249573878914241943e+11
3.792441100000000009e+00 7.753891173486694336e+10 -6.249680387651330566e+11 -6.244123790651330566e+11
3.804674599999999796e+00 7.254193629038671875e+10 -6.243792537096132812e+11 -6.237527541096132812e+11
3.816908300000000143e+00 7.524283293812219238e+10 -6.237772234618778076e+11 -6.231636739618778076e+11
3.829142000000000046e+00 7.962072135501074219e+10 -6.231677681449892578e+11 -6.226826839449892578e+11
3.841375699999999949e+00 8.066746098609667969e+10 -6.225682631139033203e+11 -6.220122307139033203e+11
3.853609500000000132e+00 7.366267612062048340e+10 -6.219896053793795166e+11 -6.214473334793795166e+11
3.865842900000000082e+00 7.325505178663781738e+10 -6.213906863133621826e+11 -6.208753198133621826e+11
3.878076699999999821e+00 7.111682629685131836e+10 -6.207950195031486816e+11 -6.202235929031486816e+11
3.890310400000000168e+00 7.055131460564733887e+10 -6.201876602943526611e+11 -6.196645224943526611e+11
3.902544100000000071e+00 6.973820084323034668e+10 -6.196041536567696533e+11 -6.191072981567696533e+11
3.914777899999999811e+00 7.543602907783874512e+10 -6.189964202221612549e+11 -6.184254993221612549e+11
3.927011300000000205e+00 7.931937419932995605e+10 -6.183974907006700439e+11 -6.178512943006700439e+11
3.939245099999999944e+00 7.585908414369775391e+10 -6.178129217563022461e+11 -6.172535985563022461e+11
3.951478799999999847e+00 7.478313368854284668e+10 -6.172207492114571533e+11 -6.167145520114571533e+11
3.963712500000000194e+00 6.948234666946972656e+10 -6.166504655305302734e+11 -6.161125871305302734e+11
3.975946200000000097e+00 7.085037200362207031e+10 -6.160455756963779297e+11 -6.154523352963779297e+11
3.988179999999999836e+00 7.183660338121826172e+10 -6.154570180187817383e+11 -6.148860523187817383e+11
4.000413400000000230e+00 7.626027536967517090e+10 -6.148597934303248291e+11 -6.143688687303248291e+11
4.012647199999999970e+00 7.447303540157373047e+10 -6.142709775984262695e+11 -6.138105991984262695e+11
4.024880900000000317e+00 7.228440789230554199e+10 -6.136896261076944580e+11 -6.132046921076944580e+11
4.037114599999999776e+00 7.364535622416467285e+10 -6.130957874758353271e+11 -6.125506760758353271e+11
4.049348400000000403e+00 7.374423369269384766e+10 -6.125055522073061523e+11 -6.119878202073061523e+11
4.061581799999999909e+00 7.256371448085180664e+10 -6.119190677191481934e+11 -6.114615712191481934e+11
4.073815599999999648e+00 7.499233557251684570e+10 -6.113265494274831543e+11 -6.108429062274831543e+11
4.086049299999999995e+00 7.636744097074536133e+10 -6.107478978292546387e+11 -6.101838604292546387e+11
4.098283000000000342e+00 8.175708361088977051e+10 -6.101653436891102295e+11 -6.096783627891102295e+11
4.110516699999999801e+00 7.514134149484057617e+10 -6.096097587051594238e+11 -6.091717653051594238e+11
4.122750199999999587e+00 7.310192284627014160e+10 -6.090359522537298584e+11 -6.085798890537298584e+11
4.134983899999999934e+00 7.671903482688916016e+10 -6.084514031731108398e+11 -6.080488228731108398e+11
4.147217699999999674e+00 7.406483030272631836e+10 -6.078730633972736816e+11 -6.074179389972736816e+11
4.159451400000000021e+00 7.326743718763818359e+10 -6.072946271123618164e+11 -6.068056147123618164e+11
4.171685100000000368e+00 7.483020781463464355e+10 -6.067096963853653564e+11 -6.062608851853653564e+11
4.183918799999999827e+00 7.604861956786975098e+10 -6.061233554321302490e+11 -6.056838226321302490e+11
4.196152299999999613e+00 7.006220002113281250e+10 -6.055526277788671875e+11 -6.050450283788671875e+11
4.208385999999999960e+00 7.282091573573181152e+10 -6.049608925642681885e+11 -6.043848339642681885e+11
4.220619799999999699e+00 7.863166892279772949e+10 -6.043696888772022705e+11 -6.038765224772022705e+11
4.232853500000000047e+00 7.721608681172302246e+10 -6.037806337882769775e+11 -6.032141095882769775e+11
4.245087200000000394e+00 7.708739107866052246e+10 -6.031924127213394775e+11 -6.026892981213394775e+11
4.257320700000000180e+00 7.578937869959277344e+10 -6.026104526004072266e+11 -6.021356772004072266e+11
4.269554399999999639e+00 7.671311571816455078e+10 -6.020213078818354492e+11 -6.015443947818354492e+11
4.281788200000000266e+00 6.898416375399267578e+10 -6.014525087460073242e+11 -6.010045753460073242e+11
4.294021899999999725e+00 7.488781941658825684e+10 -6.008444632834117432e+11 -6.003797501834117432e+11
4.306255400000000400e+00 7.686493404325781250e+10 -6.002578025567421875e+11 -5.998273119567421875e+11
4.318489099999999858e+00 7.438914325893603516e+10 -5.996702737410639648e+11 -5.992374311410639648e+11
4.330722800000000206e+00 7.522130329682507324e+10 -5.990797268031749268e+11 -5.986906449031749268e+11
4.342956499999999664e+00 8.309205002098718262e+10 -5.984694416790128174e+11 -5.980091089790128174e+11
4.355190300000000292e+00 8.039632407222436523e+10 -5.978810478277756348e+11 -5.973563385277756348e+11
4.367423999999999751e+00 7.923408127141027832e+10 -5.972917053285897217e+11 -5.967854727285897217e+11
4.379657700000000098e+00 7.877590200530139160e+10 -5.967002386946986084e+11 -5.961740316946986084e+11
4.391891499999999837e+00 8.098841655715661621e+10 -5.961005044428433838e+11 -5.956108515428433838e+11
4.404125200000000184e+00 7.971884033979797363e+10 -5.955050830602020264e+11 -5.950347426602020264e+11
4.416358899999999643e+00 7.781740337924548340e+10 -5.949137980207545166e+11 -5.944235150207545166e+11
4.428592100000000364e+00 7.674956598731469727e+10 -5.943182417126853027e+11 -5.938559710126853027e+11
4.440825900000000104e+00 7.556677728905505371e+10 -5.937214383109449463e+11 -5.932824099109449463e+11
4.453059599999999563e+00 7.575413749802355957e+10 -5.931248456019764404e+11 -5.926607714019764404e+11
4.465293299999999910e+00 8.275589615867346191e+10 -5.925074313413265381e+11 -5.920073371413265381e+11
4.477527000000000257e+00 7.996695775344152832e+10 -5.919159828465584717e+11 -5.914437532465584717e+11
4.489760799999999996e+00 7.966916160827209473e+10 -5.913093491917279053e+11 -5.908521203917279053e+11
4.501994500000000343e+00 8.019842201973681641e+10 -5.907069611802631836e+11 -5.902590388802631836e+11
4.514228199999999802e+00 8.088029805349584961e+10 -5.901056589465041504e+11 -5.896376659465041504e+11
4.526462000000000430e+00 8.302768867959814453e+10 -5.894963156204018555e+11 -5.889776948204018555e+11
4.538695699999999889e+00 8.262155777017871094e+10 -5.888867163298212891e+11 -5.883989516298212891e+11
4.550929400000000236e+00 8.018273403573864746e+10 -5.882834773642613525e+11 -5.878094965642613525e+11
4.563162600000000069e+00 7.875220598428698730e+10 -5.876806494157130127e+11 -5.871563135157130127e+11
4.575396399999999808e+00 7.922324225772302246e+10 -5.870729557422769775e+11 -5.865908334422769775e+11
4.587630100000000155e+00 8.292362111208203125e+10 -5.864526207879179688e+11 -5.859639211879179688e+11
4.599863799999999614e+00 8.060085079217443848e+10 -5.858425375078255615e+11 -5.853244333078255615e+11
4.612097499999999961e+00 7.570439440103833008e+10 -5.852438194989616699e+11 -5.847710785989616699e+11
4.624331299999999700e+00 7.980336998269140625e+10 -5.846166538173085938e+11 -5.841710026173085938e+11
4.636565000000000047e+00 7.789528027716601562e+10 -5.840094289228339844e+11 -5.835503244228339844e+11
4.648798700000000395e+00 8.057248307527770996e+10 -5.833878078247222900e+11 -5.829227139247222900e+11
4.661032399999999853e+00 8.007052099268383789e+10 -5.827672200073161621e+11 -5.822893454073161621e+11
4.673266199999999593e+00 8.017601162852368164e+10 -5.821510963714763184e+11 -5.817085066714763184e+11
4.685499400000000314e+00 8.570003159278979492e+10 -5.815182785072102051e+11 -5.810428440072102051e+11
4.697733099999999773e+00 8.627590932316772461e+10 -5.808985929768322754e+11 -5.803751669768322754e+11
4.709966800000000120e+00 8.710893144231115723e+10 -5.802725862576888428e+11 -5.797871745576888428e+11
4.722200599999999859e+00 8.531010512011315918e+10 -5.796493128798868408e+11 -5.792018214798868408e+11
4.734434300000000206e+00 8.065502198331396484e+10 -5.790353618166860352e+11 -5.786244913166860352e+11
4.746667999999999665e+00 8.103871896044433594e+10 -5.784063940395556641e+11 -5.779798898395556641e+11
4.758901800000000293e+00 8.417014291111914062e+10 -5.777703553888808594e+11 -5.774124620888808594e+11
4.771135499999999752e+00 8.243777505377331543e+10 -5.771436554462266846e+11 -5.767258493462266846e+11
4.783369200000000099e+00 8.134902201229614258e+10 -5.765185432877038574e+11 -5.760835455877038574e+11
4.795602899999999558e+00 8.237266513150756836e+10 -5.758797296684924316e+11 -5.753615767684924316e+11
4.807836700000000185e+00 8.230789087453979492e+10 -5.752457873254602051e+11 -5.747612867254602051e+11
4.820069900000000018e+00 8.424904372572216797e+10 -5.746068787742778320e+11 -5.741573876742778320e+11
4.832303600000000365e+00 8.187510225827307129e+10 -5.739735577417269287e+11 -5.735483965417269287e+11
4.844537299999999824e+00 8.597736124842968750e+10 -5.733247641515703125e+11 -5.729022461515703125e+11
4.856771099999999564e+00 8.218114678423400879e+10 -5.726927670157659912e+11 -5.722665078157659912e+11
4.869004799999999911e+00 8.580724902941589355e+10 -5.720452531705841064e+11 -5.715799770705841064e+11
4.881238500000000258e+00 8.730142385396350098e+10 -5.713983144460364990e+11 -5.709512263460364990e+11
4.893472299999999997e+00 8.719182707962536621e+10 -5.707556720203746338e+11 -5.702880645203746338e+11
4.905706000000000344e+00 8.667900848964477539e+10 -5.701109792103552246e+11 -5.696512747103552246e+11
4.917939699999999803e+00 9.187811369519030762e+10 -5.694461789048096924e+11 -5.690202911048096924e+11
4.930173400000000150e+00 8.614983290665576172e+10 -5.688144180933442383e+11 -5.684070247933442383e+11
4.942407199999999889e+00 8.734250161192456055e+10 -5.681548639880754395e+11 -5.677787014880754395e+11
4.954640399999999723e+00 8.630262216737414551e+10 -5.675039934326258545e+11 -5.670748289326258545e+11
4.966874100000000070e+00 8.648565365727990723e+10 -5.668503537427200928e+11 -5.664569915427200928e+11
4.979107800000000417e+00 8.994812905688305664e+10 -5.661858471431169434e+11 -5.658089808431169434e+11
4.991341600000000156e+00 8.625862354555554199e+10 -5.655356792544444580e+11 -5.651200993544444580e+11
5.003575299999999615e+00 8.966670593870837402e+10 -5.648666557612916260e+11 -5.644680718612916260e+11
5.015808999999999962e+00 8.965402122683605957e+10 -5.642068379731639404e+11 -5.638159437731639404e+11
5.028042799999999701e+00 8.986083437519787598e+10 -5.635392963248021240e+11 -5.631739026248021240e+11
5.040276500000000048e+00 8.948381385530688477e+10 -5.628780437446931152e+11 -5.624584854446931152e+11
5.052510200000000395e+00 9.103167445222497559e+10 -5.622060052477750244e+11 -5.617669971477750244e+11
5.064743899999999854e+00 8.995851541070910645e+10 -5.615393641892908936e+11 -5.611042639892908936e+11
5.076977699999999594e+00 8.879613143427124023e+10 -5.608675525657287598e+11 -5.604207808657287598e+11
5.089210900000000315e+00 8.911365278663073730e+10 -5.601937261133692627e+11 -5.597733866133692627e+11
5.101444599999999774e+00 8.666128945568786621e+10 -5.595231625443121338e+11 -5.590845652443121338e+11
5.113678300000000121e+00 8.914080269431726074e+10 -5.588386205056827393e+11 -5.583753286056827393e+11
5.125912099999999860e+00 8.669794697206176758e+10 -5.581665726279382324e+11 -5.577465819279382324e+11
5.138145800000000207e+00 8.880972989836083984e+10 -5.574765807016391602e+11 -5.571138591016391602e+11
5.150379499999999666e+00 8.668330578674328613e+10 -5.568038465132567139e+11 -5.563929079132567139e+11
5.162613200000000013e+00 9.258906329775305176e+10 -5.561039092022469482e+11 -5.556588780022469482e+11
5.174846999999999753e+00 9.053865669529187012e+10 -5.554198541047081299e+11 -5.549867595047081299e+11
5.187080700000000100e+00 9.105310318906909180e+10 -5.547278144109309082e+11 -5.542597580109309082e+11
5.199314399999999559e+00 8.868781689947302246e+10 -5.540441364005269775e+11 -5.536131503005269775e+11
5.211547600000000280e+00 9.009068762909790039e+10 -5.533462381709020996e+11 -5.529365474709020996e+11
5.223781400000000019e+00 9.822693658679064941e+10 -5.526343717132093506e+11 -5.522415985132093506e+11
5.236015100000000366e+00 9.529801208640625000e+10 -5.519422023135937500e+11 -5.515433283135937500e+11
5.248248799999999825e+00 8.956041808409301758e+10 -5.512505756159069824e+11 -5.508524322159069824e+11
5.260482599999999564e+00 9.339979855317578125e+10 -5.505399097468242188e+11 -5.501163008468242188e+11
5.272716299999999912e+00 9.268333005588732910e+10 -5.498161156441126709e+11 -5.494400709441126709e+11
5.284950000000000259e+00 9.250086644428210449e+10 -5.490383898557178955e+11 -5.486384207557178955e+11
5.297183699999999718e+00 9.572271574708093262e+10 -5.482520124529190674e+11 -5.478880616529190674e+11
5.309417500000000345e+00 9.316066181152099609e+10 -5.475099360884790039e+11 -5.471219001884790039e+11
5.321651199999999804e+00 9.728749086004833984e+10 -5.467502646399516602e+11 -5.463446175399516602e+11
5.333884900000000151e+00 9.861682663143884277e+10 -5.459965553685611572e+11 -5.455605928685611572e+11
5.346118099999999984e+00 9.515143736113537598e+10 -5.452513504388646240e+11 -5.448144220388646240e+11
5.358351899999999723e+00 9.894674593059033203e+10 -5.444856041694096680e+11 -5.440996538694096680e+11
5.370585600000000071e+00 9.925242872631555176e+10 -5.437247654736844482e+11 -5.432186916736844482e+11
5.382819300000000418e+00 1.000404294029516602e+11 -5.429564067970483398e+11 -5.424025844970483398e+11
5.395053100000000157e+00 9.526149165717584229e+10 -5.422049151428241577e+11 -5.416288046428241577e+11
5.407286799999999616e+00 9.630313116999725342e+10 -5.414353408300027466e+11 -5.409405664300027466e+11
5.419520499999999963e+00 9.966257155201385498e+10 -5.406622217479861450e+11 -5.401876309479861450e+11
5.431754200000000310e+00 9.684800040228509521e+10 -5.399053246977149048e+11 -5.394223733977149048e+11
5.443988000000000049e+00 1.026921813713382568e+11 -5.391246768286617432e+11 -5.385756095286617432e+11
5.456221700000000396e+00 9.800750986107824707e+10 -5.383690212389217529e+11 -5.377899008389217529e+11
5.468455399999999855e+00 9.658706944863934326e+10 -5.375968048513606567e+11 -5.370302424513606567e+11
5.480688599999999688e+00 9.680274691636157227e+10 -5.368225553836384277e+11 -5.362861021836384277e+11
5.492922400000000316e+00 1.017305072141380005e+11 -5.360294897858619995e+11 -5.355073621858619995e+11
5.505156099999999775e+00 9.862931487948968506e+10 -5.352495247205103149e+11 -5.347198483205103149e+11
5.517389800000000122e+00 1.038202634847150879e+11 -5.344420725152849121e+11 -5.339593935152849121e+11
5.529623599999999861e+00 1.048164366685980835e+11 -5.336459497314019165e+11 -5.331814192314019165e+11
5.541857300000000208e+00 1.034640993969288940e+11 -5.328481315030711060e+11 -5.322374853030711060e+11
5.554090999999999667e+00 9.827791525696911621e+10 -5.320565675430308838e+11 -5.314490963430308838e+11
5.566324700000000014e+00 9.932151161834259033e+10 -5.312400685816574097e+11 -5.305811092816574097e+11
5.578558499999999754e+00 9.622479215201727295e+10 -5.304337660479827271e+11 -5.298080461479827271e+11
5.590792200000000101e+00 9.482017160395068359e+10 -5.296273262960493164e+11 -5.290392175960493164e+11
5.603025899999999559e+00 1.033161836058405151e+11 -5.287814772941594849e+11 -5.281986714941594849e+11
5.615259100000000281e+00 1.046783135987867432e+11 -5.279468738012132568e+11 -5.272950076012132568e+11
5.627492900000000020e+00 9.828346898905096436e+10 -5.271317256109490356e+11 -5.265554138109490356e+11
5.639726600000000367e+00 1.031325325411970825e+11 -5.262698339588029175e+11 -5.257122926588029175e+11
5.651960299999999826e+00 1.013389679589462891e+11 -5.254384117410537109e+11 -5.248308843410537109e+11
5.664194000000000173e+00 9.841621256720751953e+10 -5.245908722327924805e+11 -5.238717359327924805e+11
5.676427799999999912e+00 9.484445018428021240e+10 -5.237447136157197876e+11 -5.231315807157197876e+11
5.688661500000000260e+00 9.749476517868206787e+10 -5.228814139213179321e+11 -5.221232397213179321e+11
5.700895199999999718e+00 1.045951413532810059e+11 -5.219833716467189941e+11 -5.212941304467189941e+11
5.713129000000000346e+00 1.041138026095505981e+11 -5.210937270904494019e+11 -5.203394194904494019e+11
5.725362699999999805e+00 1.039564931952546387e+11 -5.201741780047453613e+11 -5.194742765047453613e+11
5.737596400000000152e+00 1.004462270051193237e+11 -5.192438505948806763e+11 -5.184586448948806763e+11
5.749829599999999985e+00 1.016746182436819458e+11 -5.182870106563180542e+11 -5.174793738563180542e+11
5.762063399999999724e+00 1.027751971518676758e+11 -5.172799983481323242e+11 -5.165198719481323242e+11
5.774297100000000071e+00 1.043609247899003296e+11 -5.162022819100996704e+11 -5.152978476100996704e+11
5.786530800000000418e+00 1.039723351978928223e+11 -5.151072150021071777e+11 -5.141916368021071777e+11
5.798764499999999877e+00 1.020731457999152832e+11 -5.139336361000847168e+11 -5.129878794000847168e+11
5.810998299999999617e+00 9.537013079149188232e+10 -5.124604610085081177e+11 -5.111059987085081177e+11
