2.100000000000000130e-02 2.292743833100000000e+14 1.155112227400000000e+13 3.226864007500000000e+13
2.249999999999999917e-02 2.184227333100000000e+14 5.340582874000000000e+12 1.037609807500000000e+13
2.400000000000000050e-02 1.990492133100000000e+14 3.379939574000000000e+12 6.063709875000000000e+12
2.549999999999999836e-02 1.904693633100000000e+14 2.433453874000000000e+12 3.175704475000000000e+12
2.699999999999999969e-02 1.842525833100000000e+14 1.746405374000000000e+12 2.670364475000000000e+12
2.850000000000000103e-02 1.735726533100000000e+14 1.385019574000000000e+12 2.025738875000000000e+12
2.999999999999999889e-02 1.617593333100000000e+14 1.245943274000000000e+12 1.773874075000000000e+12
3.150000000000000022e-02 1.494259233100000000e+14 1.146825574000000000e+12 1.701523775000000000e+12
3.300000000000000155e-02 1.375076633100000000e+14 1.061428174000000000e+12 1.565288375000000000e+12
3.450000000000000289e-02 1.270659633100000000e+14 9.920758740000000000e+11 1.457500975000000000e+12
3.599999999999999728e-02 1.144870633100000000e+14 9.130190540000000000e+11 1.295782475000000000e+12
3.749999999999999861e-02 1.040219833100000000e+14 8.467530140000000000e+11 1.039640975000000000e+12
3.899999999999999994e-02 9.222777531000000000e+13 7.781903040000000000e+11 9.969601750000000000e+11
4.050000000000000128e-02 8.168710031000000000e+13 7.146557640000000000e+11 9.288468650000000000e+11
4.200000000000000261e-02 7.359234131000000000e+13 6.639720840000000000e+11 8.389505750000000000e+11
4.349999999999999700e-02 6.442364331000000000e+13 6.061272140000000000e+11 7.575025350000000000e+11
4.499999999999999833e-02 5.745696531000000000e+13 5.616684740000000000e+11 6.729522550000000000e+11
4.649999999999999967e-02 4.873612031000000000e+13 5.003487040000000000e+11 6.487693750000000000e+11
4.800000000000000100e-02 4.206540131000000000e+13 4.550148840000000000e+11 5.485890650000000000e+11
4.950000000000000233e-02 3.680273031000000000e+13 4.161016640000000000e+11 5.014125750000000000e+11
5.099999999999999672e-02 3.235495231000000000e+13 3.832854040000000000e+11 4.240948350000000000e+11
5.249999999999999806e-02 2.677621131000000000e+13 3.408408940000000000e+11 4.104402050000000000e+11
5.399999999999999939e-02 2.264846931000000000e+13 3.073987740000000000e+11 3.871412650000000000e+11
5.550000000000000072e-02 1.829599631000000000e+13 2.681145740000000000e+11 3.479658150000000000e+11
5.700000000000000205e-02 1.487478131000000000e+13 2.356232840000000000e+11 2.887890650000000000e+11
5.850000000000000339e-02 1.213260631000000000e+13 2.087406740000000000e+11 2.573995750000000000e+11
5.999999999999999778e-02 9.493578310000000000e+12 1.809924640000000000e+11 2.215272150000000000e+11
6.149999999999999911e-02 7.398627910000000000e+12 1.570750540000000000e+11 2.017834350000000000e+11
6.300000000000000044e-02 5.749777310000000000e+12 1.362926440000000000e+11 1.656183250000000000e+11
6.450000000000000178e-02 4.296210110000000000e+12 1.146238840000000000e+11 1.421740450000000000e+11
6.600000000000000311e-02 3.263906710000000000e+12 9.915125400000000000e+10 1.243542650000000000e+11
6.750000000000000444e-02 2.606896910000000000e+12 8.938221400000000000e+10 1.079473850000000000e+11
6.900000000000000577e-02 2.114680910000000000e+12 8.001814400000000000e+10 1.042329950000000000e+11
7.049999999999999323e-02 1.704898810000000000e+12 7.176495800000000000e+10 8.629040500000000000e+10
7.199999999999999456e-02 1.436801910000000000e+12 6.612809200000000000e+10 7.624804300000000000e+10
7.349999999999999589e-02 1.526038510000000000e+12 6.801623300000000000e+10 8.132066500000000000e+10
7.499999999999999722e-02 1.589741710000000000e+12 6.720849700000000000e+10 8.346977500000000000e+10
7.649999999999999856e-02 1.784699310000000000e+12 6.955683700000000000e+10 8.253986500000000000e+10
7.799999999999999989e-02 1.916964210000000000e+12 7.027224600000000000e+10 8.361569500000000000e+10
7.950000000000000122e-02 2.226794210000000000e+12 7.364672300000000000e+10 8.970615500000000000e+10
8.100000000000000255e-02 2.641256810000000000e+12 7.852174400000000000e+10 9.939724500000000000e+10
8.250000000000000389e-02 2.926118210000000000e+12 8.073516400000000000e+10 1.003324350000000000e+11
8.400000000000000522e-02 3.124143210000000000e+12 8.220574400000000000e+10 1.039063650000000000e+11
8.550000000000000655e-02 3.273047110000000000e+12 8.381444400000000000e+10 1.020020050000000000e+11
8.699999999999999400e-02 3.437046910000000000e+12 8.507264400000000000e+10 1.031344150000000000e+11
8.849999999999999534e-02 3.490078610000000000e+12 8.355718400000000000e+10 1.008450450000000000e+11
8.999999999999999667e-02 3.436441710000000000e+12 8.260241400000000000e+10 9.984675500000000000e+10
9.149999999999999800e-02 3.413024410000000000e+12 8.067797400000000000e+10 1.004488350000000000e+11
9.299999999999999933e-02 3.844183310000000000e+12 8.649909400000000000e+10 1.071008550000000000e+11
9.450000000000000067e-02 3.682398510000000000e+12 8.302795400000000000e+10 1.022399750000000000e+11
9.600000000000000200e-02 3.463364310000000000e+12 7.936497400000000000e+10 1.021855250000000000e+11
9.750000000000000333e-02 3.380326410000000000e+12 7.819260400000000000e+10 9.780766500000000000e+10
9.900000000000000466e-02 3.188701810000000000e+12 7.482496400000000000e+10 9.128817500000000000e+10
1.005000000000000060e-01 2.879857710000000000e+12 7.132374500000000000e+10 8.708873500000000000e+10
1.019999999999999934e-01 2.566013510000000000e+12 6.875517800000000000e+10 8.873923500000000000e+10
1.034999999999999948e-01 2.514759810000000000e+12 6.838882000000000000e+10 8.667581500000000000e+10
1.049999999999999961e-01 2.028249910000000000e+12 6.204861800000000000e+10 7.955647500000000000e+10
1.064999999999999974e-01 1.681405010000000000e+12 5.773350200000000000e+10 6.903653400000000000e+10
1.079999999999999988e-01 1.476261310000000000e+12 5.355895500000000000e+10 6.037973000000000000e+10
1.095000000000000001e-01 1.406751710000000000e+12 5.363457300000000000e+10 6.386842400000000000e+10
1.110000000000000014e-01 1.135752010000000000e+12 4.928282400000000000e+10 5.989368300000000000e+10
1.125000000000000028e-01 1.062347510000000000e+12 4.918175400000000000e+10 5.943624800000000000e+10
1.140000000000000041e-01 7.906613100000000000e+11 4.448658400000000000e+10 5.471234200000000000e+10
1.155000000000000054e-01 6.789020100000000000e+11 4.332242700000000000e+10 5.163505500000000000e+10
1.170000000000000068e-01 5.724898100000000000e+11 4.143782000000000000e+10 4.331380500000000000e+10
1.184999999999999942e-01 4.771743100000000000e+11 3.986147500000000000e+10 4.384824200000000000e+10
1.199999999999999956e-01 4.737270100000000000e+11 4.003951900000000000e+10 4.575063800000000000e+10
1.214999999999999969e-01 4.392597100000000000e+11 3.933139000000000000e+10 4.515390000000000000e+10
1.229999999999999982e-01 5.444863100000000000e+11 4.031187900000000000e+10 4.526875100000000000e+10
1.244999999999999996e-01 5.419126100000000000e+11 3.993608100000000000e+10 4.456119800000000000e+10
1.260000000000000009e-01 4.509086100000000000e+11 3.809994200000000000e+10 4.184651200000000000e+10
1.275000000000000022e-01 5.825001100000000000e+11 3.849286700000000000e+10 4.132134400000000000e+10
1.290000000000000036e-01 5.938091100000000000e+11 3.778695900000000000e+10 4.157825600000000000e+10
1.305000000000000049e-01 6.715805100000000000e+11 3.871673500000000000e+10 4.270646300000000000e+10
1.320000000000000062e-01 7.988918100000000000e+11 3.929010500000000000e+10 4.629683200000000000e+10
1.335000000000000075e-01 8.502846100000000000e+11 3.900675800000000000e+10 4.483196400000000000e+10
1.350000000000000089e-01 8.410799100000000000e+11 3.823940900000000000e+10 4.452569600000000000e+10
1.365000000000000102e-01 9.797013100000000000e+11 4.010687300000000000e+10 4.834437500000000000e+10
1.380000000000000115e-01 9.971575100000000000e+11 3.943201400000000000e+10 4.746525100000000000e+10
1.395000000000000129e-01 1.113558710000000000e+12 4.007533800000000000e+10 4.751675000000000000e+10
1.409999999999999865e-01 1.127794510000000000e+12 3.951447600000000000e+10 4.903978600000000000e+10
1.424999999999999878e-01 1.082452910000000000e+12 3.868460700000000000e+10 4.741660100000000000e+10
1.439999999999999891e-01 1.081582710000000000e+12 3.799335000000000000e+10 4.532160600000000000e+10
1.454999999999999905e-01 1.044677010000000000e+12 3.742759800000000000e+10 4.475211300000000000e+10
1.469999999999999918e-01 9.673652100000000000e+11 3.582202000000000000e+10 4.168963000000000000e+10
1.484999999999999931e-01 8.898751100000000000e+11 3.502143500000000000e+10 4.161787300000000000e+10
1.499999999999999944e-01 7.917436100000000000e+11 3.311670500000000000e+10 3.799858100000000000e+10
1.514999999999999958e-01 6.950928100000000000e+11 3.156909700000000000e+10 3.724769200000000000e+10
1.529999999999999971e-01 6.152994100000000000e+11 3.067761700000000000e+10 3.601302200000000000e+10
1.544999999999999984e-01 5.950570100000000000e+11 3.023342000000000000e+10 3.543098600000000000e+10
1.559999999999999998e-01 4.372367100000000000e+11 2.781853500000000000e+10 2.965114900000000000e+10
1.575000000000000011e-01 3.679595100000000000e+11 2.654655300000000000e+10 2.683096100000000000e+10
1.590000000000000024e-01 3.776178100000000000e+11 2.663415400000000000e+10 2.818057200000000000e+10
1.605000000000000038e-01 3.302997100000000000e+11 2.629416900000000000e+10 2.833203300000000000e+10
1.620000000000000051e-01 2.988216100000000000e+11 2.543940700000000000e+10 2.742242000000000000e+10
1.635000000000000064e-01 3.599699100000000000e+11 2.613388500000000000e+10 2.954961600000000000e+10
1.650000000000000078e-01 2.558498100000000000e+11 2.428161500000000000e+10 2.618989800000000000e+10
1.665000000000000091e-01 1.802429700000000000e+11 2.305675200000000000e+10 2.262239500000000000e+10
1.680000000000000104e-01 2.680577100000000000e+11 2.409246400000000000e+10 2.481691100000000000e+10
1.695000000000000118e-01 3.278413100000000000e+11 2.398014500000000000e+10 2.539844100000000000e+10
1.710000000000000131e-01 3.396990100000000000e+11 2.437071300000000000e+10 2.751336600000000000e+10
1.724999999999999867e-01 2.920445100000000000e+11 2.337860300000000000e+10 2.568497700000000000e+10
1.739999999999999880e-01 3.422853100000000000e+11 2.393690500000000000e+10 2.623770500000000000e+10
1.754999999999999893e-01 3.535962100000000000e+11 2.363504000000000000e+10 2.636861400000000000e+10
1.769999999999999907e-01 3.797544100000000000e+11 2.369334400000000000e+10 2.743768700000000000e+10
1.784999999999999920e-01 4.303268100000000000e+11 2.404705300000000000e+10 2.655010600000000000e+10
1.799999999999999933e-01 4.141756100000000000e+11 2.322471700000000000e+10 2.543928500000000000e+10
1.814999999999999947e-01 4.715554100000000000e+11 2.340661600000000000e+10 2.570638300000000000e+10
1.829999999999999960e-01 4.820639100000000000e+11 2.368785600000000000e+10 2.755433500000000000e+10
1.844999999999999973e-01 4.721768100000000000e+11 2.336467600000000000e+10 2.667369500000000000e+10
1.859999999999999987e-01 5.166404100000000000e+11 2.348021600000000000e+10 2.629642800000000000e+10
1.875000000000000000e-01 4.748057100000000000e+11 2.271950900000000000e+10 2.659697000000000000e+10
1.890000000000000013e-01 4.859879100000000000e+11 2.305730000000000000e+10 2.772212000000000000e+10
1.905000000000000027e-01 5.380747100000000000e+11 2.338654500000000000e+10 2.727714200000000000e+10
1.920000000000000040e-01 5.185145100000000000e+11 2.232848900000000000e+10 2.424672300000000000e+10
1.935000000000000053e-01 4.736986100000000000e+11 2.199372200000000000e+10 2.487974000000000000e+10
1.950000000000000067e-01 4.484495100000000000e+11 2.154839400000000000e+10 2.454919300000000000e+10
1.965000000000000080e-01 4.068661100000000000e+11 2.102550400000000000e+10 2.437776200000000000e+10
1.980000000000000093e-01 3.351896100000000000e+11 2.012832300000000000e+10 2.220303800000000000e+10
1.995000000000000107e-01 3.382905100000000000e+11 2.039863100000000000e+10 2.287014500000000000e+10
2.010000000000000120e-01 3.978227100000000000e+11 2.120506600000000000e+10 2.352483000000000000e+10
2.025000000000000133e-01 2.959668100000000000e+11 2.036729700000000000e+10 2.198302200000000000e+10
2.039999999999999869e-01 2.243391100000000000e+11 2.002812400000000000e+10 2.095929900000000000e+10
2.054999999999999882e-01 1.977602100000000000e+11 1.969562000000000000e+10 2.136903000000000000e+10
2.069999999999999896e-01 2.379250100000000000e+11 2.024238000000000000e+10 2.200146800000000000e+10
2.084999999999999909e-01 2.278908100000000000e+11 2.001811100000000000e+10 2.087568000000000000e+10
2.099999999999999922e-01 1.714340400000000000e+11 1.947986100000000000e+10 1.892947900000000000e+10
2.114999999999999936e-01 1.877776100000000000e+11 1.984352600000000000e+10 1.995547700000000000e+10
2.129999999999999949e-01 1.986530100000000000e+11 1.970938700000000000e+10 2.015674900000000000e+10
2.144999999999999962e-01 2.132401100000000000e+11 1.974500500000000000e+10 1.957978400000000000e+10
2.159999999999999976e-01 2.131155100000000000e+11 1.966984300000000000e+10 2.000394300000000000e+10
2.174999999999999989e-01 2.139388100000000000e+11 1.976368900000000000e+10 2.015545800000000000e+10
2.190000000000000002e-01 2.163362100000000000e+11 1.993827900000000000e+10 2.076812100000000000e+10
2.205000000000000016e-01 2.639122100000000000e+11 2.038327100000000000e+10 2.175471100000000000e+10
2.220000000000000029e-01 2.469038100000000000e+11 1.979502900000000000e+10 2.044207600000000000e+10
2.235000000000000042e-01 2.826049100000000000e+11 1.986865100000000000e+10 2.057099800000000000e+10
2.250000000000000056e-01 2.850517100000000000e+11 2.017025600000000000e+10 2.143735900000000000e+10
2.265000000000000069e-01 2.403684100000000000e+11 1.925786400000000000e+10 2.025732500000000000e+10
2.280000000000000082e-01 2.006272100000000000e+11 1.791089800000000000e+10 1.717934600000000000e+10
2.295000000000000095e-01 2.952143100000000000e+11 1.887759800000000000e+10 1.888411000000000000e+10
2.310000000000000109e-01 2.912606100000000000e+11 1.848434800000000000e+10 1.944502000000000000e+10
2.325000000000000122e-01 2.847140100000000000e+11 1.804567100000000000e+10 1.960067200000000000e+10
2.340000000000000135e-01 2.927557100000000000e+11 1.812353200000000000e+10 1.933406100000000000e+10
2.354999999999999871e-01 1.624787900000000000e+11 1.644426400000000000e+10 1.745001600000000000e+10
2.369999999999999885e-01 2.280888100000000000e+11 1.686338400000000000e+10 1.777305700000000000e+10
2.384999999999999898e-01 2.578284100000000000e+11 1.677662600000000000e+10 1.727931400000000000e+10
2.399999999999999911e-01 2.668883100000000000e+11 1.686838900000000000e+10 1.797899300000000000e+10
2.414999999999999925e-01 2.438467100000000000e+11 1.649231700000000000e+10 1.786554700000000000e+10
2.429999999999999938e-01 1.964721100000000000e+11 1.561801700000000000e+10 1.634896800000000000e+10
2.444999999999999951e-01 2.056597100000000000e+11 1.584492900000000000e+10 1.663374000000000000e+10
2.459999999999999964e-01 1.740755600000000000e+11 1.505017400000000000e+10 1.512807000000000000e+10
2.474999999999999978e-01 1.840385100000000000e+11 1.544356500000000000e+10 1.700792700000000000e+10
2.489999999999999991e-01 1.707440000000000000e+11 1.509824800000000000e+10 1.575917400000000000e+10
2.505000000000000004e-01 1.161355000000000000e+11 1.408463900000000000e+10 1.355199700000000000e+10
2.520000000000000018e-01 1.049173100000000000e+11 1.404705400000000000e+10 1.335643100000000000e+10
2.535000000000000031e-01 1.028157100000000000e+11 1.379395500000000000e+10 1.275705600000000000e+10
2.550000000000000044e-01 1.818612700000000000e+11 1.436320200000000000e+10 1.451293400000000000e+10
2.565000000000000058e-01 1.259207100000000000e+11 1.376148200000000000e+10 1.381583500000000000e+10
2.580000000000000071e-01 1.157387500000000000e+11 1.369666100000000000e+10 1.384278900000000000e+10
2.595000000000000084e-01 9.836011000000000000e+10 1.325112400000000000e+10 1.351870400000000000e+10
2.610000000000000098e-01 1.331605300000000000e+11 1.329498900000000000e+10 1.366743000000000000e+10
2.625000000000000111e-01 2.083834100000000000e+11 1.393299200000000000e+10 1.440198100000000000e+10
2.640000000000000124e-01 1.739120400000000000e+11 1.333386000000000000e+10 1.298771500000000000e+10
2.655000000000000138e-01 2.531429100000000000e+11 1.422639200000000000e+10 1.596861700000000000e+10
2.670000000000000151e-01 2.475226100000000000e+11 1.374007900000000000e+10 1.500980300000000000e+10
2.685000000000000164e-01 2.199128100000000000e+11 1.345491400000000000e+10 1.489158600000000000e+10
2.700000000000000178e-01 2.110733100000000000e+11 1.300144200000000000e+10 1.328197500000000000e+10
2.715000000000000191e-01 1.866588100000000000e+11 1.287268600000000000e+10 1.352856500000000000e+10
2.730000000000000204e-01 1.568041700000000000e+11 1.251873800000000000e+10 1.270476900000000000e+10
2.745000000000000218e-01 2.113840100000000000e+11 1.312692700000000000e+10 1.451984700000000000e+10
2.760000000000000231e-01 2.622787100000000000e+11 1.321755100000000000e+10 1.494460800000000000e+10
2.775000000000000244e-01 2.252884100000000000e+11 1.244698400000000000e+10 1.266036900000000000e+10
2.790000000000000258e-01 2.138324100000000000e+11 1.235736500000000000e+10 1.294532800000000000e+10
2.805000000000000271e-01 2.175576100000000000e+11 1.232403000000000000e+10 1.326176700000000000e+10
2.819999999999999729e-01 1.993497100000000000e+11 1.207441000000000000e+10 1.284881400000000000e+10
2.834999999999999742e-01 1.514271900000000000e+11 1.170957300000000000e+10 1.296462000000000000e+10
2.849999999999999756e-01 2.078956100000000000e+11 1.208531700000000000e+10 1.323169700000000000e+10
2.864999999999999769e-01 1.387699500000000000e+11 1.113928500000000000e+10 1.143035700000000000e+10
2.879999999999999782e-01 1.784807000000000000e+11 1.158473400000000000e+10 1.181360800000000000e+10
2.894999999999999796e-01 1.359428600000000000e+11 1.113922000000000000e+10 1.160602100000000000e+10
2.909999999999999809e-01 1.071048200000000000e+11 1.074423500000000000e+10 1.067468300000000000e+10
2.924999999999999822e-01 1.090064600000000000e+11 1.066098700000000000e+10 1.043510200000000000e+10
2.939999999999999836e-01 1.606401900000000000e+11 1.100775400000000000e+10 1.108328700000000000e+10
2.954999999999999849e-01 1.632924600000000000e+11 1.060886900000000000e+10 1.094579100000000000e+10
2.969999999999999862e-01 1.649078600000000000e+11 1.076802600000000000e+10 1.139104800000000000e+10
2.984999999999999876e-01 1.610812500000000000e+11 1.067298700000000000e+10 1.116405700000000000e+10
2.999999999999999889e-01 1.490838500000000000e+11 1.049931000000000000e+10 1.081677800000000000e+10
3.014999999999999902e-01 1.035556800000000000e+11 1.002074600000000000e+10 9.801923000000000000e+09
3.029999999999999916e-01 1.261727600000000000e+11 1.002332100000000000e+10 9.907713000000000000e+09
3.044999999999999929e-01 1.324374800000000000e+11 9.823190000000000000e+09 9.759858000000000000e+09
3.059999999999999942e-01 1.187942900000000000e+11 9.610257000000000000e+09 9.560349000000000000e+09
3.074999999999999956e-01 1.608898900000000000e+11 1.016042700000000000e+10 1.098676200000000000e+10
3.089999999999999969e-01 1.632786200000000000e+11 9.796833000000000000e+09 9.468707000000000000e+09
3.104999999999999982e-01 1.552396900000000000e+11 9.611387000000000000e+09 9.440745000000000000e+09
3.119999999999999996e-01 1.793054900000000000e+11 9.730225000000000000e+09 1.008597700000000000e+10
3.135000000000000009e-01 2.070551100000000000e+11 9.946417000000000000e+09 1.099304200000000000e+10
3.150000000000000022e-01 2.037801100000000000e+11 9.916022000000000000e+09 1.104372100000000000e+10
3.165000000000000036e-01 1.250364000000000000e+11 9.181086000000000000e+09 9.639949000000000000e+09
3.180000000000000049e-01 1.192650200000000000e+11 9.087735000000000000e+09 9.342662000000000000e+09
3.195000000000000062e-01 1.385614000000000000e+11 9.157813000000000000e+09 9.687584000000000000e+09
3.210000000000000075e-01 1.145485900000000000e+11 8.738141000000000000e+09 9.170276000000000000e+09
3.225000000000000089e-01 1.315982200000000000e+11 8.816568000000000000e+09 8.821000000000000000e+09
3.240000000000000102e-01 1.167419800000000000e+11 8.378845000000000000e+09 7.974297000000000000e+09
3.255000000000000115e-01 1.706755400000000000e+11 9.145377000000000000e+09 1.000669400000000000e+10
3.270000000000000129e-01 1.627118500000000000e+11 8.927394000000000000e+09 9.837901000000000000e+09
3.285000000000000142e-01 1.275210000000000000e+11 8.483776000000000000e+09 9.205867000000000000e+09
3.300000000000000155e-01 1.294306000000000000e+11 8.435638000000000000e+09 9.393966000000000000e+09
3.315000000000000169e-01 1.311163600000000000e+11 8.155334000000000000e+09 8.328460000000000000e+09
3.330000000000000182e-01 1.420636900000000000e+11 8.347825000000000000e+09 8.722272000000000000e+09
3.345000000000000195e-01 9.413141000000000000e+10 7.813049000000000000e+09 7.771301000000000000e+09
3.360000000000000209e-01 1.083756600000000000e+11 8.090459000000000000e+09 8.889320000000000000e+09
3.375000000000000222e-01 1.286087000000000000e+11 8.063330000000000000e+09 8.817348000000000000e+09
3.390000000000000235e-01 1.084270300000000000e+11 7.832905000000000000e+09 8.498246000000000000e+09
3.405000000000000249e-01 1.732523000000000000e+11 8.143438000000000000e+09 8.263195000000000000e+09
3.420000000000000262e-01 1.201639700000000000e+11 7.684765000000000000e+09 7.950300000000000000e+09
3.435000000000000275e-01 9.684907000000000000e+10 7.469071000000000000e+09 7.960389000000000000e+09
3.449999999999999734e-01 1.130772500000000000e+11 7.606398000000000000e+09 7.999125000000000000e+09
3.464999999999999747e-01 8.771701000000000000e+10 7.125964000000000000e+09 6.830616000000000000e+09
3.479999999999999760e-01 1.042355000000000000e+11 7.234011000000000000e+09 7.669371000000000000e+09
3.494999999999999774e-01 1.259375300000000000e+11 7.428396000000000000e+09 7.888387000000000000e+09
3.509999999999999787e-01 1.031242000000000000e+11 7.217823000000000000e+09 7.657007000000000000e+09
3.524999999999999800e-01 1.107399800000000000e+11 7.037569000000000000e+09 6.922405000000000000e+09
3.539999999999999813e-01 1.334220800000000000e+11 7.061055000000000000e+09 7.380809000000000000e+09
3.554999999999999827e-01 1.448675400000000000e+11 7.302026000000000000e+09 7.898239000000000000e+09
3.569999999999999840e-01 9.302680000000000000e+10 6.687195000000000000e+09 7.117027000000000000e+09
3.584999999999999853e-01 1.024776600000000000e+11 6.584664000000000000e+09 6.328830000000000000e+09
3.599999999999999867e-01 1.535950700000000000e+11 7.051663000000000000e+09 7.251119000000000000e+09
3.614999999999999880e-01 1.607015000000000000e+11 7.026680000000000000e+09 7.810610000000000000e+09
3.629999999999999893e-01 1.227775300000000000e+11 6.509284000000000000e+09 6.702211000000000000e+09
3.644999999999999907e-01 1.286243500000000000e+11 6.596546000000000000e+09 6.868634000000000000e+09
3.659999999999999920e-01 1.339052000000000000e+11 6.711724000000000000e+09 7.371435000000000000e+09
3.674999999999999933e-01 9.384192000000000000e+10 6.183660000000000000e+09 6.410916000000000000e+09
3.689999999999999947e-01 1.180686100000000000e+11 6.382216000000000000e+09 7.060193000000000000e+09
3.704999999999999960e-01 1.795558200000000000e+11 6.751528000000000000e+09 7.779338000000000000e+09
3.719999999999999973e-01 1.284914000000000000e+11 6.124426000000000000e+09 6.565079000000000000e+09
3.734999999999999987e-01 1.146918400000000000e+11 6.110038000000000000e+09 6.403712000000000000e+09
3.750000000000000000e-01 1.246953600000000000e+11 6.116899000000000000e+09 7.052548000000000000e+09
3.765000000000000013e-01 1.207799400000000000e+11 6.070556000000000000e+09 6.660607000000000000e+09
3.780000000000000027e-01 1.027420100000000000e+11 5.814967000000000000e+09 6.180599000000000000e+09
3.795000000000000040e-01 1.072641700000000000e+11 5.635131000000000000e+09 5.488348000000000000e+09
3.810000000000000053e-01 1.089961500000000000e+11 5.770517000000000000e+09 6.398444000000000000e+09
3.825000000000000067e-01 1.229516300000000000e+11 5.775205000000000000e+09 6.283730000000000000e+09
3.840000000000000080e-01 9.280577000000000000e+10 5.521518000000000000e+09 5.922060000000000000e+09
3.855000000000000093e-01 9.557299000000000000e+10 5.470393000000000000e+09 6.348367000000000000e+09
3.870000000000000107e-01 9.932418000000000000e+10 5.481347000000000000e+09 6.478163000000000000e+09
3.885000000000000120e-01 5.366912000000000000e+10 5.061170000000000000e+09 5.189719000000000000e+09
3.900000000000000133e-01 5.319315000000000000e+10 5.023174000000000000e+09 5.338577000000000000e+09
3.915000000000000147e-01 9.877260000000000000e+10 5.110198000000000000e+09 5.334191000000000000e+09
3.930000000000000160e-01 1.424397400000000000e+11 5.343395000000000000e+09 5.525054000000000000e+09
3.945000000000000173e-01 9.138147000000000000e+10 5.060737000000000000e+09 5.757019000000000000e+09
3.960000000000000187e-01 7.704488000000000000e+10 4.962920000000000000e+09 5.614432000000000000e+09
3.975000000000000200e-01 8.372526000000000000e+10 5.004191000000000000e+09 6.011622000000000000e+09
3.990000000000000213e-01 1.077120200000000000e+11 5.026068000000000000e+09 5.764248000000000000e+09
4.005000000000000226e-01 1.331936300000000000e+11 4.954744000000000000e+09 5.342011000000000000e+09
4.020000000000000240e-01 1.806137700000000000e+11 5.263759000000000000e+09 5.917097000000000000e+09
4.035000000000000253e-01 1.316596200000000000e+11 5.023307000000000000e+09 5.826097000000000000e+09
4.050000000000000266e-01 5.510880000000000000e+10 4.304687000000000000e+09 4.362328000000000000e+09
4.064999999999999725e-01 1.087286400000000000e+11 4.638355000000000000e+09 4.625576000000000000e+09
4.079999999999999738e-01 1.041555500000000000e+11 4.605368000000000000e+09 5.308616000000000000e+09
4.094999999999999751e-01 1.016152400000000000e+11 4.592218000000000000e+09 5.408573000000000000e+09
4.109999999999999765e-01 9.628465000000000000e+10 4.240982000000000000e+09 4.167377000000000000e+09
4.124999999999999778e-01 9.638639000000000000e+10 4.357209000000000000e+09 4.668519000000000000e+09
4.139999999999999791e-01 8.477778000000000000e+10 4.255899000000000000e+09 4.732807000000000000e+09
4.154999999999999805e-01 7.655037000000000000e+10 4.248418000000000000e+09 5.148945000000000000e+09
4.169999999999999818e-01 8.327524000000000000e+10 4.060672000000000000e+09 4.298801000000000000e+09
4.184999999999999831e-01 6.661513000000000000e+10 3.988974000000000000e+09 4.614737000000000000e+09
4.199999999999999845e-01 1.026031800000000000e+11 4.050076000000000000e+09 4.101086000000000000e+09
4.214999999999999858e-01 8.701973000000000000e+10 3.958333000000000000e+09 4.036160000000000000e+09
4.229999999999999871e-01 1.058494500000000000e+11 4.079457000000000000e+09 4.582937000000000000e+09
4.244999999999999885e-01 1.558222900000000000e+11 4.381260000000000000e+09 5.468234000000000000e+09
4.259999999999999898e-01 1.286611600000000000e+11 4.147091000000000000e+09 4.666199000000000000e+09
4.274999999999999911e-01 1.010629400000000000e+11 4.128390000000000000e+09 4.325794000000000000e+09
4.289999999999999925e-01 9.753821000000000000e+10 4.320359000000000000e+09 4.585537000000000000e+09
4.304999999999999938e-01 1.163720000000000000e+11 4.517423000000000000e+09 4.998714000000000000e+09
4.319999999999999951e-01 1.378101300000000000e+11 4.809382000000000000e+09 5.158286000000000000e+09
4.334999999999999964e-01 8.058906000000000000e+10 4.461979000000000000e+09 5.057247000000000000e+09
4.349999999999999978e-01 9.344761000000000000e+10 4.662231000000000000e+09 5.212625000000000000e+09
4.364999999999999991e-01 3.981747000000000000e+10 4.189701000000000000e+09 4.484464000000000000e+09
4.380000000000000004e-01 5.807200000000000000e+10 4.420162000000000000e+09 4.718252000000000000e+09
4.395000000000000018e-01 3.349151000000000000e+10 4.201328000000000000e+09 4.100945000000000000e+09
4.410000000000000031e-01 8.685224000000000000e+10 4.596731000000000000e+09 5.024610000000000000e+09
4.425000000000000044e-01 1.110585900000000000e+11 4.673157000000000000e+09 4.611634000000000000e+09
4.440000000000000058e-01 8.069007000000000000e+10 4.496461000000000000e+09 4.433028000000000000e+09
4.455000000000000071e-01 1.028441100000000000e+11 4.689862000000000000e+09 4.763858000000000000e+09
4.470000000000000084e-01 1.063690200000000000e+11 4.686988000000000000e+09 4.992245000000000000e+09
4.485000000000000098e-01 2.935280000000000000e+10 4.197753000000000000e+09 3.664348000000000000e+09
4.500000000000000111e-01 4.823570000000000000e+10 4.304922000000000000e+09 4.223251000000000000e+09
4.515000000000000124e-01 7.705528000000000000e+10 4.522651000000000000e+09 5.273835000000000000e+09
4.530000000000000138e-01 6.644402000000000000e+10 4.127833000000000000e+09 4.247008000000000000e+09
4.545000000000000151e-01 1.162523500000000000e+11 4.222344000000000000e+09 4.388484000000000000e+09
4.560000000000000164e-01 1.155719800000000000e+11 4.032907000000000000e+09 4.715861000000000000e+09
4.575000000000000178e-01 6.345595000000000000e+10 3.722810000000000000e+09 4.599829000000000000e+09
4.590000000000000191e-01 6.786625000000000000e+10 3.481968000000000000e+09 3.494488000000000000e+09
4.605000000000000204e-01 8.713875000000000000e+10 3.587780000000000000e+09 3.721603000000000000e+09
4.620000000000000218e-01 9.082609000000000000e+10 3.476479000000000000e+09 3.734149000000000000e+09
4.635000000000000231e-01 6.212244000000000000e+10 3.241117000000000000e+09 3.671506000000000000e+09
4.650000000000000244e-01 5.581422000000000000e+10 3.128127000000000000e+09 4.003928000000000000e+09
4.665000000000000258e-01 1.032121900000000000e+11 3.445750000000000000e+09 4.273029000000000000e+09
4.680000000000000271e-01 7.615515000000000000e+10 3.123153000000000000e+09 3.633734000000000000e+09
4.694999999999999729e-01 8.471501000000000000e+10 3.030869000000000000e+09 3.067223000000000000e+09
4.709999999999999742e-01 5.595431000000000000e+10 2.745080000000000000e+09 2.881432000000000000e+09
4.724999999999999756e-01 7.069180000000000000e+10 2.943512000000000000e+09 3.850944000000000000e+09
4.739999999999999769e-01 7.945415000000000000e+10 2.826293000000000000e+09 3.187514000000000000e+09
4.754999999999999782e-01 6.505182000000000000e+10 2.815909000000000000e+09 3.557246000000000000e+09
4.769999999999999796e-01 4.213412000000000000e+10 2.459898000000000000e+09 2.776428000000000000e+09
4.784999999999999809e-01 9.365055000000000000e+10 2.745009000000000000e+09 3.457725000000000000e+09
4.799999999999999822e-01 1.261402900000000000e+11 2.889283000000000000e+09 3.795050000000000000e+09
4.814999999999999836e-01 7.825521000000000000e+10 2.503851000000000000e+09 3.061327000000000000e+09
4.829999999999999849e-01 8.299380000000000000e+10 2.539961000000000000e+09 3.026271000000000000e+09
4.844999999999999862e-01 1.242609000000000000e+11 2.860829000000000000e+09 4.039351000000000000e+09
4.859999999999999876e-01 6.715269000000000000e+10 2.443170000000000000e+09 3.245176000000000000e+09
4.874999999999999889e-01 6.183232000000000000e+10 2.165836000000000000e+09 2.095558000000000000e+09
4.889999999999999902e-01 8.359982000000000000e+10 2.212493000000000000e+09 2.091855000000000000e+09
4.904999999999999916e-01 3.569531000000000000e+10 1.915959000000000000e+09 1.975046000000000000e+09
4.919999999999999929e-01 5.209215000000000000e+10 2.022475000000000000e+09 2.139406000000000000e+09
4.934999999999999942e-01 2.825561000000000000e+10 1.618475000000000000e+09 1.591471000000000000e+09
4.949999999999999956e-01 7.467622000000000000e+10 2.012425000000000000e+09 2.374152000000000000e+09
4.964999999999999969e-01 7.453478000000000000e+10 2.024510000000000000e+09 2.597884000000000000e+09
4.979999999999999982e-01 7.171845000000000000e+10 1.855676000000000000e+09 2.048502000000000000e+09
4.994999999999999996e-01 8.929922000000000000e+10 1.914305000000000000e+09 2.237059000000000000e+09
5.010000000000000009e-01 8.351454000000000000e+10 1.869649000000000000e+09 2.557147000000000000e+09
5.024999999999999467e-01 6.046634000000000000e+10 1.578905000000000000e+09 1.918480000000000000e+09
5.040000000000000036e-01 6.588918000000000000e+10 1.698679000000000000e+09 1.956636000000000000e+09
5.054999999999999494e-01 4.798890000000000000e+10 1.504328000000000000e+09 1.838558000000000000e+09
5.070000000000000062e-01 7.948761000000000000e+10 1.568389000000000000e+09 1.925483000000000000e+09
5.084999999999999520e-01 8.700038000000000000e+10 1.655305000000000000e+09 2.329540000000000000e+09
5.100000000000000089e-01 7.308741000000000000e+10 1.494286000000000000e+09 2.028769000000000000e+09
5.114999999999999547e-01 6.471955000000000000e+10 1.363168000000000000e+09 1.711030000000000000e+09
5.130000000000000115e-01 7.535586000000000000e+10 1.397978000000000000e+09 2.029038000000000000e+09
5.144999999999999574e-01 8.872413000000000000e+10 1.540379000000000000e+09 2.520853000000000000e+09
5.160000000000000142e-01 5.289859000000000000e+10 1.221777000000000000e+09 1.592234000000000000e+09
5.174999999999999600e-01 4.566346000000000000e+10 1.067052000000000000e+09 1.166458000000000000e+09
5.190000000000000169e-01 8.737968000000000000e+10 1.287407000000000000e+09 1.829438000000000000e+09
5.204999999999999627e-01 1.246062800000000000e+11 1.431757000000000000e+09 1.928609000000000000e+09
5.220000000000000195e-01 1.192425000000000000e+11 1.402879000000000000e+09 2.081212000000000000e+09
5.234999999999999654e-01 1.250362200000000000e+11 1.389576000000000000e+09 2.225426000000000000e+09
5.250000000000000222e-01 1.221259300000000000e+11 1.440134000000000000e+09 2.515947000000000000e+09
5.264999999999999680e-01 6.029478000000000000e+10 1.119455000000000000e+09 1.521158000000000000e+09
5.280000000000000249e-01 6.243120000000000000e+10 1.335220000000000000e+09 1.662202000000000000e+09
5.294999999999999707e-01 8.405437000000000000e+10 1.483015000000000000e+09 2.010178000000000000e+09
5.310000000000000275e-01 1.018562600000000000e+11 1.751130000000000000e+09 2.491732000000000000e+09
5.324999999999999734e-01 6.276591000000000000e+10 1.626648000000000000e+09 2.744506000000000000e+09
5.340000000000000302e-01 7.703593000000000000e+10 1.486079000000000000e+09 2.189008000000000000e+09
5.354999999999999760e-01 7.130958000000000000e+10 1.560786000000000000e+09 2.213353000000000000e+09
5.370000000000000329e-01 7.701142000000000000e+10 1.693561000000000000e+09 2.095580000000000000e+09
5.384999700000000500e-01 6.698023000000000000e+10 1.528099000000000000e+09 1.545458000000000000e+09
5.400000000000000355e-01 7.433998000000000000e+10 1.610683000000000000e+09 1.613416000000000000e+09
5.415000300000000211e-01 7.371460000000000000e+10 1.649970000000000000e+09 1.897507000000000000e+09
5.430000000000000382e-01 9.206481000000000000e+10 1.818741000000000000e+09 2.638708000000000000e+09
5.444999700000000553e-01 7.803265000000000000e+10 1.688804000000000000e+09 2.115912000000000000e+09
5.460000000000000409e-01 2.927195000000000000e+10 1.475588000000000000e+09 1.639397000000000000e+09
5.475000300000000264e-01 3.687308000000000000e+10 1.578054000000000000e+09 1.678913000000000000e+09
5.490000000000000435e-01 4.796059000000000000e+10 1.565509000000000000e+09 1.800204000000000000e+09
5.504999699999999496e-01 7.011833000000000000e+10 1.667808000000000000e+09 2.214670000000000000e+09
5.520000000000000462e-01 9.088478000000000000e+10 1.689044000000000000e+09 2.172274000000000000e+09
5.535000300000000317e-01 7.234944000000000000e+10 1.353019000000000000e+09 1.593090000000000000e+09
5.550000000000000488e-01 5.533960000000000000e+10 1.126967000000000000e+09 1.493964000000000000e+09
5.564999699999999550e-01 5.523777000000000000e+10 1.057949000000000000e+09 1.614490000000000000e+09
5.580000000000000515e-01 4.931571000000000000e+10 1.011811000000000000e+09 1.702616000000000000e+09
5.595000300000000371e-01 8.181684000000000000e+10 1.002756000000000000e+09 1.605980000000000000e+09
5.610000000000000542e-01 6.931425000000000000e+10 7.867370000000000000e+08 1.192471000000000000e+09
5.624999699999999603e-01 6.564057000000000000e+10 8.669520000000000000e+08 1.344407000000000000e+09
5.639999999999999458e-01 5.693149000000000000e+10 5.959520000000000000e+08 1.030584000000000000e+09
5.655000300000000424e-01 8.075275000000000000e+10 7.708280000000000000e+08 1.822545000000000000e+09
5.669999999999999485e-01 7.087783000000000000e+10 5.726730000000000000e+08 1.017342000000000000e+09
5.684999699999999656e-01 6.431131000000000000e+10 5.299070000000000000e+08 1.226462000000000000e+09
5.699999999999999512e-01 1.554628000000000000e+10 1.459390000000000000e+08 6.595570000000000000e+08
5.715000300000000477e-01 3.852357000000000000e+10 3.102470000000000000e+08 1.006327000000000000e+09
5.729999999999999538e-01 7.858504000000000000e+10 4.838370000000000000e+08 1.241058000000000000e+09
5.744999699999999709e-01 5.739580000000000000e+10 2.158980000000000000e+08 8.255080000000000000e+08
5.759999999999999565e-01 7.653382000000000000e+10 3.617290000000000000e+08 1.283448000000000000e+09
5.775000300000000530e-01 8.611753000000000000e+10 2.970550000000000000e+08 1.118966000000000000e+09
5.789999999999999591e-01 5.572767000000000000e+10 1.509550000000000000e+08 9.704810000000000000e+08
5.804999699999999763e-01 3.645190000000000000e+09 -2.096860000000000000e+08 2.953810000000000000e+08
5.819999999999999618e-01 4.668795000000000000e+10 3.646900000000000000e+07 7.175250000000000000e+08
5.835000299999999473e-01 8.828632000000000000e+10 2.597290000000000000e+08 1.321465000000000000e+09
5.849999999999999645e-01 8.100507000000000000e+10 -1.871800000000000000e+07 7.724750000000000000e+08
5.864999699999999816e-01 7.404569000000000000e+10 2.027000000000000000e+06 8.426110000000000000e+08
5.879999999999999671e-01 6.645949000000000000e+10 -9.244400000000000000e+07 6.803950000000000000e+08
5.895000299999999527e-01 3.984686000000000000e+10 -2.519030000000000000e+08 6.061830000000000000e+08
5.909999999999999698e-01 6.383082000000000000e+10 -1.000070000000000000e+08 8.139970000000000000e+08
5.924999699999999869e-01 5.153949000000000000e+10 -3.859750000000000000e+08 -7.904000000000000000e+06
5.939999999999999725e-01 5.842082000000000000e+10 -4.370610000000000000e+08 -2.837510000000000000e+08
5.955000299999999580e-01 1.498176000000000000e+10 -6.364960000000000000e+08 -1.717260000000000000e+08
5.969999999999999751e-01 5.554607000000000000e+10 -4.691660000000000000e+08 5.082000000000000000e+06
5.984999699999999923e-01 5.831971000000000000e+10 -3.579640000000000000e+08 5.978570000000000000e+08
5.999999999999999778e-01 4.015751000000000000e+10 -6.346680000000000000e+08 1.398830000000000000e+08
6.015000299999999633e-01 4.708741000000000000e+10 -5.905170000000000000e+08 -7.309200000000000000e+07
6.029999999999999805e-01 4.226815000000000000e+10 -6.615080000000000000e+08 -1.451160000000000000e+08
6.044999699999999976e-01 5.968496000000000000e+10 -6.888770000000000000e+08 -5.719350000000000000e+08
6.059999999999999831e-01 6.397552000000000000e+10 -6.574750000000000000e+08 2.251000000000000000e+07
6.075000299999999687e-01 9.260364000000000000e+10 -6.124430000000000000e+08 -1.779740000000000000e+08
6.089999999999999858e-01 4.404463000000000000e+10 -8.844940000000000000e+08 -6.876650000000000000e+08
6.104999700000000029e-01 7.824816000000000000e+10 -6.690430000000000000e+08 -1.953920000000000000e+08
6.119999999999999885e-01 7.526724000000000000e+10 -7.326490000000000000e+08 -1.010900000000000000e+07
6.135000299999999740e-01 6.997861000000000000e+10 -7.591870000000000000e+08 1.417180000000000000e+08
6.149999999999999911e-01 5.820015000000000000e+10 -8.318450000000000000e+08 -3.038810000000000000e+08
6.164999700000000082e-01 3.960729000000000000e+10 -9.194620000000000000e+08 -3.086530000000000000e+08
6.179999999999999938e-01 8.045503000000000000e+10 -8.222330000000000000e+08 -2.750510000000000000e+08
6.195000299999999793e-01 7.124148000000000000e+10 -9.092460000000000000e+08 -3.422000000000000000e+06
6.209999999999999964e-01 4.204342000000000000e+10 -1.084116000000000000e+09 -5.211380000000000000e+08
6.224999700000000136e-01 5.473620000000000000e+10 -1.058943000000000000e+09 -7.049020000000000000e+08
6.239999999999999991e-01 4.629119000000000000e+10 -1.157973000000000000e+09 -4.900770000000000000e+08
6.255000299999999847e-01 7.202377000000000000e+10 -1.036772000000000000e+09 -4.487810000000000000e+08
6.270000000000000018e-01 4.952960000000000000e+10 -1.184505000000000000e+09 -5.703480000000000000e+08
6.284999700000000189e-01 5.614296000000000000e+10 -1.236611000000000000e+09 -4.833960000000000000e+08
6.300000000000000044e-01 7.741993000000000000e+10 -1.186192000000000000e+09 -5.950510000000000000e+08
6.315000299999999900e-01 4.700502000000000000e+10 -1.325515000000000000e+09 -7.670150000000000000e+08
6.330000000000000071e-01 4.303688000000000000e+10 -1.408053000000000000e+09 -9.942600000000000000e+08
6.344999700000000242e-01 2.836142000000000000e+10 -1.440102000000000000e+09 -7.684760000000000000e+08
6.360000000000000098e-01 6.074462000000000000e+10 -1.307696000000000000e+09 -2.675010000000000000e+08
6.375000299999999953e-01 9.988354000000000000e+10 -1.092394000000000000e+09 2.028680000000000000e+08
6.390000000000000124e-01 5.619686000000000000e+10 -1.400222000000000000e+09 -2.694440000000000000e+08
6.404999700000000296e-01 5.678199000000000000e+10 -1.427704000000000000e+09 -4.195570000000000000e+08
6.420000000000000151e-01 6.555583000000000000e+10 -1.521313000000000000e+09 -6.605580000000000000e+08
6.435000300000000006e-01 7.169521000000000000e+10 -1.521338000000000000e+09 -7.170080000000000000e+08
6.450000000000000178e-01 4.442844000000000000e+10 -1.612830000000000000e+09 -1.058639000000000000e+09
6.464999700000000349e-01 9.591210000000000000e+09 -1.913932000000000000e+09 -1.746401000000000000e+09
6.480000000000000204e-01 1.682190000000000000e+10 -1.798742000000000000e+09 -1.234849000000000000e+09
6.495000300000000060e-01 2.823725000000000000e+10 -1.741911000000000000e+09 -8.990360000000000000e+08
6.510000000000000231e-01 4.983944000000000000e+10 -1.678121000000000000e+09 -8.436640000000000000e+08
6.524999700000000402e-01 3.641872000000000000e+10 -1.792256000000000000e+09 -1.181961000000000000e+09
6.540000000000000258e-01 3.984469000000000000e+10 -1.872882000000000000e+09 -1.407544000000000000e+09
6.555000300000000113e-01 2.998903000000000000e+10 -1.953916000000000000e+09 -1.419373000000000000e+09
6.570000000000000284e-01 4.542607000000000000e+10 -1.886921000000000000e+09 -1.244045000000000000e+09
6.584999700000000455e-01 5.885637000000000000e+10 -1.885375000000000000e+09 -1.430244000000000000e+09
6.600000000000000311e-01 3.955393000000000000e+10 -2.039442000000000000e+09 -1.535039000000000000e+09
6.615000300000000166e-01 5.556307000000000000e+10 -1.859657000000000000e+09 -9.419760000000000000e+08
6.630000000000000338e-01 5.062643000000000000e+10 -2.016304000000000000e+09 -1.266156000000000000e+09
6.644999700000000509e-01 6.018065000000000000e+10 -1.923605000000000000e+09 -1.196719000000000000e+09
6.660000000000000364e-01 4.244785000000000000e+10 -2.046541000000000000e+09 -1.325186000000000000e+09
6.675000300000000220e-01 3.438739000000000000e+10 -2.204211000000000000e+09 -1.550181000000000000e+09
6.690000000000000391e-01 7.214830000000000000e+10 -2.018395000000000000e+09 -1.344419000000000000e+09
6.704999699999999452e-01 5.455614000000000000e+10 -2.139570000000000000e+09 -1.441497000000000000e+09
6.720000000000000417e-01 3.510438000000000000e+10 -2.230331000000000000e+09 -1.450422000000000000e+09
6.735000300000000273e-01 4.135048000000000000e+10 -2.169837000000000000e+09 -1.570906000000000000e+09
6.750000000000000444e-01 3.583349000000000000e+10 -2.286649000000000000e+09 -1.982552000000000000e+09
6.764999699999999505e-01 1.212546000000000000e+10 -2.475961000000000000e+09 -2.062150000000000000e+09
6.780000000000000471e-01 3.007178000000000000e+10 -2.302754000000000000e+09 -1.494998000000000000e+09
6.795000300000000326e-01 4.911747000000000000e+10 -2.324424000000000000e+09 -1.639682000000000000e+09
6.810000000000000497e-01 5.786716000000000000e+10 -2.342048000000000000e+09 -1.951527000000000000e+09
6.824999699999999558e-01 6.680170000000000000e+10 -2.346923000000000000e+09 -1.989809000000000000e+09
6.840000000000000524e-01 3.191428000000000000e+10 -2.627668000000000000e+09 -2.473249000000000000e+09
6.855000300000000379e-01 6.153089000000000000e+10 -2.242969000000000000e+09 -1.380289000000000000e+09
6.870000000000000551e-01 3.841297000000000000e+10 -2.526536000000000000e+09 -1.944173000000000000e+09
6.884999699999999612e-01 4.327428000000000000e+10 -2.557508000000000000e+09 -2.059394000000000000e+09
6.899999999999999467e-01 4.330575000000000000e+10 -2.585058000000000000e+09 -1.955349000000000000e+09
6.915000300000000433e-01 4.538121000000000000e+10 -2.487036000000000000e+09 -1.712737000000000000e+09
6.929999999999999494e-01 2.486898000000000000e+10 -2.631845000000000000e+09 -1.748655000000000000e+09
6.944999699999999665e-01 3.021667000000000000e+10 -2.666696000000000000e+09 -1.715618000000000000e+09
6.959999999999999520e-01 3.002620000000000000e+10 -2.644234000000000000e+09 -1.424024000000000000e+09
6.975000300000000486e-01 2.725211000000000000e+10 -2.745444000000000000e+09 -1.937629000000000000e+09
6.989999999999999547e-01 3.960367000000000000e+10 -2.718871000000000000e+09 -2.176234000000000000e+09
7.004999699999999718e-01 4.643990000000000000e+09 -2.926113000000000000e+09 -2.840850000000000000e+09
7.019999999999999574e-01 -5.719660000000000000e+09 -3.020484000000000000e+09 -2.684803000000000000e+09
7.035000300000000539e-01 5.904195000000000000e+10 -2.700577000000000000e+09 -1.591098000000000000e+09
7.049999999999999600e-01 6.133735000000000000e+10 -2.743713000000000000e+09 -1.943512000000000000e+09
7.064999699999999772e-01 2.281640000000000000e+10 -2.934901000000000000e+09 -2.339438000000000000e+09
7.079999999999999627e-01 1.401752000000000000e+10 -2.994280000000000000e+09 -2.315377000000000000e+09
7.095000299999999482e-01 6.804450000000000000e+10 -2.728819000000000000e+09 -1.755696000000000000e+09
7.109999999999999654e-01 5.233796000000000000e+10 -2.893583000000000000e+09 -2.137124000000000000e+09
7.124999699999999825e-01 5.342250000000000000e+10 -2.843182000000000000e+09 -1.930889000000000000e+09
7.139999999999999680e-01 4.648708000000000000e+10 -2.982072000000000000e+09 -2.080910000000000000e+09
7.155000299999999536e-01 3.950491000000000000e+10 -2.943121000000000000e+09 -1.723469000000000000e+09
7.169999999999999707e-01 5.183124000000000000e+10 -2.901509000000000000e+09 -1.879531000000000000e+09
7.184999699999999878e-01 2.072964000000000000e+10 -3.130243000000000000e+09 -2.461340000000000000e+09
7.199999999999999734e-01 5.402040000000000000e+09 -3.227864000000000000e+09 -2.654447000000000000e+09
7.215000299999999589e-01 3.092715000000000000e+10 -3.142315000000000000e+09 -2.320692000000000000e+09
7.229999999999999760e-01 3.452640000000000000e+10 -3.169374000000000000e+09 -2.389607000000000000e+09
7.244999699999999931e-01 2.953721000000000000e+10 -3.160892000000000000e+09 -2.326397000000000000e+09
7.259999999999999787e-01 3.777927000000000000e+10 -3.242068000000000000e+09 -2.637869000000000000e+09
7.275000299999999642e-01 2.280682000000000000e+10 -3.326106000000000000e+09 -2.730354000000000000e+09
7.289999999999999813e-01 1.822116000000000000e+10 -3.310206000000000000e+09 -2.895107000000000000e+09
7.304999699999999985e-01 9.195700000000000000e+08 -3.509284000000000000e+09 -3.129398000000000000e+09
7.319999999999999840e-01 4.531492000000000000e+10 -3.146836000000000000e+09 -2.331946000000000000e+09
7.335000299999999696e-01 4.456057000000000000e+10 -3.028464000000000000e+09 -2.360032000000000000e+09
7.349999999999999867e-01 2.988512000000000000e+10 -2.991682000000000000e+09 -2.408162000000000000e+09
7.364999700000000038e-01 3.054260000000000000e+10 -2.933374000000000000e+09 -2.116518000000000000e+09
7.379999999999999893e-01 3.005903000000000000e+10 -2.890067000000000000e+09 -2.092858000000000000e+09
7.395000299999999749e-01 8.457660000000000000e+09 -2.966235000000000000e+09 -2.457418000000000000e+09
7.409999999999999920e-01 1.859051000000000000e+10 -2.964236000000000000e+09 -2.449673000000000000e+09
7.424999700000000091e-01 4.011682000000000000e+10 -2.840866000000000000e+09 -2.109695000000000000e+09
7.439999999999999947e-01 4.055960000000000000e+10 -2.800566000000000000e+09 -2.164811000000000000e+09
7.455000299999999802e-01 1.915131000000000000e+10 -2.929859000000000000e+09 -2.415198000000000000e+09
7.469999999999999973e-01 2.491619000000000000e+10 -2.886801000000000000e+09 -2.334917000000000000e+09
7.484999700000000145e-01 4.525251000000000000e+10 -2.651120000000000000e+09 -1.609220000000000000e+09
7.500000000000000000e-01 4.920691000000000000e+10 -2.700862000000000000e+09 -1.790066000000000000e+09
7.515000299999999855e-01 2.246532000000000000e+10 -2.788470000000000000e+09 -2.098113000000000000e+09
7.530000000000000027e-01 4.058339000000000000e+10 -2.444975000000000000e+09 -1.531677000000000000e+09
7.544999700000000198e-01 1.627937000000000000e+10 -2.496294000000000000e+09 -1.943002000000000000e+09
7.560000000000000053e-01 3.055002000000000000e+10 -2.345396000000000000e+09 -1.492661000000000000e+09
7.575000299999999909e-01 5.828498000000000000e+10 -2.155384000000000000e+09 -1.470072000000000000e+09
7.590000000000000080e-01 4.682442000000000000e+10 -2.114718000000000000e+09 -1.373332000000000000e+09
7.604999700000000251e-01 4.026595000000000000e+10 -2.121904000000000000e+09 -1.305663000000000000e+09
7.620000000000000107e-01 4.108622000000000000e+10 -2.029743000000000000e+09 -1.430896000000000000e+09
7.635000299999999962e-01 1.929213000000000000e+10 -2.147454000000000000e+09 -1.653684000000000000e+09
7.650000000000000133e-01 4.530000000000000000e+08 -2.260841000000000000e+09 -1.821956000000000000e+09
7.664999700000000304e-01 1.483489000000000000e+10 -2.050096000000000000e+09 -1.568477000000000000e+09
7.680000000000000160e-01 -1.728558000000000000e+10 -2.210997000000000000e+09 -2.039101000000000000e+09
7.695000300000000015e-01 -1.060530000000000000e+10 -2.150294000000000000e+09 -1.940195000000000000e+09
7.710000000000000187e-01 1.093819000000000000e+10 -2.008351000000000000e+09 -1.718888000000000000e+09
7.724999700000000358e-01 4.089150000000000000e+09 -2.002370000000000000e+09 -1.666212000000000000e+09
7.740000000000000213e-01 3.730917000000000000e+10 -1.706179000000000000e+09 -1.142697000000000000e+09
7.755000300000000069e-01 8.375910000000000000e+09 -1.733924000000000000e+09 -1.305130000000000000e+09
7.770000000000000240e-01 1.717678000000000000e+10 -1.409707000000000000e+09 -1.156876000000000000e+09
7.784999700000000411e-01 2.132743000000000000e+10 -1.270839000000000000e+09 -9.014490000000000000e+08
7.800000000000000266e-01 4.086392000000000000e+10 -1.019425000000000000e+09 -5.784430000000000000e+08
7.815000300000000122e-01 3.501232000000000000e+10 -9.717130000000000000e+08 -8.831820000000000000e+08
7.830000000000000293e-01 9.583710000000000000e+09 -9.757460000000000000e+08 -7.346520000000000000e+08
7.844999700000000464e-01 3.490967000000000000e+10 -7.092310000000000000e+08 -1.950370000000000000e+08
7.860000000000000320e-01 4.622481000000000000e+10 -6.826390000000000000e+08 8.972600000000000000e+07
7.875000300000000175e-01 6.380748000000000000e+10 -2.936690000000000000e+08 5.221880000000000000e+08
7.890000000000000346e-01 4.294000000000000000e+08 -6.750620000000000000e+08 -5.581680000000000000e+08
7.904999700000000518e-01 2.366950000000000000e+10 -4.320220000000000000e+08 7.246000000000000000e+07
7.920000000000000373e-01 5.930874000000000000e+10 -5.803600000000000000e+07 5.341500000000000000e+08
7.935000300000000228e-01 3.189049000000000000e+10 -1.943680000000000000e+08 2.760410000000000000e+08
7.950000000000000400e-01 4.762108000000000000e+10 -4.690000000000000000e+05 6.428110000000000000e+08
7.964999699999999461e-01 3.605046000000000000e+10 7.680700000000000000e+07 5.224770000000000000e+08
7.980000000000000426e-01 4.466000000000000000e+09 -1.379710000000000000e+08 -2.499150000000000000e+08
7.995000300000000282e-01 0.000000000000000000e+00 0.000000000000000000e+00 0.000000000000000000e+00
8.010000000000000453e-01 -2.440748000000000000e+10 -1.695090000000000000e+08 -7.164980000000000000e+08
8.024999699999999514e-01 -1.635471000000000000e+10 2.983900000000000000e+07 3.803800000000000000e+07
8.040000000000000480e-01 1.526854000000000000e+10 3.037110000000000000e+08 6.602690000000000000e+08
8.055000300000000335e-01 2.466333000000000000e+10 4.085990000000000000e+08 1.143557000000000000e+09
8.070000000000000506e-01 3.741634000000000000e+10 5.776220000000000000e+08 1.299319000000000000e+09
8.084999699999999567e-01 -1.047217000000000000e+10 2.987730000000000000e+08 4.125370000000000000e+08
8.100000000000000533e-01 3.499220000000000000e+09 4.188460000000000000e+08 2.735460000000000000e+08
8.115000300000000388e-01 1.313204000000000000e+10 5.918460000000000000e+08 5.319900000000000000e+08
8.129999999999999449e-01 -1.892993000000000000e+10 4.322090000000000000e+08 4.706950000000000000e+08
8.144999699999999621e-01 -1.526665000000000000e+10 6.008840000000000000e+08 1.178954000000000000e+09
8.159999999999999476e-01 -2.268370000000000000e+09 6.916330000000000000e+08 6.846850000000000000e+08
8.175000300000000442e-01 -1.116460000000000000e+09 7.163280000000000000e+08 5.879330000000000000e+08
8.189999999999999503e-01 4.053491000000000000e+10 1.066769000000000000e+09 1.368822000000000000e+09
8.204999699999999674e-01 4.114953000000000000e+10 1.100310000000000000e+09 1.355907000000000000e+09
8.219999999999999529e-01 -2.050147000000000000e+10 7.867420000000000000e+08 7.777130000000000000e+08
8.235000300000000495e-01 4.799500000000000000e+08 9.497540000000000000e+08 8.813970000000000000e+08
8.249999999999999556e-01 2.191940000000000000e+09 1.080038000000000000e+09 1.234887000000000000e+09
8.264999699999999727e-01 -1.139491000000000000e+10 1.195494000000000000e+09 1.484152000000000000e+09
8.279999999999999583e-01 -1.495943000000000000e+10 1.138922000000000000e+09 1.142784000000000000e+09
8.295000300000000548e-01 8.316310000000000000e+09 1.296764000000000000e+09 9.809090000000000000e+08
8.309999999999999609e-01 -4.217210000000000000e+09 1.309539000000000000e+09 1.362974000000000000e+09
8.324999699999999780e-01 2.838114000000000000e+10 1.483725000000000000e+09 1.525140000000000000e+09
8.339999999999999636e-01 3.296218000000000000e+10 1.697882000000000000e+09 1.927739000000000000e+09
8.355000299999999491e-01 -4.310118000000000000e+10 1.264142000000000000e+09 1.110929000000000000e+09
8.369999999999999662e-01 -1.794660000000000000e+10 1.436864000000000000e+09 1.028656000000000000e+09
8.384999699999999834e-01 -1.295921000000000000e+10 1.642090000000000000e+09 1.485508000000000000e+09
8.399999999999999689e-01 -8.428820000000000000e+09 1.684344000000000000e+09 1.530349000000000000e+09
8.415000299999999545e-01 -1.149611000000000000e+10 1.627920000000000000e+09 9.753520000000000000e+08
8.429999999999999716e-01 -2.432330000000000000e+09 1.849261000000000000e+09 1.532166000000000000e+09
8.444999699999999887e-01 2.337550000000000000e+09 1.929225000000000000e+09 1.752504000000000000e+09
8.459999999999999742e-01 3.173560000000000000e+09 1.926563000000000000e+09 1.349122000000000000e+09
8.475000299999999598e-01 1.603280000000000000e+09 2.055911000000000000e+09 1.974594000000000000e+09
8.489999999999999769e-01 3.213757000000000000e+10 2.387844000000000000e+09 2.930622000000000000e+09
8.504999699999999940e-01 4.392030000000000000e+09 2.297717000000000000e+09 2.272550000000000000e+09
8.519999999999999796e-01 -8.789120000000000000e+09 2.602385000000000000e+09 2.339729000000000000e+09
8.535000299999999651e-01 -2.595210000000000000e+09 2.808041000000000000e+09 2.013070000000000000e+09
8.549999999999999822e-01 -3.786229000000000000e+10 2.858574000000000000e+09 2.273084000000000000e+09
8.564999699999999994e-01 -3.024790000000000000e+09 3.314384000000000000e+09 2.969654000000000000e+09
8.579999999999999849e-01 1.998700000000000000e+08 3.300496000000000000e+09 2.568299000000000000e+09
8.595000299999999704e-01 -2.678800000000000000e+08 3.575933000000000000e+09 2.918904000000000000e+09
8.609999999999999876e-01 -9.702450000000000000e+09 3.871665000000000000e+09 3.412608000000000000e+09
8.624999700000000047e-01 -1.263301000000000000e+10 3.990936000000000000e+09 3.306496000000000000e+09
8.639999999999999902e-01 3.119593000000000000e+10 4.446748000000000000e+09 4.351108000000000000e+09
8.655000299999999758e-01 -1.700070000000000000e+10 4.248166000000000000e+09 3.447616000000000000e+09
8.669999999999999929e-01 -5.253476000000000000e+10 4.196286000000000000e+09 2.869531000000000000e+09
8.684999700000000100e-01 7.607730000000000000e+09 4.909222000000000000e+09 4.643055000000000000e+09
8.699999999999999956e-01 2.197190000000000000e+09 4.938366000000000000e+09 4.565884000000000000e+09
8.715000299999999811e-01 1.322329000000000000e+10 5.174658000000000000e+09 4.526899000000000000e+09
8.729999999999999982e-01 2.213712000000000000e+10 5.365196000000000000e+09 4.448973000000000000e+09
8.744999700000000153e-01 -3.646792000000000000e+10 5.125946000000000000e+09 4.465828000000000000e+09
8.760000000000000009e-01 -2.281424000000000000e+10 5.404056000000000000e+09 4.765316000000000000e+09
8.775000299999999864e-01 1.928788000000000000e+10 5.959054000000000000e+09 5.375331000000000000e+09
8.790000000000000036e-01 7.408040000000000000e+09 5.986658000000000000e+09 5.012851000000000000e+09
8.804999700000000207e-01 1.514039000000000000e+10 6.326552000000000000e+09 5.830203000000000000e+09
8.820000000000000062e-01 8.452780000000000000e+09 6.415766000000000000e+09 6.250836000000000000e+09
8.835000299999999918e-01 -2.075533000000000000e+10 6.229628000000000000e+09 5.377573000000000000e+09
8.850000000000000089e-01 -2.266293000000000000e+10 6.512009000000000000e+09 5.249787000000000000e+09
8.864999700000000260e-01 -8.429000000000000000e+09 6.482419000000000000e+09 4.794013000000000000e+09
8.880000000000000115e-01 1.985754000000000000e+10 6.947349000000000000e+09 5.816945000000000000e+09
8.895000299999999971e-01 -4.994000000000000000e+08 6.921150000000000000e+09 5.946786000000000000e+09
8.910000000000000142e-01 -2.947100000000000000e+09 7.248018000000000000e+09 7.133589000000000000e+09
8.924999700000000313e-01 -2.730954000000000000e+10 7.161398000000000000e+09 6.364705000000000000e+09
8.940000000000000169e-01 -1.701924000000000000e+10 7.516076000000000000e+09 6.776464000000000000e+09
8.955000300000000024e-01 -1.386947000000000000e+10 7.449353000000000000e+09 6.483046000000000000e+09
8.970000000000000195e-01 3.274287000000000000e+10 7.934942000000000000e+09 7.173952000000000000e+09
8.984999700000000367e-01 -1.058332000000000000e+10 7.831628000000000000e+09 7.127267000000000000e+09
9.000000000000000222e-01 -7.534764000000000000e+10 7.494111000000000000e+09 5.787282000000000000e+09
9.015000300000000077e-01 -4.057046000000000000e+10 8.030857000000000000e+09 7.010116000000000000e+09
9.030000000000000249e-01 -1.000515000000000000e+10 8.518807000000000000e+09 8.495307000000000000e+09
9.044999700000000420e-01 -3.143550000000000000e+10 8.269523000000000000e+09 7.233438000000000000e+09
9.060000000000000275e-01 -4.967210000000000000e+09 8.743090000000000000e+09 8.096168000000000000e+09
9.075000300000000131e-01 -1.336854000000000000e+10 8.672964000000000000e+09 7.521262000000000000e+09
9.090000000000000302e-01 -9.794430000000000000e+09 8.815864000000000000e+09 7.651589000000000000e+09
9.104999700000000473e-01 -1.702883000000000000e+10 9.082529000000000000e+09 8.429030000000000000e+09
9.120000000000000329e-01 -2.578548000000000000e+10 9.127086000000000000e+09 8.065278000000000000e+09
9.135000300000000184e-01 -1.776750000000000000e+09 9.217798000000000000e+09 7.250098000000000000e+09
9.150000000000000355e-01 2.078182000000000000e+10 9.714029000000000000e+09 8.565445000000000000e+09
9.164999700000000527e-01 3.012523000000000000e+10 9.700036000000000000e+09 8.086474000000000000e+09
9.180000000000000382e-01 4.410750000000000000e+09 9.876184000000000000e+09 8.847628000000000000e+09
9.195000300000000237e-01 -2.278548000000000000e+10 9.846130000000000000e+09 8.584646000000000000e+09
9.210000000000000409e-01 2.472681000000000000e+10 1.050655600000000000e+10 9.444439000000000000e+09
9.224999699999999470e-01 2.223896000000000000e+10 1.042871400000000000e+10 9.275931000000000000e+09
9.240000000000000435e-01 4.395970000000000000e+10 1.117818800000000000e+10 1.052703200000000000e+10
9.255000300000000291e-01 -1.454369000000000000e+10 1.067425900000000000e+10 9.095464000000000000e+09
9.270000000000000462e-01 2.377405000000000000e+10 1.127371000000000000e+10 9.846099000000000000e+09
9.284999699999999523e-01 -2.921570000000000000e+10 1.084542700000000000e+10 8.764764000000000000e+09
9.300000000000000488e-01 -7.102213000000000000e+10 1.106391400000000000e+10 9.845800000000000000e+09
9.315000300000000344e-01 -3.574749000000000000e+10 1.166961900000000000e+10 1.087381300000000000e+10
9.330000000000000515e-01 -2.523128000000000000e+10 1.170301900000000000e+10 9.857325000000000000e+09
9.344999699999999576e-01 -6.075087000000000000e+10 1.161370800000000000e+10 9.334602000000000000e+09
9.360000000000000542e-01 -8.288243000000000000e+10 1.155007100000000000e+10 9.177641000000000000e+09
9.375000300000000397e-01 -7.245819000000000000e+10 1.191165900000000000e+10 9.433603000000000000e+09
9.389999999999999458e-01 -6.511169000000000000e+10 1.216641400000000000e+10 1.081988100000000000e+10
9.404999699999999629e-01 -5.286088000000000000e+10 1.251767800000000000e+10 1.133770600000000000e+10
9.419999999999999485e-01 -5.500299000000000000e+10 1.262334300000000000e+10 1.071008700000000000e+10
9.435000300000000450e-01 -4.194891000000000000e+10 1.273845400000000000e+10 1.060706900000000000e+10
9.449999999999999512e-01 7.120000000000000000e+09 1.360835600000000000e+10 1.253326500000000000e+10
9.464999699999999683e-01 -5.835933000000000000e+10 1.295455000000000000e+10 1.063096800000000000e+10
9.479999999999999538e-01 -3.495553000000000000e+10 1.332292600000000000e+10 1.092493600000000000e+10
9.495000300000000504e-01 1.313790000000000000e+09 1.388157200000000000e+10 1.214136300000000000e+10
9.509999999999999565e-01 5.521600000000000000e+09 1.404006200000000000e+10 1.231179100000000000e+10
9.524999699999999736e-01 -4.210067000000000000e+10 1.371817600000000000e+10 1.127115200000000000e+10
9.539999999999999591e-01 -4.815594000000000000e+10 1.429349700000000000e+10 1.198580100000000000e+10
9.555000299999999447e-01 -7.955079000000000000e+10 1.406315700000000000e+10 1.216083300000000000e+10
9.569999999999999618e-01 -3.962330000000000000e+10 1.475400100000000000e+10 1.267906700000000000e+10
9.584999699999999789e-01 -7.356226000000000000e+10 1.431718300000000000e+10 1.016056900000000000e+10
9.599999999999999645e-01 -3.695475000000000000e+10 1.501921600000000000e+10 1.249976600000000000e+10
9.615000299999999500e-01 2.573230000000000000e+10 1.599140100000000000e+10 1.456526900000000000e+10
9.629999999999999671e-01 -3.903300000000000000e+09 1.618150800000000000e+10 1.517395300000000000e+10
9.644999699999999843e-01 -3.911522000000000000e+10 1.586665400000000000e+10 1.396515100000000000e+10
9.659999999999999698e-01 -4.323120000000000000e+09 1.642969200000000000e+10 1.475999900000000000e+10
9.675000299999999553e-01 4.119400000000000000e+08 1.698693400000000000e+10 1.585074500000000000e+10
9.689999999999999725e-01 -2.634204000000000000e+10 1.670191600000000000e+10 1.410577700000000000e+10
9.704999699999999896e-01 -6.730450000000000000e+10 1.661000800000000000e+10 1.394220500000000000e+10
9.719999999999999751e-01 -3.153942000000000000e+10 1.721091500000000000e+10 1.418430800000000000e+10
9.735000299999999607e-01 -7.555275000000000000e+10 1.701545800000000000e+10 1.393782500000000000e+10
9.749999999999999778e-01 -6.197033000000000000e+10 1.729560400000000000e+10 1.391988400000000000e+10
9.764999699999999949e-01 -2.458483000000000000e+10 1.844717600000000000e+10 1.578261500000000000e+10
9.779999999999999805e-01 -4.029381000000000000e+10 1.822690000000000000e+10 1.559534300000000000e+10
9.795000299999999660e-01 3.037222000000000000e+10 1.917623200000000000e+10 1.630225400000000000e+10
9.809999999999999831e-01 -3.942289000000000000e+10 1.880522800000000000e+10 1.563936400000000000e+10
9.824999700000000002e-01 -5.093238000000000000e+10 1.924918800000000000e+10 1.639933100000000000e+10
9.839999999999999858e-01 -4.244388000000000000e+10 1.966541400000000000e+10 1.629095800000000000e+10
9.855000299999999713e-01 -3.957112000000000000e+10 1.990580900000000000e+10 1.759221500000000000e+10
9.869999999999999885e-01 -3.144708000000000000e+10 2.071804700000000000e+10 1.908179600000000000e+10
9.884999700000000056e-01 -5.435537000000000000e+10 2.095068400000000000e+10 1.915289700000000000e+10
9.899999999999999911e-01 -2.722073000000000000e+10 2.106332200000000000e+10 1.849851600000000000e+10
9.915000299999999767e-01 -4.047532000000000000e+10 2.127100400000000000e+10 1.947821400000000000e+10
9.929999999999999938e-01 -3.185500000000000000e+09 2.232584900000000000e+10 2.048473100000000000e+10
9.944999700000000109e-01 -4.025899000000000000e+10 2.193043200000000000e+10 1.891127200000000000e+10
9.959999999999999964e-01 -1.019100000000000000e+10 2.281750400000000000e+10 1.937353200000000000e+10
9.975000299999999820e-01 -8.218886000000000000e+10 2.216914300000000000e+10 1.784351100000000000e+10
9.989999999999999991e-01 -9.209792000000000000e+10 2.243066100000000000e+10 1.845661500000000000e+10
1.000499999999999945e+00 -2.115425000000000000e+10 2.370484100000000000e+10 2.123775100000000000e+10
1.002000000000000002e+00 -4.195425000000000000e+10 2.381379100000000000e+10 1.962899900000000000e+10
1.003500000000000059e+00 -7.138904000000000000e+10 2.399044400000000000e+10 1.973987300000000000e+10
1.004999999999999893e+00 -4.054884000000000000e+10 2.437662500000000000e+10 2.006579400000000000e+10
1.006499999999999950e+00 -4.467118000000000000e+10 2.524905700000000000e+10 2.111625600000000000e+10
1.008000000000000007e+00 -7.154784000000000000e+10 2.524483500000000000e+10 2.054100900000000000e+10
1.009500000000000064e+00 -1.859585000000000000e+10 2.596224000000000000e+10 2.070696000000000000e+10
1.010999999999999899e+00 -1.726677000000000000e+10 2.653076600000000000e+10 2.213105500000000000e+10
1.012499999999999956e+00 -3.847121000000000000e+10 2.694323700000000000e+10 2.216812900000000000e+10
1.014000000000000012e+00 -5.498066000000000000e+10 2.726506600000000000e+10 2.355827800000000000e+10
1.015500000000000069e+00 -4.349079000000000000e+10 2.742067600000000000e+10 2.262397800000000000e+10
1.016999999999999904e+00 -3.875238000000000000e+10 2.825294800000000000e+10 2.503261700000000000e+10
1.018499999999999961e+00 5.053581000000000000e+10 3.007815500000000000e+10 2.703780400000000000e+10
1.020000000000000018e+00 -5.185205000000000000e+10 2.896658800000000000e+10 2.261671800000000000e+10
1.021500000000000075e+00 -5.138973000000000000e+10 2.991553600000000000e+10 2.480419400000000000e+10
1.022999999999999909e+00 -1.879373000000000000e+10 3.058853500000000000e+10 2.643293800000000000e+10
1.024499999999999966e+00 -4.664373000000000000e+10 3.093556300000000000e+10 2.637185300000000000e+10
1.026000000000000023e+00 -1.759000000000000000e+10 3.207026500000000000e+10 2.643654400000000000e+10
1.027500000000000080e+00 -4.693973000000000000e+10 3.201967600000000000e+10 2.546816900000000000e+10
1.028999999999999915e+00 -3.431993000000000000e+10 3.360617200000000000e+10 3.088008200000000000e+10
1.030499999999999972e+00 -1.952790000000000000e+10 3.380950500000000000e+10 3.096884700000000000e+10
1.032000000000000028e+00 -2.412929000000000000e+10 3.402161600000000000e+10 2.856990200000000000e+10
1.033500000000000085e+00 -7.979696000000000000e+10 3.418843400000000000e+10 2.731422800000000000e+10
1.034999999999999920e+00 -1.900779000000000000e+10 3.577655200000000000e+10 2.905446200000000000e+10
1.036499999999999977e+00 1.208513000000000000e+10 3.653980300000000000e+10 2.972928200000000000e+10
1.038000000000000034e+00 4.855106000000000000e+10 3.797155400000000000e+10 3.363460100000000000e+10
1.039500000000000091e+00 2.406010000000000000e+10 3.897572600000000000e+10 3.382292700000000000e+10
1.040999999999999925e+00 -8.420920000000000000e+10 3.850495200000000000e+10 3.375957500000000000e+10
1.042499999999999982e+00 -4.814816000000000000e+10 3.972946400000000000e+10 3.483960700000000000e+10
1.044000000000000039e+00 -1.334015100000000000e+11 3.812298700000000000e+10 2.881831200000000000e+10
1.045500000000000096e+00 4.559699000000000000e+10 4.313824500000000000e+10 3.848392800000000000e+10
1.046999999999999931e+00 -6.362471000000000000e+10 4.214582400000000000e+10 3.815336600000000000e+10
1.048499999999999988e+00 -7.121775000000000000e+10 4.372903100000000000e+10 4.156647600000000000e+10
1.050000000000000044e+00 -1.298070100000000000e+11 4.263487900000000000e+10 3.695439100000000000e+10
1.051500000000000101e+00 -9.944130000000000000e+10 4.411913500000000000e+10 3.644828900000000000e+10
1.052999999999999936e+00 -1.492588500000000000e+11 4.462260300000000000e+10 3.614342300000000000e+10
1.054499999999999993e+00 -1.893517500000000000e+11 4.429856400000000000e+10 3.262242500000000000e+10
1.056000000000000050e+00 -5.080785000000000000e+10 4.717945800000000000e+10 3.792259700000000000e+10
1.057500000000000107e+00 -5.593984000000000000e+10 4.896514400000000000e+10 4.372632600000000000e+10
1.058999999999999941e+00 -1.439300200000000000e+11 4.819029400000000000e+10 3.654092000000000000e+10
1.060499999999999998e+00 -5.533680000000000000e+10 4.965810200000000000e+10 3.890401800000000000e+10
1.062000000000000055e+00 -1.255957000000000000e+10 5.163369000000000000e+10 4.301510600000000000e+10
1.063499999999999890e+00 -8.325155000000000000e+10 5.198971600000000000e+10 4.330512900000000000e+10
1.064999999999999947e+00 -3.418545000000000000e+10 5.358039500000000000e+10 4.452614200000000000e+10
1.066500000000000004e+00 6.544450000000000000e+09 5.591616900000000000e+10 4.751116500000000000e+10
1.068000000000000060e+00 -8.720889000000000000e+10 5.501584200000000000e+10 4.615915200000000000e+10
1.069499999999999895e+00 -8.781586000000000000e+10 5.676569200000000000e+10 5.068727200000000000e+10
1.070999999999999952e+00 -3.152757000000000000e+10 5.988675600000000000e+10 5.091380200000000000e+10
1.072500000000000009e+00 -5.596281000000000000e+10 5.969306000000000000e+10 5.014696700000000000e+10
1.074000000000000066e+00 -5.986629000000000000e+10 6.080939200000000000e+10 5.393107700000000000e+10
1.075499999999999901e+00 6.207768000000000000e+10 6.547306700000000000e+10 6.154075000000000000e+10
1.076999899999999899e+00 -5.662626000000000000e+10 6.426412700000000000e+10 5.227004300000000000e+10
1.078500000000000014e+00 -6.302990000000000000e+10 6.783284700000000000e+10 5.775280800000000000e+10
1.080000000000000071e+00 -1.097974400000000000e+11 6.721271400000000000e+10 5.809735400000000000e+10
1.081499999999999906e+00 -1.783924300000000000e+11 6.626185000000000000e+10 5.214701900000000000e+10
1.083000100000000021e+00 -1.074958400000000000e+11 7.098638900000000000e+10 5.757698000000000000e+10
1.084500000000000020e+00 -1.584907100000000000e+11 6.955325300000000000e+10 5.581372300000000000e+10
1.086000000000000076e+00 -1.567570000000000000e+10 7.537444400000000000e+10 6.660027200000000000e+10
1.087499999999999911e+00 6.540950000000000000e+10 7.937957400000000000e+10 7.093169400000000000e+10
1.088999899999999910e+00 4.512925000000000000e+10 7.785161400000000000e+10 7.184198600000000000e+10
1.090500000000000025e+00 9.662596000000000000e+10 8.385499400000000000e+10 7.924592500000000000e+10
1.092000000000000082e+00 5.877832000000000000e+10 8.505289400000000000e+10 8.203012500000000000e+10
1.093499999999999917e+00 2.944017000000000000e+10 8.397290400000000000e+10 7.543926800000000000e+10
1.095000100000000032e+00 4.361450000000000000e+10 8.866578400000000000e+10 7.796566500000000000e+10
1.096500000000000030e+00 -2.105938000000000000e+10 8.499550400000000000e+10 6.517277700000000000e+10
1.098000000000000087e+00 -9.081103000000000000e+10 8.784779400000000000e+10 7.680470000000000000e+10
1.099499999999999922e+00 -1.974312500000000000e+11 8.663884400000000000e+10 7.114624100000000000e+10
1.100999899999999920e+00 -4.368767000000000000e+10 9.062921400000000000e+10 6.536990900000000000e+10
1.102500000000000036e+00 -7.551590000000000000e+10 9.354917400000000000e+10 6.795888700000000000e+10
1.104000000000000092e+00 -1.983865000000000000e+10 9.985545400000000000e+10 8.083012500000000000e+10
1.105499999999999927e+00 -7.818495000000000000e+10 1.001995240000000000e+11 7.838608500000000000e+10
1.107000100000000042e+00 -6.528814000000000000e+10 1.062007040000000000e+11 8.937788500000000000e+10
1.108500000000000041e+00 -1.640852000000000000e+10 1.082962440000000000e+11 8.842046500000000000e+10
1.110000000000000098e+00 -1.439629400000000000e+11 1.108843240000000000e+11 9.238805500000000000e+10
1.111499999999999932e+00 -1.818707000000000000e+10 1.197331740000000000e+11 1.062418650000000000e+11
1.112999899999999931e+00 8.544390000000000000e+09 1.230468040000000000e+11 1.174639750000000000e+11
1.114500000000000046e+00 7.526510000000000000e+09 1.279098740000000000e+11 1.125957650000000000e+11
1.116000000000000103e+00 -3.372241000000000000e+10 1.363081140000000000e+11 1.254634850000000000e+11
1.117499999999999938e+00 -2.273971300000000000e+11 1.294051440000000000e+11 9.823912500000000000e+10
1.119000100000000053e+00 -3.274718500000000000e+11 1.382070140000000000e+11 1.093406750000000000e+11
1.120500000000000052e+00 -6.928961000000000000e+10 1.551166940000000000e+11 1.281369450000000000e+11
1.122000000000000108e+00 -1.386084700000000000e+11 1.583757640000000000e+11 1.225907850000000000e+11
1.123499999999999943e+00 -3.172833000000000000e+11 1.588904740000000000e+11 1.158873250000000000e+11
1.124999899999999942e+00 1.215440500000000000e+11 1.782685840000000000e+11 1.528454350000000000e+11
1.126500000000000057e+00 -1.063568000000000000e+10 1.794913540000000000e+11 1.554317150000000000e+11
1.127999999999999892e+00 -1.749694000000000000e+10 1.845365940000000000e+11 1.480758650000000000e+11
1.129499999999999948e+00 1.946296000000000000e+10 1.957947740000000000e+11 1.589525450000000000e+11
1.131000100000000064e+00 -1.366225000000000000e+11 1.952553640000000000e+11 1.562389450000000000e+11
1.132500000000000062e+00 -1.306225300000000000e+11 2.039976540000000000e+11 1.591641550000000000e+11
1.133999999999999897e+00 -1.257735700000000000e+11 2.224197540000000000e+11 1.861660350000000000e+11
1.135499999999999954e+00 -2.544311500000000000e+11 2.222392840000000000e+11 1.644250050000000000e+11
1.136999899999999952e+00 -2.138264200000000000e+11 2.382064840000000000e+11 1.741710850000000000e+11
1.138500000000000068e+00 1.822427100000000000e+11 2.801843340000000000e+11 2.379133250000000000e+11
1.139999999999999902e+00 -1.417332400000000000e+11 2.633920240000000000e+11 1.854045650000000000e+11
1.141499999999999959e+00 -6.993380000000000000e+10 2.983090640000000000e+11 2.184252850000000000e+11
1.143000100000000074e+00 -2.110442000000000000e+10 3.282927440000000000e+11 2.593726150000000000e+11
1.144500000000000073e+00 1.677170000000000000e+09 3.818592440000000000e+11 3.133691250000000000e+11
1.145999999999999908e+00 8.189407000000000000e+10 4.571450640000000000e+11 3.873696250000000000e+11
1.147499999999999964e+00 4.110708100000000000e+11 5.433881640000000000e+11 3.686986650000000000e+11
