2.100000000000000130e-02 8.199380594900000000e+14 3.273754802800000000e+13 9.841109978100000000e+13
2.249999999999999917e-02 8.652898694900000000e+14 1.701864602800000000e+13 2.915999678100000000e+13
2.400000000000000050e-02 8.455692094900000000e+14 1.127393202800000000e+13 2.487794978100000000e+13
2.549999999999999836e-02 8.145396794900000000e+14 7.882576628000000000e+12 1.496176178100000000e+13
2.699999999999999969e-02 7.908655594900000000e+14 5.441295028000000000e+12 8.919041581000000000e+12
2.850000000000000103e-02 7.462126494900000000e+14 4.303633528000000000e+12 6.255359481000000000e+12
2.999999999999999889e-02 6.934249694900000000e+14 3.883086928000000000e+12 5.209447981000000000e+12
3.150000000000000022e-02 6.366851894900000000e+14 3.574983228000000000e+12 5.329142481000000000e+12
3.300000000000000155e-02 5.718698394900000000e+14 3.252901828000000000e+12 4.939611381000000000e+12
3.450000000000000289e-02 5.161404294900000000e+14 3.000152628000000000e+12 4.132898181000000000e+12
3.599999999999999728e-02 4.594028294900000000e+14 2.753299328000000000e+12 3.534505881000000000e+12
3.749999999999999861e-02 4.074679094900000000e+14 2.527769028000000000e+12 3.166422181000000000e+12
3.899999999999999994e-02 3.598046394900000000e+14 2.324414728000000000e+12 3.064233081000000000e+12
4.050000000000000128e-02 3.073922394900000000e+14 2.087841128000000000e+12 2.912611881000000000e+12
4.200000000000000261e-02 2.645898894900000000e+14 1.892904028000000000e+12 2.560418181000000000e+12
4.349999999999999700e-02 2.260157094900000000e+14 1.708963528000000000e+12 2.186946681000000000e+12
4.499999999999999833e-02 1.898469194900000000e+14 1.530420728000000000e+12 1.913965281000000000e+12
4.649999999999999967e-02 1.585740494900000000e+14 1.364608028000000000e+12 1.629889181000000000e+12
4.800000000000000100e-02 1.325698994900000000e+14 1.218454928000000000e+12 1.585634681000000000e+12
4.950000000000000233e-02 1.092170994900000000e+14 1.080488728000000000e+12 1.403366281000000000e+12
5.099999999999999672e-02 8.782505549000000000e+13 9.461423780000000000e+11 1.156934281000000000e+12
5.249999999999999806e-02 7.128966249000000000e+13 8.367026380000000000e+11 1.015850381000000000e+12
5.399999999999999939e-02 5.591512249000000000e+13 7.213735980000000000e+11 9.146903510000000000e+11
5.550000000000000072e-02 4.117674749000000000e+13 5.991191180000000000e+11 8.054869310000000000e+11
5.700000000000000205e-02 3.052306349000000000e+13 5.014711480000000000e+11 6.575383510000000000e+11
5.850000000000000339e-02 2.261444249000000000e+13 4.207051880000000000e+11 5.500182110000000000e+11
5.999999999999999778e-02 1.614850349000000000e+13 3.464239980000000000e+11 4.304548610000000000e+11
6.149999999999999911e-02 1.042712849000000000e+13 2.691183980000000000e+11 3.463602210000000000e+11
6.300000000000000044e-02 6.955488990000000000e+12 2.165308880000000000e+11 2.923965410000000000e+11
6.450000000000000178e-02 4.904618690000000000e+12 1.792858180000000000e+11 2.266569410000000000e+11
6.600000000000000311e-02 3.773536390000000000e+12 1.588098880000000000e+11 2.045907410000000000e+11
6.750000000000000444e-02 3.228436490000000000e+12 1.484178580000000000e+11 1.895657610000000000e+11
6.900000000000000577e-02 3.118780690000000000e+12 1.426734880000000000e+11 1.723512310000000000e+11
7.049999999999999323e-02 4.021108990000000000e+12 1.565303680000000000e+11 1.852285410000000000e+11
7.199999999999999456e-02 4.997401690000000000e+12 1.691243380000000000e+11 2.033156010000000000e+11
7.349999999999999589e-02 5.880003490000000000e+12 1.787906380000000000e+11 2.274357610000000000e+11
7.499999999999999722e-02 7.145999690000000000e+12 1.948748980000000000e+11 2.381127410000000000e+11
7.649999999999999856e-02 7.792680890000000000e+12 2.009495880000000000e+11 2.454601210000000000e+11
7.799999999999999989e-02 8.794960890000000000e+12 2.110552680000000000e+11 2.786754010000000000e+11
7.950000000000000122e-02 1.019654549000000000e+13 2.265390580000000000e+11 2.758633710000000000e+11
8.100000000000000255e-02 1.078002749000000000e+13 2.299150880000000000e+11 2.866890910000000000e+11
8.250000000000000389e-02 1.166830249000000000e+13 2.378637080000000000e+11 3.097881510000000000e+11
8.400000000000000522e-02 1.131139349000000000e+13 2.302110180000000000e+11 2.990184910000000000e+11
8.550000000000000655e-02 1.145872349000000000e+13 2.289500180000000000e+11 2.912148210000000000e+11
8.699999999999999400e-02 1.209138049000000000e+13 2.365168080000000000e+11 3.154244610000000000e+11
8.849999999999999534e-02 1.135030549000000000e+13 2.228055580000000000e+11 3.128313710000000000e+11
8.999999999999999667e-02 1.122129349000000000e+13 2.192327280000000000e+11 2.738733110000000000e+11
9.149999999999999800e-02 1.048173149000000000e+13 2.094376480000000000e+11 2.641790410000000000e+11
9.299999999999999933e-02 9.791983490000000000e+12 2.018082780000000000e+11 2.578394810000000000e+11
9.450000000000000067e-02 8.755290990000000000e+12 1.843719080000000000e+11 2.360126710000000000e+11
9.600000000000000200e-02 8.161891290000000000e+12 1.775701380000000000e+11 2.278495810000000000e+11
9.750000000000000333e-02 7.303325890000000000e+12 1.665031180000000000e+11 2.154573010000000000e+11
9.900000000000000466e-02 6.202060490000000000e+12 1.488110080000000000e+11 1.847850910000000000e+11
1.005000000000000060e-01 5.080497190000000000e+12 1.361830280000000000e+11 1.793756310000000000e+11
1.019999999999999934e-01 4.258998590000000000e+12 1.278879680000000000e+11 1.688452310000000000e+11
1.034999999999999948e-01 3.447671090000000000e+12 1.176288980000000000e+11 1.586994510000000000e+11
1.049999999999999961e-01 2.907761190000000000e+12 1.104397380000000000e+11 1.446979610000000000e+11
1.064999999999999974e-01 2.309960090000000000e+12 1.009680680000000000e+11 1.237248110000000000e+11
1.079999999999999988e-01 1.776504590000000000e+12 9.447586800000000000e+10 1.068784810000000000e+11
1.095000000000000001e-01 1.355005190000000000e+12 8.762455800000000000e+10 9.681591100000000000e+10
1.110000000000000014e-01 1.217372290000000000e+12 8.525320800000000000e+10 9.239676100000000000e+10
1.125000000000000028e-01 1.068357490000000000e+12 8.422709800000000000e+10 8.678783100000000000e+10
1.140000000000000041e-01 8.452152900000000000e+11 8.107128800000000000e+10 7.971017100000000000e+10
1.155000000000000054e-01 7.741068900000000000e+11 7.942118800000000000e+10 7.597370100000000000e+10
1.170000000000000068e-01 7.646683900000000000e+11 7.838975800000000000e+10 7.360105100000000000e+10
1.184999999999999942e-01 6.885727900000000000e+11 7.733348800000000000e+10 7.521417100000000000e+10
1.199999999999999956e-01 1.037864490000000000e+12 8.302623800000000000e+10 9.078164100000000000e+10
1.214999999999999969e-01 1.053178590000000000e+12 8.183248800000000000e+10 8.939430100000000000e+10
1.229999999999999982e-01 1.350515490000000000e+12 8.533590800000000000e+10 9.885522100000000000e+10
1.244999999999999996e-01 1.611415390000000000e+12 8.805174800000000000e+10 1.016126610000000000e+11
1.260000000000000009e-01 1.516616590000000000e+12 8.493497800000000000e+10 1.032170410000000000e+11
1.275000000000000022e-01 1.907769790000000000e+12 8.762455800000000000e+10 1.082640410000000000e+11
1.290000000000000036e-01 2.140863590000000000e+12 8.960347800000000000e+10 1.126927610000000000e+11
1.305000000000000049e-01 2.019602090000000000e+12 8.505441800000000000e+10 1.068986010000000000e+11
1.320000000000000062e-01 2.302337690000000000e+12 8.760819800000000000e+10 1.028762210000000000e+11
1.335000000000000075e-01 2.246775090000000000e+12 8.389975800000000000e+10 9.775113100000000000e+10
1.350000000000000089e-01 2.082115890000000000e+12 8.121946800000000000e+10 1.005015310000000000e+11
1.365000000000000102e-01 2.127351990000000000e+12 8.118693800000000000e+10 9.498184100000000000e+10
1.380000000000000115e-01 2.123982790000000000e+12 7.928235800000000000e+10 9.483168100000000000e+10
1.395000000000000129e-01 2.097452490000000000e+12 7.808079800000000000e+10 9.315078100000000000e+10
1.409999999999999865e-01 1.998715590000000000e+12 7.703766800000000000e+10 9.474356100000000000e+10
1.424999999999999878e-01 1.891524290000000000e+12 7.501971800000000000e+10 9.071756100000000000e+10
1.439999999999999891e-01 1.657442590000000000e+12 7.070387800000000000e+10 8.199305100000000000e+10
1.454999999999999905e-01 1.574031190000000000e+12 6.900126800000000000e+10 8.151487100000000000e+10
1.469999999999999918e-01 1.280044390000000000e+12 6.475370800000000000e+10 7.324358100000000000e+10
1.484999999999999931e-01 9.514186900000000000e+11 6.078414800000000000e+10 6.166707900000000000e+10
1.499999999999999944e-01 8.525913900000000000e+11 5.941317800000000000e+10 6.353411500000000000e+10
1.514999999999999958e-01 7.121920900000000000e+11 5.676434800000000000e+10 5.677462500000000000e+10
1.529999999999999971e-01 5.352918900000000000e+11 5.415420800000000000e+10 4.905160900000000000e+10
1.544999999999999984e-01 4.929799900000000000e+11 5.311177800000000000e+10 4.772889800000000000e+10
1.559999999999999998e-01 4.202854900000000000e+11 5.257296800000000000e+10 4.758107800000000000e+10
1.575000000000000011e-01 4.143965900000000000e+11 5.199330800000000000e+10 5.002874300000000000e+10
1.590000000000000024e-01 3.912287900000000000e+11 5.068253800000000000e+10 4.741930000000000000e+10
1.605000000000000038e-01 3.536683900000000000e+11 5.045536800000000000e+10 4.707764300000000000e+10
1.620000000000000051e-01 2.369990900000000000e+11 4.760917800000000000e+10 3.928882300000000000e+10
1.635000000000000064e-01 3.583336900000000000e+11 4.931268800000000000e+10 4.382429900000000000e+10
1.650000000000000078e-01 2.998616900000000000e+11 4.735210800000000000e+10 3.813616300000000000e+10
1.665000000000000091e-01 3.184499900000000000e+11 4.784933800000000000e+10 4.240689000000000000e+10
1.680000000000000104e-01 4.107151900000000000e+11 4.782658800000000000e+10 4.359400700000000000e+10
1.695000000000000118e-01 5.107659900000000000e+11 4.734021800000000000e+10 4.313375200000000000e+10
1.710000000000000131e-01 6.403415900000000000e+11 4.882022800000000000e+10 4.849866800000000000e+10
1.724999999999999867e-01 5.619203900000000000e+11 4.721871800000000000e+10 4.575567400000000000e+10
1.739999999999999880e-01 6.924676900000000000e+11 4.792643800000000000e+10 4.779532500000000000e+10
1.754999999999999893e-01 8.868720900000000000e+11 4.926961800000000000e+10 5.097063800000000000e+10
1.769999999999999907e-01 7.354627900000000000e+11 4.735835800000000000e+10 5.026852600000000000e+10
1.784999999999999920e-01 7.066176900000000000e+11 4.704550200000000000e+10 4.939414200000000000e+10
1.799999999999999933e-01 7.713390900000000000e+11 4.729978800000000000e+10 5.116778100000000000e+10
1.814999999999999947e-01 8.751196900000000000e+11 4.743012800000000000e+10 5.165730800000000000e+10
1.829999999999999960e-01 7.457905900000000000e+11 4.569197600000000000e+10 4.781598300000000000e+10
1.844999999999999973e-01 7.620097900000000000e+11 4.508533500000000000e+10 4.527659600000000000e+10
1.859999999999999987e-01 6.801812900000000000e+11 4.371659500000000000e+10 4.306015000000000000e+10
1.875000000000000000e-01 6.119495900000000000e+11 4.293763200000000000e+10 4.251328700000000000e+10
1.890000000000000013e-01 7.014356900000000000e+11 4.402372500000000000e+10 4.650839100000000000e+10
1.905000000000000027e-01 6.528385900000000000e+11 4.330501500000000000e+10 4.772607500000000000e+10
1.920000000000000040e-01 5.750451900000000000e+11 4.147373700000000000e+10 4.282614000000000000e+10
1.935000000000000053e-01 5.475395900000000000e+11 4.099187300000000000e+10 4.003340500000000000e+10
1.950000000000000067e-01 3.866056900000000000e+11 3.933022100000000000e+10 3.626393700000000000e+10
1.965000000000000080e-01 3.006886900000000000e+11 3.832693500000000000e+10 3.456058200000000000e+10
1.980000000000000093e-01 2.640931900000000000e+11 3.741943900000000000e+10 3.230620900000000000e+10
1.995000000000000107e-01 2.636301900000000000e+11 3.784153800000000000e+10 3.098856700000000000e+10
2.010000000000000120e-01 2.516623900000000000e+11 3.803319800000000000e+10 2.980383600000000000e+10
2.025000000000000133e-01 2.522457900000000000e+11 3.837258400000000000e+10 3.202057400000000000e+10
2.039999999999999869e-01 3.182784900000000000e+11 3.968997200000000000e+10 3.662134100000000000e+10
2.054999999999999882e-01 2.482925900000000000e+11 3.905771900000000000e+10 3.232653100000000000e+10
2.069999999999999896e-01 2.212991900000000000e+11 3.876349900000000000e+10 3.121433000000000000e+10
2.084999999999999909e-01 3.162293900000000000e+11 3.948518500000000000e+10 3.353771200000000000e+10
2.099999999999999922e-01 1.957668900000000000e+11 3.851730200000000000e+10 3.141350200000000000e+10
2.114999999999999936e-01 1.519433900000000000e+11 3.833378100000000000e+10 3.007335000000000000e+10
2.129999999999999949e-01 2.252880900000000000e+11 3.881435100000000000e+10 3.054612800000000000e+10
2.144999999999999962e-01 2.565204900000000000e+11 3.885144700000000000e+10 3.171506800000000000e+10
2.159999999999999976e-01 3.005432900000000000e+11 3.941516700000000000e+10 3.485422400000000000e+10
2.174999999999999989e-01 4.517389900000000000e+11 4.124312100000000000e+10 3.819942400000000000e+10
2.190000000000000002e-01 3.378612900000000000e+11 3.967361600000000000e+10 3.645408100000000000e+10
2.205000000000000016e-01 3.497166900000000000e+11 3.971045200000000000e+10 3.657081400000000000e+10
2.220000000000000029e-01 3.803095900000000000e+11 4.001074900000000000e+10 4.013826700000000000e+10
2.235000000000000042e-01 4.523956900000000000e+11 4.060044400000000000e+10 4.154763100000000000e+10
2.250000000000000056e-01 4.142549900000000000e+11 3.995725200000000000e+10 3.762023000000000000e+10
2.265000000000000069e-01 3.047325900000000000e+11 3.756897200000000000e+10 3.350010800000000000e+10
2.280000000000000082e-01 4.027339900000000000e+11 3.731592900000000000e+10 3.350748700000000000e+10
2.295000000000000095e-01 3.818494900000000000e+11 3.675905400000000000e+10 3.524928300000000000e+10
2.310000000000000109e-01 3.662598900000000000e+11 3.579738900000000000e+10 3.246026600000000000e+10
2.325000000000000122e-01 2.875759900000000000e+11 3.489369300000000000e+10 3.109446300000000000e+10
2.340000000000000135e-01 2.650799900000000000e+11 3.393079100000000000e+10 3.033676700000000000e+10
2.354999999999999871e-01 2.338442900000000000e+11 3.297945400000000000e+10 2.781282200000000000e+10
2.369999999999999885e-01 2.774558900000000000e+11 3.323735700000000000e+10 2.951716700000000000e+10
2.384999999999999898e-01 1.907153900000000000e+11 3.161242100000000000e+10 2.683217400000000000e+10
2.399999999999999911e-01 1.874250900000000000e+11 3.170982100000000000e+10 2.674231700000000000e+10
2.414999999999999925e-01 1.732147900000000000e+11 3.122746300000000000e+10 2.599234900000000000e+10
2.429999999999999938e-01 2.338517900000000000e+11 3.085275700000000000e+10 2.575726600000000000e+10
2.444999999999999951e-01 2.117557900000000000e+11 3.024050200000000000e+10 2.462423600000000000e+10
2.459999999999999964e-01 2.631941900000000000e+11 3.032109600000000000e+10 2.524389600000000000e+10
2.474999999999999978e-01 2.670767900000000000e+11 3.001834300000000000e+10 2.573046100000000000e+10
2.489999999999999991e-01 2.113949900000000000e+11 2.967434500000000000e+10 2.712971200000000000e+10
2.505000000000000004e-01 1.972778900000000000e+11 2.914479000000000000e+10 2.603579600000000000e+10
2.520000000000000018e-01 1.342821900000000000e+11 2.814315400000000000e+10 2.321135800000000000e+10
2.535000000000000031e-01 1.551522900000000000e+11 2.803850200000000000e+10 2.347565600000000000e+10
2.550000000000000044e-01 2.262751900000000000e+11 2.837297700000000000e+10 2.575100400000000000e+10
2.565000000000000058e-01 2.560591900000000000e+11 2.830228000000000000e+10 2.583222600000000000e+10
2.580000000000000071e-01 1.729949900000000000e+11 2.713544700000000000e+10 2.156620100000000000e+10
2.595000000000000084e-01 1.513571900000000000e+11 2.678075900000000000e+10 2.154317700000000000e+10
2.610000000000000098e-01 2.277582900000000000e+11 2.713791500000000000e+10 2.349531800000000000e+10
2.625000000000000111e-01 2.215961900000000000e+11 2.668764700000000000e+10 2.257592600000000000e+10
2.640000000000000124e-01 2.560568900000000000e+11 2.684101900000000000e+10 2.447637800000000000e+10
2.655000000000000138e-01 2.196033900000000000e+11 2.626017500000000000e+10 2.357093800000000000e+10
2.670000000000000151e-01 1.992860900000000000e+11 2.571389500000000000e+10 2.154119700000000000e+10
2.685000000000000164e-01 2.625095900000000000e+11 2.582696000000000000e+10 2.153925600000000000e+10
2.700000000000000178e-01 3.395694900000000000e+11 2.581509000000000000e+10 2.287780300000000000e+10
2.715000000000000191e-01 2.612222900000000000e+11 2.520400800000000000e+10 2.290293300000000000e+10
2.730000000000000204e-01 2.525242900000000000e+11 2.499117600000000000e+10 2.223716200000000000e+10
2.745000000000000218e-01 2.559474900000000000e+11 2.505987400000000000e+10 2.271011100000000000e+10
2.760000000000000231e-01 2.280319900000000000e+11 2.454248800000000000e+10 2.217244800000000000e+10
2.775000000000000244e-01 2.039677900000000000e+11 2.411216000000000000e+10 2.194535400000000000e+10
2.790000000000000258e-01 2.132792900000000000e+11 2.392647600000000000e+10 2.205558900000000000e+10
2.805000000000000271e-01 2.039319900000000000e+11 2.365080800000000000e+10 2.103287100000000000e+10
2.819999999999999729e-01 1.928796900000000000e+11 2.313785700000000000e+10 1.907415700000000000e+10
2.834999999999999742e-01 1.815167900000000000e+11 2.279566000000000000e+10 1.853047900000000000e+10
2.849999999999999756e-01 1.220117900000000000e+11 2.200808800000000000e+10 1.675260800000000000e+10
2.864999999999999769e-01 1.554443900000000000e+11 2.229654600000000000e+10 1.920663600000000000e+10
2.879999999999999782e-01 1.489878900000000000e+11 2.195560000000000000e+10 1.928269400000000000e+10
2.894999999999999796e-01 2.307403900000000000e+11 2.266545900000000000e+10 2.143982500000000000e+10
2.909999999999999809e-01 1.961749900000000000e+11 2.188884300000000000e+10 1.973338700000000000e+10
2.924999999999999822e-01 1.776106900000000000e+11 2.164505600000000000e+10 1.941784400000000000e+10
2.939999999999999836e-01 1.148221900000000000e+11 2.100411100000000000e+10 1.814236700000000000e+10
2.954999999999999849e-01 9.440369000000000000e+10 2.078852500000000000e+10 1.780260100000000000e+10
2.969999999999999862e-01 1.292031900000000000e+11 2.045459600000000000e+10 1.675630700000000000e+10
2.984999999999999876e-01 1.693331900000000000e+11 2.061905100000000000e+10 1.792014500000000000e+10
2.999999999999999889e-01 1.757088900000000000e+11 2.045153200000000000e+10 1.843368700000000000e+10
3.014999999999999902e-01 1.387408900000000000e+11 1.993615000000000000e+10 1.603614100000000000e+10
3.029999999999999916e-01 1.190818900000000000e+11 1.941604200000000000e+10 1.476789700000000000e+10
3.044999999999999929e-01 1.534864900000000000e+11 1.972453600000000000e+10 1.711486800000000000e+10
3.059999999999999942e-01 1.386598900000000000e+11 1.945476900000000000e+10 1.750150500000000000e+10
3.074999999999999956e-01 1.995465900000000000e+11 1.960702400000000000e+10 1.866495600000000000e+10
3.089999999999999969e-01 1.789504900000000000e+11 1.935865600000000000e+10 1.809267700000000000e+10
3.104999999999999982e-01 1.757946900000000000e+11 1.904056900000000000e+10 1.755267300000000000e+10
3.119999999999999996e-01 1.947697900000000000e+11 1.885510100000000000e+10 1.718485100000000000e+10
3.135000000000000009e-01 1.891970900000000000e+11 1.880157800000000000e+10 1.685101400000000000e+10
3.150000000000000022e-01 1.735827900000000000e+11 1.857506800000000000e+10 1.698451500000000000e+10
3.165000000000000036e-01 1.591195900000000000e+11 1.809689600000000000e+10 1.603982100000000000e+10
3.180000000000000049e-01 1.999490900000000000e+11 1.833647100000000000e+10 1.699465600000000000e+10
3.195000000000000062e-01 1.729175900000000000e+11 1.771611900000000000e+10 1.558212000000000000e+10
3.210000000000000075e-01 1.677672900000000000e+11 1.763348300000000000e+10 1.597243300000000000e+10
3.225000000000000089e-01 1.707457900000000000e+11 1.757000600000000000e+10 1.625847400000000000e+10
3.240000000000000102e-01 1.241241900000000000e+11 1.694588000000000000e+10 1.468986300000000000e+10
3.255000000000000115e-01 1.847450900000000000e+11 1.760873300000000000e+10 1.721010900000000000e+10
3.270000000000000129e-01 1.801496900000000000e+11 1.699690900000000000e+10 1.479791600000000000e+10
3.285000000000000142e-01 1.404210900000000000e+11 1.651184700000000000e+10 1.399263000000000000e+10
3.300000000000000155e-01 1.973997900000000000e+11 1.687582400000000000e+10 1.587396300000000000e+10
3.315000000000000169e-01 9.373449000000000000e+10 1.585668400000000000e+10 1.381553900000000000e+10
3.330000000000000182e-01 1.330881900000000000e+11 1.625077200000000000e+10 1.454075200000000000e+10
3.345000000000000195e-01 1.107007900000000000e+11 1.547430800000000000e+10 1.235226600000000000e+10
3.360000000000000209e-01 1.552431900000000000e+11 1.600637600000000000e+10 1.423090600000000000e+10
3.375000000000000222e-01 1.322927900000000000e+11 1.556136100000000000e+10 1.339669200000000000e+10
3.390000000000000235e-01 5.565079000000000000e+10 1.484353300000000000e+10 1.145747800000000000e+10
3.405000000000000249e-01 1.006044900000000000e+11 1.493837700000000000e+10 1.227919400000000000e+10
3.420000000000000262e-01 3.449289000000000000e+10 1.442151100000000000e+10 1.094604000000000000e+10
3.435000000000000275e-01 2.228437000000000000e+10 1.413340100000000000e+10 9.929571000000000000e+09
3.449999999999999734e-01 4.670939000000000000e+10 1.403878000000000000e+10 1.016101400000000000e+10
3.464999999999999747e-01 1.032283000000000000e+10 1.370802300000000000e+10 9.989535000000000000e+09
3.479999999999999760e-01 6.762209000000000000e+10 1.426058300000000000e+10 1.184486900000000000e+10
3.494999999999999774e-01 6.078199000000000000e+10 1.369448300000000000e+10 1.030461200000000000e+10
3.509999999999999787e-01 1.261661900000000000e+11 1.411532600000000000e+10 1.189471800000000000e+10
3.524999999999999800e-01 1.337192900000000000e+11 1.386547400000000000e+10 1.208321300000000000e+10
3.539999999999999813e-01 1.068918900000000000e+11 1.350650900000000000e+10 1.154595500000000000e+10
3.554999999999999827e-01 1.058177900000000000e+11 1.337512100000000000e+10 1.106019600000000000e+10
3.569999999999999840e-01 1.670446900000000000e+11 1.375099400000000000e+10 1.265215700000000000e+10
3.584999999999999853e-01 1.117527900000000000e+11 1.306819400000000000e+10 1.087995500000000000e+10
3.599999999999999867e-01 5.890739000000000000e+10 1.293725600000000000e+10 1.037452800000000000e+10
3.614999999999999880e-01 1.300792000000000000e+10 1.227963800000000000e+10 9.540844000000000000e+09
3.629999999999999893e-01 8.011749000000000000e+10 1.271539600000000000e+10 1.117436200000000000e+10
3.644999999999999907e-01 4.101238000000000000e+10 1.204482200000000000e+10 9.332624000000000000e+09
3.659999999999999920e-01 3.762463000000000000e+10 1.195490800000000000e+10 9.219058000000000000e+09
3.674999999999999933e-01 1.397175900000000000e+11 1.248411400000000000e+10 1.106591200000000000e+10
3.689999999999999947e-01 1.118729900000000000e+11 1.199051300000000000e+10 1.032222800000000000e+10
3.704999999999999960e-01 6.797829000000000000e+10 1.187779100000000000e+10 1.007457400000000000e+10
3.719999999999999973e-01 6.847449000000000000e+10 1.133866800000000000e+10 8.385624000000000000e+09
3.734999999999999987e-01 9.391199000000000000e+10 1.150080100000000000e+10 9.883484000000000000e+09
3.750000000000000000e-01 9.497279000000000000e+10 1.143387300000000000e+10 1.022790700000000000e+10
3.765000000000000013e-01 1.133705900000000000e+11 1.143264300000000000e+10 1.076373100000000000e+10
3.780000000000000027e-01 1.283762900000000000e+11 1.162227300000000000e+10 1.107921700000000000e+10
3.795000000000000040e-01 7.754979000000000000e+10 1.104974700000000000e+10 1.036337800000000000e+10
3.810000000000000053e-01 6.592539000000000000e+10 1.074044700000000000e+10 9.119288000000000000e+09
3.825000000000000067e-01 1.063610900000000000e+11 1.089388800000000000e+10 9.421831000000000000e+09
3.840000000000000080e-01 1.403036900000000000e+11 1.086186700000000000e+10 1.068936100000000000e+10
3.855000000000000093e-01 6.085259000000000000e+10 1.035536800000000000e+10 9.397081000000000000e+09
3.870000000000000107e-01 5.878759000000000000e+10 1.013097000000000000e+10 8.390567000000000000e+09
3.885000000000000120e-01 6.898759000000000000e+10 1.003872700000000000e+10 7.985005000000000000e+09
3.900000000000000133e-01 5.312209000000000000e+10 9.962080000000000000e+09 7.134533000000000000e+09
3.915000000000000147e-01 7.805339000000000000e+10 9.977573000000000000e+09 7.891766000000000000e+09
3.930000000000000160e-01 8.631859000000000000e+10 9.629832000000000000e+09 8.016299000000000000e+09
3.945000000000000173e-01 9.290299000000000000e+10 9.793412000000000000e+09 9.182710000000000000e+09
3.960000000000000187e-01 1.063963900000000000e+11 9.735531000000000000e+09 9.722991000000000000e+09
3.975000000000000200e-01 1.269195900000000000e+11 9.806843000000000000e+09 9.864172000000000000e+09
3.990000000000000213e-01 1.546720900000000000e+11 9.696036000000000000e+09 9.405012000000000000e+09
4.005000000000000226e-01 1.264234900000000000e+11 9.267752000000000000e+09 8.124117000000000000e+09
4.020000000000000240e-01 5.619159000000000000e+10 8.744852000000000000e+09 6.967216000000000000e+09
4.035000000000000253e-01 1.614857900000000000e+11 9.804660000000000000e+09 1.042340000000000000e+10
4.050000000000000266e-01 6.277049000000000000e+10 8.635460000000000000e+09 7.702180000000000000e+09
4.064999999999999725e-01 1.003776900000000000e+11 8.708035000000000000e+09 7.787342000000000000e+09
4.079999999999999738e-01 1.573946900000000000e+11 8.769513000000000000e+09 7.977528000000000000e+09
4.094999999999999751e-01 1.774604900000000000e+11 8.889367000000000000e+09 9.625042000000000000e+09
4.109999999999999765e-01 1.560522900000000000e+11 8.748487000000000000e+09 8.945557000000000000e+09
4.124999999999999778e-01 1.028401900000000000e+11 8.221692000000000000e+09 7.142527000000000000e+09
4.139999999999999791e-01 7.485899000000000000e+10 8.188682000000000000e+09 7.219980000000000000e+09
4.154999999999999805e-01 7.420909000000000000e+10 7.831608000000000000e+09 6.506670000000000000e+09
4.169999999999999818e-01 1.781362900000000000e+11 8.428142000000000000e+09 9.317217000000000000e+09
4.184999999999999831e-01 1.443179900000000000e+11 8.025876000000000000e+09 8.008343000000000000e+09
4.199999999999999845e-01 9.742209000000000000e+10 7.564803000000000000e+09 6.173277000000000000e+09
4.214999999999999858e-01 7.670409000000000000e+10 7.397461000000000000e+09 6.461212000000000000e+09
4.229999999999999871e-01 1.432744900000000000e+11 7.720402000000000000e+09 7.721483000000000000e+09
4.244999999999999885e-01 1.191056900000000000e+11 7.262488000000000000e+09 6.675649000000000000e+09
4.259999999999999898e-01 9.681199000000000000e+10 7.586831000000000000e+09 7.191189000000000000e+09
4.274999999999999911e-01 8.253419000000000000e+10 7.992694000000000000e+09 7.335897000000000000e+09
4.289999999999999925e-01 6.819709000000000000e+10 8.196003000000000000e+09 7.368993000000000000e+09
4.304999999999999938e-01 2.830696000000000000e+10 8.023611000000000000e+09 6.565486000000000000e+09
4.319999999999999951e-01 5.512459000000000000e+10 8.168976000000000000e+09 6.723864000000000000e+09
4.334999999999999964e-01 5.083329000000000000e+10 8.067413000000000000e+09 5.701066000000000000e+09
4.349999999999999978e-01 8.166559000000000000e+10 8.618235000000000000e+09 8.026568000000000000e+09
4.364999999999999991e-01 9.661879000000000000e+10 8.757693000000000000e+09 8.369274000000000000e+09
4.380000000000000004e-01 6.914029000000000000e+10 8.644952000000000000e+09 7.342353000000000000e+09
4.395000000000000018e-01 9.624559000000000000e+10 8.723129000000000000e+09 7.068652000000000000e+09
4.410000000000000031e-01 6.046329000000000000e+10 8.570842000000000000e+09 6.910972000000000000e+09
4.425000000000000044e-01 6.985919000000000000e+10 8.568786000000000000e+09 6.833173000000000000e+09
4.440000000000000058e-01 8.551619000000000000e+10 8.630011000000000000e+09 7.083032000000000000e+09
4.455000000000000071e-01 5.876119000000000000e+10 8.792506000000000000e+09 7.651872000000000000e+09
4.470000000000000084e-01 7.779029000000000000e+10 8.709932000000000000e+09 7.547283000000000000e+09
4.485000000000000098e-01 1.249246900000000000e+11 8.840521000000000000e+09 8.167329000000000000e+09
4.500000000000000111e-01 3.285814000000000000e+10 8.394364000000000000e+09 6.977523000000000000e+09
4.515000000000000124e-01 2.434993000000000000e+10 8.156769000000000000e+09 5.656541000000000000e+09
4.530000000000000138e-01 5.957049000000000000e+10 8.035183000000000000e+09 6.397989000000000000e+09
4.545000000000000151e-01 7.716219000000000000e+10 7.677113000000000000e+09 6.954277000000000000e+09
4.560000000000000164e-01 9.242989000000000000e+10 7.430681000000000000e+09 6.843702000000000000e+09
4.575000000000000178e-01 6.660239000000000000e+10 7.123430000000000000e+09 6.768516000000000000e+09
4.590000000000000191e-01 3.732689000000000000e+10 6.700722000000000000e+09 5.729746000000000000e+09
4.605000000000000204e-01 5.884359000000000000e+10 6.718062000000000000e+09 6.039960000000000000e+09
4.620000000000000218e-01 5.678589000000000000e+10 6.271753000000000000e+09 5.131534000000000000e+09
4.635000000000000231e-01 9.308299000000000000e+10 6.351712000000000000e+09 5.304929000000000000e+09
4.650000000000000244e-01 4.445159000000000000e+10 5.953665000000000000e+09 4.809926000000000000e+09
4.665000000000000258e-01 6.653669000000000000e+10 5.951134000000000000e+09 5.676681000000000000e+09
4.680000000000000271e-01 7.747219000000000000e+10 5.822290000000000000e+09 5.954922000000000000e+09
4.694999999999999729e-01 7.954669000000000000e+10 5.768565000000000000e+09 5.961174000000000000e+09
4.709999999999999742e-01 6.400349000000000000e+10 5.546413000000000000e+09 5.646805000000000000e+09
4.724999999999999756e-01 3.406552000000000000e+10 5.220516000000000000e+09 4.945568000000000000e+09
4.739999999999999769e-01 1.067916900000000000e+11 5.388714000000000000e+09 5.365646000000000000e+09
4.754999999999999782e-01 9.172379000000000000e+10 5.109900000000000000e+09 4.357215000000000000e+09
4.769999999999999796e-01 2.933183000000000000e+10 4.734109000000000000e+09 3.702633000000000000e+09
4.784999999999999809e-01 1.164530900000000000e+11 5.189180000000000000e+09 5.455370000000000000e+09
4.799999999999999822e-01 1.260794900000000000e+11 4.902682000000000000e+09 4.990814000000000000e+09
4.814999999999999836e-01 7.102949000000000000e+10 4.585496000000000000e+09 4.745549000000000000e+09
4.829999999999999849e-01 6.843439000000000000e+10 4.524132000000000000e+09 4.919622000000000000e+09
4.844999999999999862e-01 7.966509000000000000e+10 4.651523000000000000e+09 5.323522000000000000e+09
4.859999999999999876e-01 6.862949000000000000e+10 4.369225000000000000e+09 4.633534000000000000e+09
4.874999999999999889e-01 8.300709000000000000e+10 4.329433000000000000e+09 4.845052000000000000e+09
4.889999999999999902e-01 5.932959000000000000e+10 4.148196000000000000e+09 5.030511000000000000e+09
4.904999999999999916e-01 7.190959000000000000e+10 3.982973000000000000e+09 3.967087000000000000e+09
4.919999999999999929e-01 2.629084000000000000e+10 3.632053000000000000e+09 2.654739000000000000e+09
4.934999999999999942e-01 8.388220000000000000e+09 3.271458000000000000e+09 2.292533000000000000e+09
4.949999999999999956e-01 4.208556000000000000e+10 3.664271000000000000e+09 4.150391000000000000e+09
4.964999999999999969e-01 4.185188000000000000e+10 3.603998000000000000e+09 3.701345000000000000e+09
4.979999999999999982e-01 6.401529000000000000e+10 3.320723000000000000e+09 3.024436000000000000e+09
4.994999999999999996e-01 6.424839000000000000e+10 3.420160000000000000e+09 4.387371000000000000e+09
5.010000000000000009e-01 9.433739000000000000e+10 3.304868000000000000e+09 4.144862000000000000e+09
5.024999999999999467e-01 1.080064900000000000e+11 3.210634000000000000e+09 3.938279000000000000e+09
5.040000000000000036e-01 1.227957900000000000e+11 3.334326000000000000e+09 4.577816000000000000e+09
5.054999999999999494e-01 7.391499000000000000e+10 2.932168000000000000e+09 3.878127000000000000e+09
5.070000000000000062e-01 8.744019000000000000e+10 2.832407000000000000e+09 3.411180000000000000e+09
5.084999999999999520e-01 6.814869000000000000e+10 2.806160000000000000e+09 3.975988000000000000e+09
5.100000000000000089e-01 6.070119000000000000e+10 2.731993000000000000e+09 4.594575000000000000e+09
5.114999999999999547e-01 6.648689000000000000e+10 2.602876000000000000e+09 4.252303000000000000e+09
5.130000000000000115e-01 5.376009000000000000e+10 2.341052000000000000e+09 2.863286000000000000e+09
5.144999999999999574e-01 2.965118000000000000e+10 2.093002000000000000e+09 2.708782000000000000e+09
5.160000000000000142e-01 9.620309000000000000e+10 2.455944000000000000e+09 4.190006000000000000e+09
5.174999999999999600e-01 5.086499000000000000e+10 2.105837000000000000e+09 2.616945000000000000e+09
5.190000000000000169e-01 -2.201800000000000000e+10 1.562679000000000000e+09 8.551550000000000000e+08
5.204999999999999627e-01 2.497809000000000000e+10 1.750044000000000000e+09 2.240102000000000000e+09
5.220000000000000195e-01 9.156559000000000000e+10 2.029125000000000000e+09 3.427862000000000000e+09
5.234999999999999654e-01 4.121784000000000000e+10 1.651533000000000000e+09 2.312803000000000000e+09
5.250000000000000222e-01 7.712719000000000000e+10 2.053958000000000000e+09 3.740991000000000000e+09
5.264999999999999680e-01 1.258436900000000000e+11 2.665122000000000000e+09 5.287961000000000000e+09
5.280000000000000249e-01 8.285769000000000000e+10 2.412656000000000000e+09 3.419006000000000000e+09
5.294999999999999707e-01 1.001571900000000000e+11 2.797462000000000000e+09 4.084866000000000000e+09
5.310000000000000275e-01 8.732859000000000000e+10 2.694846000000000000e+09 3.584140000000000000e+09
5.324999999999999734e-01 1.195743900000000000e+11 3.083693000000000000e+09 4.918620000000000000e+09
5.340000000000000302e-01 6.025649000000000000e+10 2.805716000000000000e+09 3.686153000000000000e+09
5.354999999999999760e-01 5.299730000000000000e+09 2.453597000000000000e+09 2.370351000000000000e+09
5.370000000000000329e-01 7.006669000000000000e+10 2.993817000000000000e+09 3.710503000000000000e+09
5.384999700000000500e-01 5.689409000000000000e+10 2.927942000000000000e+09 3.550060000000000000e+09
5.400000000000000355e-01 5.654949000000000000e+10 2.935283000000000000e+09 3.090488000000000000e+09
5.415000300000000211e-01 5.844909000000000000e+10 2.768283000000000000e+09 2.609319000000000000e+09
5.430000000000000382e-01 8.722849000000000000e+10 2.931400000000000000e+09 3.390516000000000000e+09
5.444999700000000553e-01 1.052756900000000000e+11 3.294305000000000000e+09 5.241345000000000000e+09
5.460000000000000409e-01 9.040999000000000000e+10 3.177522000000000000e+09 4.167604000000000000e+09
5.475000300000000264e-01 3.353949000000000000e+10 2.976687000000000000e+09 3.088004000000000000e+09
5.490000000000000435e-01 4.170256000000000000e+10 2.844601000000000000e+09 2.517695000000000000e+09
5.504999699999999496e-01 6.332789000000000000e+10 3.083858000000000000e+09 3.749163000000000000e+09
5.520000000000000462e-01 8.854469000000000000e+10 2.906580000000000000e+09 4.168854000000000000e+09
5.535000300000000317e-01 1.112648900000000000e+11 2.434614000000000000e+09 3.389301000000000000e+09
5.550000000000000488e-01 2.768896000000000000e+10 1.757188000000000000e+09 1.464885000000000000e+09
5.564999699999999550e-01 3.553145000000000000e+10 1.706419000000000000e+09 2.500933000000000000e+09
5.580000000000000515e-01 4.407759000000000000e+10 1.531521000000000000e+09 2.821526000000000000e+09
5.595000300000000371e-01 6.499739000000000000e+10 1.425739000000000000e+09 1.970195000000000000e+09
5.610000000000000542e-01 7.126019000000000000e+10 1.334848000000000000e+09 2.116178000000000000e+09
5.624999699999999603e-01 2.924646000000000000e+10 9.873800000000000000e+08 1.518156000000000000e+09
5.639999999999999458e-01 3.115467000000000000e+10 6.938020000000000000e+08 1.057109000000000000e+09
5.655000300000000424e-01 6.193199000000000000e+10 8.521660000000000000e+08 2.279679000000000000e+09
5.669999999999999485e-01 5.220799000000000000e+10 5.989450000000000000e+08 1.123244000000000000e+09
5.684999699999999656e-01 4.303949000000000000e+10 5.337170000000000000e+08 9.892170000000000000e+08
5.699999999999999512e-01 4.495860000000000000e+09 1.874100000000000000e+08 4.914510000000000000e+08
5.715000300000000477e-01 1.062229000000000000e+10 1.180140000000000000e+08 4.889030000000000000e+08
5.729999999999999538e-01 -2.073784000000000000e+10 -1.152820000000000000e+08 3.790360000000000000e+08
5.744999699999999709e-01 2.409717000000000000e+10 -4.604200000000000000e+07 7.170990000000000000e+08
5.759999999999999565e-01 3.270425000000000000e+10 -1.297030000000000000e+08 7.296670000000000000e+08
5.775000300000000530e-01 1.231977000000000000e+10 -3.900050000000000000e+08 2.464710000000000000e+08
5.789999999999999591e-01 4.254569000000000000e+10 -2.234590000000000000e+08 8.230390000000000000e+08
5.804999699999999763e-01 1.120290000000000000e+09 -4.801570000000000000e+08 3.431130000000000000e+08
5.819999999999999618e-01 2.752969000000000000e+10 -5.338090000000000000e+08 1.827750000000000000e+08
5.835000299999999473e-01 1.274034000000000000e+10 -6.167950000000000000e+08 5.266750000000000000e+08
5.849999999999999645e-01 4.260999000000000000e+10 -5.525310000000000000e+08 1.116373000000000000e+09
5.864999699999999816e-01 4.616059000000000000e+10 -5.828640000000000000e+08 1.387438000000000000e+09
5.879999999999999671e-01 3.866401000000000000e+10 -8.705960000000000000e+08 9.875900000000000000e+07
5.895000299999999527e-01 2.778996000000000000e+10 -9.471140000000000000e+08 5.386850000000000000e+08
5.909999999999999698e-01 5.398069000000000000e+10 -9.027370000000000000e+08 7.264570000000000000e+08
5.924999699999999869e-01 -1.769858000000000000e+10 -1.446993000000000000e+09 -1.464167000000000000e+09
5.939999999999999725e-01 -7.245500000000000000e+09 -1.539527000000000000e+09 -1.465639000000000000e+09
5.955000299999999580e-01 4.499239000000000000e+10 -1.338347000000000000e+09 -9.052600000000000000e+07
5.969999999999999751e-01 7.411309000000000000e+10 -1.224076000000000000e+09 5.400460000000000000e+08
5.984999699999999923e-01 4.121845000000000000e+10 -1.472085000000000000e+09 -1.734320000000000000e+08
5.999999999999999778e-01 4.065340000000000000e+09 -1.740102000000000000e+09 -5.818170000000000000e+08
6.015000299999999633e-01 4.426789000000000000e+10 -1.494719000000000000e+09 1.661240000000000000e+08
6.029999999999999805e-01 1.592385000000000000e+10 -1.754840000000000000e+09 -2.868780000000000000e+08
6.044999699999999976e-01 4.824419000000000000e+10 -1.648839000000000000e+09 5.408360000000000000e+08
6.059999999999999831e-01 1.084207900000000000e+11 -1.428829000000000000e+09 1.244433000000000000e+09
6.075000299999999687e-01 8.225669000000000000e+10 -1.655384000000000000e+09 4.077570000000000000e+08
6.089999999999999858e-01 2.003193000000000000e+10 -2.157312000000000000e+09 -8.917930000000000000e+08
6.104999700000000029e-01 4.446499000000000000e+10 -1.848799000000000000e+09 1.903220000000000000e+08
6.119999999999999885e-01 5.511209000000000000e+10 -1.926192000000000000e+09 2.884600000000000000e+07
6.135000299999999740e-01 5.275519000000000000e+10 -2.226191000000000000e+09 -7.978220000000000000e+08
6.149999999999999911e-01 2.379213000000000000e+10 -2.372276000000000000e+09 -1.158306000000000000e+09
6.164999700000000082e-01 7.281950000000000000e+09 -2.357014000000000000e+09 -6.209600000000000000e+08
6.179999999999999938e-01 6.495019000000000000e+10 -2.273927000000000000e+09 1.478000000000000000e+07
6.195000299999999793e-01 4.720779000000000000e+10 -2.611460000000000000e+09 -5.660640000000000000e+08
6.209999999999999964e-01 4.579439000000000000e+10 -2.488846000000000000e+09 -5.605920000000000000e+08
6.224999700000000136e-01 4.144930000000000000e+09 -2.837970000000000000e+09 -1.422240000000000000e+09
6.239999999999999991e-01 4.071688000000000000e+10 -2.647036000000000000e+09 -9.934600000000000000e+08
6.255000299999999847e-01 6.059040000000000000e+09 -2.861404000000000000e+09 -1.329471000000000000e+09
6.270000000000000018e-01 2.140213000000000000e+10 -2.831950000000000000e+09 -1.052943000000000000e+09
6.284999700000000189e-01 -9.369740000000000000e+09 -3.256513000000000000e+09 -2.310407000000000000e+09
6.300000000000000044e-01 1.043744000000000000e+10 -3.114051000000000000e+09 -1.620099000000000000e+09
6.315000299999999900e-01 1.986190000000000000e+10 -3.238609000000000000e+09 -1.582349000000000000e+09
6.330000000000000071e-01 7.876910000000000000e+09 -3.286817000000000000e+09 -1.640062000000000000e+09
6.344999700000000242e-01 1.202610000000000000e+09 -3.468403000000000000e+09 -2.385628000000000000e+09
6.360000000000000098e-01 2.728251000000000000e+10 -3.351899000000000000e+09 -2.077593000000000000e+09
6.375000299999999953e-01 -1.331621000000000000e+10 -3.731138000000000000e+09 -2.710900000000000000e+09
6.390000000000000124e-01 1.794880000000000000e+10 -3.472942000000000000e+09 -1.800473000000000000e+09
6.404999700000000296e-01 2.961779000000000000e+10 -3.427779000000000000e+09 -1.627608000000000000e+09
6.420000000000000151e-01 2.395211000000000000e+10 -3.580317000000000000e+09 -1.771231000000000000e+09
6.435000300000000006e-01 -1.759645000000000000e+10 -4.008874000000000000e+09 -3.208574000000000000e+09
6.450000000000000178e-01 -3.674120000000000000e+09 -3.793355000000000000e+09 -1.802087000000000000e+09
6.464999700000000349e-01 4.926309000000000000e+10 -3.664045000000000000e+09 -1.451370000000000000e+09
6.480000000000000204e-01 2.789950000000000000e+10 -3.923011000000000000e+09 -1.633416000000000000e+09
6.495000300000000060e-01 1.006593900000000000e+11 -3.510908000000000000e+09 -6.853060000000000000e+08
6.510000000000000231e-01 -1.694241000000000000e+10 -4.122748000000000000e+09 -2.384600000000000000e+09
6.524999700000000402e-01 1.217938000000000000e+10 -4.221563000000000000e+09 -2.494083000000000000e+09
6.540000000000000258e-01 4.155232000000000000e+10 -4.050332000000000000e+09 -1.522857000000000000e+09
6.555000300000000113e-01 3.438721000000000000e+10 -4.210378000000000000e+09 -2.017990000000000000e+09
6.570000000000000284e-01 2.285984000000000000e+10 -4.353560000000000000e+09 -2.477911000000000000e+09
6.584999700000000455e-01 3.201407000000000000e+10 -4.236980000000000000e+09 -2.166905000000000000e+09
6.600000000000000311e-01 4.622849000000000000e+10 -4.357008000000000000e+09 -2.378655000000000000e+09
6.615000300000000166e-01 3.110503000000000000e+10 -4.450618000000000000e+09 -1.957562000000000000e+09
6.630000000000000338e-01 6.666609000000000000e+10 -4.289240000000000000e+09 -1.496483000000000000e+09
6.644999700000000509e-01 3.219568000000000000e+10 -4.575370000000000000e+09 -2.503962000000000000e+09
6.660000000000000364e-01 7.387149000000000000e+10 -4.427004000000000000e+09 -1.980596000000000000e+09
6.675000300000000220e-01 2.565436000000000000e+10 -4.828800000000000000e+09 -2.690506000000000000e+09
6.690000000000000391e-01 3.318481000000000000e+10 -4.754824000000000000e+09 -2.299400000000000000e+09
6.704999699999999452e-01 7.409859000000000000e+10 -4.697136000000000000e+09 -1.970235000000000000e+09
6.720000000000000417e-01 4.634409000000000000e+10 -4.803755000000000000e+09 -2.346949000000000000e+09
6.735000300000000273e-01 3.245149000000000000e+10 -4.833936000000000000e+09 -2.490258000000000000e+09
6.750000000000000444e-01 3.838008000000000000e+10 -4.905232000000000000e+09 -2.373535000000000000e+09
6.764999699999999505e-01 4.621930000000000000e+09 -5.195730000000000000e+09 -3.059717000000000000e+09
6.780000000000000471e-01 3.351350000000000000e+10 -4.940552000000000000e+09 -2.182312000000000000e+09
6.795000300000000326e-01 2.809643000000000000e+10 -5.191752000000000000e+09 -3.082709000000000000e+09
6.810000000000000497e-01 -1.337900000000000000e+08 -5.341917000000000000e+09 -3.371221000000000000e+09
6.824999699999999558e-01 3.873994000000000000e+10 -5.204460000000000000e+09 -2.644879000000000000e+09
6.840000000000000524e-01 2.498367000000000000e+10 -5.381859000000000000e+09 -3.214002000000000000e+09
6.855000300000000379e-01 8.366139000000000000e+10 -5.132029000000000000e+09 -2.351685000000000000e+09
6.870000000000000551e-01 8.714429000000000000e+10 -5.239298000000000000e+09 -2.097280000000000000e+09
6.884999699999999612e-01 9.089870000000000000e+09 -5.634842000000000000e+09 -3.379580000000000000e+09
6.899999999999999467e-01 3.203955000000000000e+10 -5.571895000000000000e+09 -3.255393000000000000e+09
6.915000300000000433e-01 4.646189000000000000e+10 -5.494775000000000000e+09 -2.319509000000000000e+09
6.929999999999999494e-01 2.317362000000000000e+10 -5.685084000000000000e+09 -2.652140000000000000e+09
6.944999699999999665e-01 7.037519000000000000e+10 -5.496437000000000000e+09 -1.985142000000000000e+09
6.959999999999999520e-01 7.554009000000000000e+10 -5.574528000000000000e+09 -2.488421000000000000e+09
6.975000300000000486e-01 -4.550970000000000000e+09 -6.019908000000000000e+09 -3.830803000000000000e+09
6.989999999999999547e-01 5.153139000000000000e+10 -5.874337000000000000e+09 -3.406348000000000000e+09
7.004999699999999718e-01 4.202080000000000000e+10 -5.946559000000000000e+09 -3.200802000000000000e+09
7.019999999999999574e-01 1.137521000000000000e+10 -6.104124000000000000e+09 -3.606056000000000000e+09
7.035000300000000539e-01 1.127207000000000000e+10 -6.173983000000000000e+09 -3.762920000000000000e+09
7.049999999999999600e-01 2.705065000000000000e+10 -6.131919000000000000e+09 -3.167585000000000000e+09
7.064999699999999772e-01 5.473359000000000000e+10 -6.072304000000000000e+09 -2.828911000000000000e+09
7.079999999999999627e-01 -1.019787000000000000e+10 -6.302567000000000000e+09 -3.446949000000000000e+09
7.095000299999999482e-01 -1.705530000000000000e+10 -6.473802000000000000e+09 -4.307639000000000000e+09
7.109999999999999654e-01 -9.407100000000000000e+08 -6.352901000000000000e+09 -3.358272000000000000e+09
7.124999699999999825e-01 3.569093000000000000e+10 -6.364559000000000000e+09 -3.432582000000000000e+09
7.139999999999999680e-01 5.264079000000000000e+10 -6.441289000000000000e+09 -3.392831000000000000e+09
7.155000299999999536e-01 5.138029000000000000e+10 -6.388081000000000000e+09 -3.037289000000000000e+09
7.169999999999999707e-01 2.253470000000000000e+10 -6.671023000000000000e+09 -3.734700000000000000e+09
7.184999699999999878e-01 5.914259000000000000e+10 -6.399565000000000000e+09 -3.092324000000000000e+09
7.199999999999999734e-01 -1.530800000000000000e+08 -6.817701000000000000e+09 -4.280345000000000000e+09
7.215000299999999589e-01 -2.167880000000000000e+09 -6.883300000000000000e+09 -4.261099000000000000e+09
7.229999999999999760e-01 3.618215000000000000e+10 -6.665554000000000000e+09 -3.032524000000000000e+09
7.244999699999999931e-01 5.585129000000000000e+10 -6.704719000000000000e+09 -3.123989000000000000e+09
7.259999999999999787e-01 4.272709000000000000e+10 -6.906029000000000000e+09 -3.860416000000000000e+09
7.275000299999999642e-01 6.611870000000000000e+09 -6.931198000000000000e+09 -3.813156000000000000e+09
7.289999999999999813e-01 -3.735014000000000000e+10 -7.215171000000000000e+09 -4.855878000000000000e+09
7.304999699999999985e-01 1.091942000000000000e+10 -7.053164000000000000e+09 -3.930040000000000000e+09
7.319999999999999840e-01 1.889936000000000000e+10 -6.940302000000000000e+09 -3.735934000000000000e+09
7.335000299999999696e-01 3.316867000000000000e+10 -6.502450000000000000e+09 -3.489739000000000000e+09
7.349999999999999867e-01 3.690369000000000000e+10 -6.442996000000000000e+09 -3.784558000000000000e+09
7.364999700000000038e-01 7.577099000000000000e+10 -5.956834000000000000e+09 -2.066373000000000000e+09
7.379999999999999893e-01 5.832099000000000000e+10 -6.109317000000000000e+09 -3.132995000000000000e+09
7.395000299999999749e-01 2.569608000000000000e+10 -6.110491000000000000e+09 -3.099988000000000000e+09
7.409999999999999920e-01 2.959982000000000000e+10 -6.189239000000000000e+09 -3.499316000000000000e+09
7.424999700000000091e-01 2.347257000000000000e+10 -6.219835000000000000e+09 -3.722642000000000000e+09
7.439999999999999947e-01 8.443750000000000000e+09 -6.189105000000000000e+09 -4.091073000000000000e+09
7.455000299999999802e-01 1.640593000000000000e+10 -6.114361000000000000e+09 -3.497765000000000000e+09
7.469999999999999973e-01 1.938804000000000000e+10 -6.134781000000000000e+09 -3.641366000000000000e+09
7.484999700000000145e-01 9.047440000000000000e+09 -6.069433000000000000e+09 -3.467664000000000000e+09
7.500000000000000000e-01 1.469280000000000000e+09 -6.101263000000000000e+09 -3.908253000000000000e+09
7.515000299999999855e-01 -1.917131000000000000e+10 -6.153078000000000000e+09 -4.640712000000000000e+09
7.530000000000000027e-01 1.309654000000000000e+10 -5.623561000000000000e+09 -3.633160000000000000e+09
7.544999700000000198e-01 7.582389000000000000e+10 -5.141314000000000000e+09 -2.709123000000000000e+09
7.560000000000000053e-01 -7.454110000000000000e+09 -5.251670000000000000e+09 -3.295938000000000000e+09
7.575000299999999909e-01 -2.493251000000000000e+10 -5.054375000000000000e+09 -3.226028000000000000e+09
7.590000000000000080e-01 -1.615966000000000000e+10 -4.988050000000000000e+09 -3.047500000000000000e+09
7.604999700000000251e-01 3.358415000000000000e+10 -4.621608000000000000e+09 -2.130697000000000000e+09
7.620000000000000107e-01 5.181469000000000000e+10 -4.496368000000000000e+09 -2.293798000000000000e+09
7.635000299999999962e-01 1.099332000000000000e+10 -4.621297000000000000e+09 -2.756498000000000000e+09
7.650000000000000133e-01 1.445609000000000000e+10 -4.480818000000000000e+09 -2.575797000000000000e+09
7.664999700000000304e-01 1.711255000000000000e+10 -4.503157000000000000e+09 -2.570281000000000000e+09
7.680000000000000160e-01 8.731000000000000000e+08 -4.398045000000000000e+09 -2.229033000000000000e+09
7.695000300000000015e-01 -1.781572000000000000e+10 -4.242643000000000000e+09 -1.829219000000000000e+09
7.710000000000000187e-01 4.218281000000000000e+10 -4.025033000000000000e+09 -1.493304000000000000e+09
7.724999700000000358e-01 1.207117000000000000e+10 -4.108733000000000000e+09 -1.969531000000000000e+09
7.740000000000000213e-01 6.927739000000000000e+10 -3.736156000000000000e+09 -9.310750000000000000e+08
7.755000300000000069e-01 3.479245000000000000e+10 -3.679684000000000000e+09 -1.647133000000000000e+09
7.770000000000000240e-01 3.083237000000000000e+10 -3.032454000000000000e+09 -1.330774000000000000e+09
7.784999700000000411e-01 5.247139000000000000e+10 -2.568558000000000000e+09 -8.136070000000000000e+08
7.800000000000000266e-01 7.629699000000000000e+10 -2.288303000000000000e+09 -5.210790000000000000e+08
7.815000300000000122e-01 9.252079000000000000e+10 -1.904532000000000000e+09 3.767990000000000000e+08
7.830000000000000293e-01 4.384549000000000000e+10 -1.896969000000000000e+09 -3.262620000000000000e+08
7.844999700000000464e-01 -2.743315000000000000e+10 -2.033138000000000000e+09 -1.413304000000000000e+09
7.860000000000000320e-01 -2.214966000000000000e+10 -1.780183000000000000e+09 -1.275130000000000000e+09
7.875000300000000175e-01 2.726048000000000000e+10 -1.283416000000000000e+09 2.765910000000000000e+08
7.890000000000000346e-01 2.380197000000000000e+10 -1.294059000000000000e+09 -8.200000000000000000e+06
7.904999700000000518e-01 1.801621000000000000e+10 -1.244385000000000000e+09 -8.781140000000000000e+08
7.920000000000000373e-01 -7.389950000000000000e+09 -1.022702000000000000e+09 -7.429930000000000000e+08
7.935000300000000228e-01 1.897150000000000000e+09 -7.422920000000000000e+08 -6.469880000000000000e+08
7.950000000000000400e-01 -4.855460000000000000e+10 -8.322150000000000000e+08 -1.158163000000000000e+09
7.964999699999999461e-01 4.203500000000000000e+09 -3.927420000000000000e+08 1.133030000000000000e+08
7.980000000000000426e-01 -1.696992000000000000e+10 -3.089950000000000000e+08 -6.729200000000000000e+07
7.995000300000000282e-01 0.000000000000000000e+00 0.000000000000000000e+00 0.000000000000000000e+00
8.010000000000000453e-01 1.365394000000000000e+10 1.790130000000000000e+08 3.948270000000000000e+08
8.024999699999999514e-01 9.887860000000000000e+09 3.074920000000000000e+08 4.978680000000000000e+08
8.040000000000000480e-01 2.818616000000000000e+10 5.811430000000000000e+08 1.818733000000000000e+09
8.055000300000000335e-01 8.189349000000000000e+10 8.423010000000000000e+08 2.374652000000000000e+09
8.070000000000000506e-01 3.941682000000000000e+10 7.192940000000000000e+08 9.628650000000000000e+08
8.084999699999999567e-01 -4.616816000000000000e+10 4.958790000000000000e+08 -1.248690000000000000e+08
8.100000000000000533e-01 -1.691866000000000000e+10 6.341190000000000000e+08 -1.630400000000000000e+08
8.115000300000000388e-01 2.370259000000000000e+10 1.376881000000000000e+09 2.061964000000000000e+09
8.129999999999999449e-01 -1.499278000000000000e+10 1.048998000000000000e+09 7.576110000000000000e+08
8.144999699999999621e-01 -1.226587000000000000e+10 9.873040000000000000e+08 3.573880000000000000e+08
8.159999999999999476e-01 3.158884000000000000e+10 1.415049000000000000e+09 1.557870000000000000e+09
8.175000300000000442e-01 6.136489000000000000e+10 1.896792000000000000e+09 2.889130000000000000e+09
8.189999999999999503e-01 -2.566654000000000000e+10 1.611297000000000000e+09 1.424915000000000000e+09
8.204999699999999674e-01 -7.098708000000000000e+10 1.461865000000000000e+09 6.334460000000000000e+08
8.219999999999999529e-01 3.077715000000000000e+10 2.177605000000000000e+09 2.198672000000000000e+09
8.235000300000000495e-01 -3.963892000000000000e+10 1.690895000000000000e+09 3.258210000000000000e+08
8.249999999999999556e-01 -1.160086000000000000e+10 1.997320000000000000e+09 8.842820000000000000e+08
8.264999699999999727e-01 -6.095304000000000000e+10 1.948893000000000000e+09 3.075750000000000000e+08
8.279999999999999583e-01 -2.873727000000000000e+10 2.416412000000000000e+09 1.434530000000000000e+09
8.295000300000000548e-01 -7.091581000000000000e+10 2.171337000000000000e+09 7.168610000000000000e+08
8.309999999999999609e-01 -7.415709000000000000e+10 2.498402000000000000e+09 1.457957000000000000e+09
8.324999699999999780e-01 -7.649632000000000000e+10 2.505342000000000000e+09 9.495480000000000000e+08
8.339999999999999636e-01 -1.032303000000000000e+10 2.858952000000000000e+09 1.785297000000000000e+09
8.355000299999999491e-01 8.189970000000000000e+09 3.040278000000000000e+09 2.155964000000000000e+09
8.369999999999999662e-01 2.643468000000000000e+10 3.483059000000000000e+09 3.693979000000000000e+09
8.384999699999999834e-01 1.588649000000000000e+10 3.513729000000000000e+09 3.086878000000000000e+09
8.399999999999999689e-01 6.940870000000000000e+09 3.428820000000000000e+09 2.358604000000000000e+09
8.415000299999999545e-01 -2.007456000000000000e+10 3.569192000000000000e+09 2.731831000000000000e+09
8.429999999999999716e-01 1.057800000000000000e+08 3.887495000000000000e+09 3.262005000000000000e+09
8.444999699999999887e-01 -3.086688000000000000e+10 3.733832000000000000e+09 2.358585000000000000e+09
8.459999999999999742e-01 -3.482889000000000000e+10 3.914034000000000000e+09 2.416634000000000000e+09
8.475000299999999598e-01 2.665900000000000000e+09 4.294316000000000000e+09 3.436532000000000000e+09
8.489999999999999769e-01 -2.116226000000000000e+10 4.142677000000000000e+09 3.331544000000000000e+09
8.504999699999999940e-01 -4.434399000000000000e+10 4.666141000000000000e+09 4.062949000000000000e+09
8.519999999999999796e-01 -6.424751000000000000e+10 5.131769000000000000e+09 3.766014000000000000e+09
8.535000299999999651e-01 -9.756600000000000000e+09 5.852363000000000000e+09 4.154852000000000000e+09
8.549999999999999822e-01 1.513600000000000000e+08 6.566505000000000000e+09 5.116761000000000000e+09
8.564999699999999994e-01 1.709397000000000000e+10 6.892928000000000000e+09 5.483019000000000000e+09
8.579999999999999849e-01 -2.109282000000000000e+10 6.921364000000000000e+09 4.529738000000000000e+09
8.595000299999999704e-01 -1.937037000000000000e+10 7.376397000000000000e+09 4.914696000000000000e+09
8.609999999999999876e-01 1.584528000000000000e+10 8.331477000000000000e+09 7.752308000000000000e+09
8.624999700000000047e-01 1.320841000000000000e+10 8.524844000000000000e+09 6.926903000000000000e+09
8.639999999999999902e-01 -3.087815000000000000e+10 8.521114000000000000e+09 5.171467000000000000e+09
8.655000299999999758e-01 -8.266235000000000000e+10 8.544588000000000000e+09 4.766295000000000000e+09
8.669999999999999929e-01 1.538127000000000000e+10 9.584335000000000000e+09 7.101710000000000000e+09
8.684999700000000100e-01 3.310461000000000000e+10 1.024082500000000000e+10 8.252555000000000000e+09
8.699999999999999956e-01 2.628650000000000000e+09 1.015850500000000000e+10 6.984752000000000000e+09
8.715000299999999811e-01 3.777304000000000000e+10 1.078389400000000000e+10 8.754350000000000000e+09
8.729999999999999982e-01 5.807749000000000000e+10 1.120581500000000000e+10 8.955020000000000000e+09
8.744999700000000153e-01 4.016750000000000000e+10 1.139071800000000000e+10 8.613267000000000000e+09
8.760000000000000009e-01 -2.016704000000000000e+10 1.125411500000000000e+10 6.854884000000000000e+09
8.775000299999999864e-01 -4.213012000000000000e+10 1.162422700000000000e+10 7.147079000000000000e+09
8.790000000000000036e-01 2.099538000000000000e+10 1.243469100000000000e+10 9.366310000000000000e+09
8.804999700000000207e-01 -5.409998000000000000e+10 1.233307100000000000e+10 8.424370000000000000e+09
8.820000000000000062e-01 1.048830000000000000e+10 1.337171400000000000e+10 1.101138100000000000e+10
8.835000299999999918e-01 1.105879000000000000e+10 1.348595300000000000e+10 1.010025300000000000e+10
8.850000000000000089e-01 -4.585987000000000000e+10 1.328716700000000000e+10 8.136194000000000000e+09
8.864999700000000260e-01 1.004165000000000000e+10 1.406240000000000000e+10 9.684090000000000000e+09
8.880000000000000115e-01 9.806240000000000000e+09 1.416059400000000000e+10 1.025945500000000000e+10
8.895000299999999971e-01 3.739145000000000000e+10 1.487158800000000000e+10 1.154851500000000000e+10
8.910000000000000142e-01 -2.684133000000000000e+10 1.458347300000000000e+10 8.549369000000000000e+09
8.924999700000000313e-01 -1.065057400000000000e+11 1.440618200000000000e+10 7.601899000000000000e+09
8.940000000000000169e-01 -2.017333000000000000e+10 1.548894500000000000e+10 1.044338500000000000e+10
8.955000300000000024e-01 -1.694404000000000000e+10 1.558459400000000000e+10 1.050142400000000000e+10
8.970000000000000195e-01 -2.970051000000000000e+10 1.585283900000000000e+10 1.057789500000000000e+10
8.984999700000000367e-01 -2.305231000000000000e+10 1.634974600000000000e+10 1.192134600000000000e+10
9.000000000000000222e-01 3.378758000000000000e+10 1.708964000000000000e+10 1.370815900000000000e+10
9.015000300000000077e-01 -3.534437000000000000e+10 1.674724000000000000e+10 1.127390700000000000e+10
9.030000000000000249e-01 -1.933403000000000000e+10 1.728787300000000000e+10 1.139967700000000000e+10
9.044999700000000420e-01 -3.660403000000000000e+10 1.768271600000000000e+10 1.279511800000000000e+10
9.060000000000000275e-01 -1.933290000000000000e+09 1.784972200000000000e+10 1.261565100000000000e+10
9.075000300000000131e-01 -2.607583000000000000e+10 1.799902600000000000e+10 1.196777100000000000e+10
9.090000000000000302e-01 -6.378715000000000000e+10 1.810902100000000000e+10 1.099325200000000000e+10
9.104999700000000473e-01 -2.920981000000000000e+10 1.820245600000000000e+10 1.042655600000000000e+10
9.120000000000000329e-01 6.392089000000000000e+10 1.959536900000000000e+10 1.473092800000000000e+10
9.135000300000000184e-01 -4.081494000000000000e+10 1.944955300000000000e+10 1.392774500000000000e+10
9.150000000000000355e-01 -1.057604400000000000e+11 1.914430800000000000e+10 1.099041300000000000e+10
9.164999700000000527e-01 -7.273704000000000000e+10 1.995370500000000000e+10 1.371733300000000000e+10
9.180000000000000382e-01 -2.007151000000000000e+10 2.055400800000000000e+10 1.535135800000000000e+10
9.195000300000000237e-01 -6.286989000000000000e+10 2.051642900000000000e+10 1.382319700000000000e+10
9.210000000000000409e-01 2.452630000000000000e+09 2.121375800000000000e+10 1.416413400000000000e+10
9.224999699999999470e-01 5.147609000000000000e+10 2.212377900000000000e+10 1.659580400000000000e+10
9.240000000000000435e-01 6.158389000000000000e+10 2.251385100000000000e+10 1.619874100000000000e+10
9.255000300000000291e-01 -4.801303000000000000e+10 2.220295900000000000e+10 1.437657900000000000e+10
9.270000000000000462e-01 -3.914283000000000000e+10 2.258530900000000000e+10 1.480234500000000000e+10
9.284999699999999523e-01 -3.311314000000000000e+10 2.298824700000000000e+10 1.544609400000000000e+10
9.300000000000000488e-01 -3.618011000000000000e+10 2.348623200000000000e+10 1.573700500000000000e+10
9.315000300000000344e-01 -3.797050000000000000e+09 2.406370100000000000e+10 1.715713500000000000e+10
9.330000000000000515e-01 3.071381000000000000e+10 2.492995200000000000e+10 1.792091900000000000e+10
9.344999699999999576e-01 -5.741038000000000000e+10 2.445074600000000000e+10 1.510454500000000000e+10
9.360000000000000542e-01 -8.570070000000000000e+10 2.467435100000000000e+10 1.477434300000000000e+10
9.375000300000000397e-01 -7.232632000000000000e+10 2.531468100000000000e+10 1.579060600000000000e+10
9.389999999999999458e-01 -8.567490000000000000e+09 2.617999900000000000e+10 1.880267600000000000e+10
9.404999699999999629e-01 -4.191928000000000000e+10 2.595833600000000000e+10 1.629480200000000000e+10
9.419999999999999485e-01 -4.484434000000000000e+10 2.651090900000000000e+10 1.653994400000000000e+10
9.435000300000000450e-01 -1.150740000000000000e+09 2.726104300000000000e+10 1.947303400000000000e+10
9.449999999999999512e-01 -4.010405000000000000e+10 2.715057200000000000e+10 1.701094900000000000e+10
9.464999699999999683e-01 -2.262423000000000000e+10 2.778106200000000000e+10 1.935211500000000000e+10
9.479999999999999538e-01 7.565880000000000000e+09 2.832720200000000000e+10 2.053845100000000000e+10
9.495000300000000504e-01 -1.092469100000000000e+11 2.788832800000000000e+10 1.679349500000000000e+10
9.509999999999999565e-01 -4.750476000000000000e+10 2.867364200000000000e+10 1.850428200000000000e+10
9.524999699999999736e-01 -3.833866000000000000e+10 2.925199900000000000e+10 1.915943300000000000e+10
9.539999999999999591e-01 -6.086290000000000000e+10 2.970368800000000000e+10 1.955961100000000000e+10
9.555000299999999447e-01 -1.022321900000000000e+11 2.986983800000000000e+10 2.009749000000000000e+10
9.569999999999999618e-01 -6.390095000000000000e+10 3.069329500000000000e+10 1.988660600000000000e+10
9.584999699999999789e-01 -3.348274000000000000e+10 3.121293400000000000e+10 2.119327800000000000e+10
9.599999999999999645e-01 -4.239994000000000000e+10 3.158690300000000000e+10 2.145675800000000000e+10
9.615000299999999500e-01 -4.136452000000000000e+10 3.225655700000000000e+10 2.179357400000000000e+10
9.629999999999999671e-01 -3.249442000000000000e+10 3.307181700000000000e+10 2.386441400000000000e+10
9.644999699999999843e-01 -6.534410000000000000e+09 3.349014700000000000e+10 2.139641000000000000e+10
9.659999999999999698e-01 -4.660030000000000000e+10 3.377958900000000000e+10 2.093493100000000000e+10
9.675000299999999553e-01 -9.106367000000000000e+10 3.384333800000000000e+10 2.161479300000000000e+10
9.689999999999999725e-01 -1.387647600000000000e+11 3.398177500000000000e+10 1.968456000000000000e+10
9.704999699999999896e-01 -6.193365000000000000e+10 3.505606100000000000e+10 2.222772100000000000e+10
9.719999999999999751e-01 9.708889000000000000e+10 3.748522500000000000e+10 2.920387600000000000e+10
9.735000299999999607e-01 -2.239248000000000000e+10 3.692615600000000000e+10 2.537184500000000000e+10
9.749999999999999778e-01 -3.765630000000000000e+10 3.728329300000000000e+10 2.467571600000000000e+10
9.764999699999999949e-01 3.939306000000000000e+10 3.852819500000000000e+10 2.591353100000000000e+10
9.779999999999999805e-01 -1.276175000000000000e+11 3.780409900000000000e+10 2.245593900000000000e+10
9.795000299999999660e-01 -1.617581900000000000e+11 3.791578100000000000e+10 2.136437600000000000e+10
9.809999999999999831e-01 -1.385324000000000000e+11 3.894268700000000000e+10 2.341953300000000000e+10
9.824999700000000002e-01 -6.392947000000000000e+10 4.017519200000000000e+10 2.614367700000000000e+10
9.839999999999999858e-01 -7.417993000000000000e+10 4.109699500000000000e+10 2.711511900000000000e+10
9.855000299999999713e-01 -3.325373000000000000e+10 4.151317400000000000e+10 2.658637600000000000e+10
9.869999999999999885e-01 -6.109384000000000000e+10 4.222479100000000000e+10 2.794356300000000000e+10
9.884999700000000056e-01 -3.700429000000000000e+10 4.340923600000000000e+10 2.919114300000000000e+10
9.899999999999999911e-01 -2.443368000000000000e+10 4.384996200000000000e+10 2.940996400000000000e+10
9.915000299999999767e-01 -1.004513700000000000e+11 4.382070200000000000e+10 2.914696600000000000e+10
9.929999999999999938e-01 2.071845000000000000e+10 4.579101300000000000e+10 3.139466500000000000e+10
9.944999700000000109e-01 7.483729000000000000e+10 4.673986900000000000e+10 3.125912800000000000e+10
9.959999999999999964e-01 -1.410419200000000000e+11 4.570502600000000000e+10 2.633721600000000000e+10
9.975000299999999820e-01 -6.454595000000000000e+10 4.805496800000000000e+10 3.384847100000000000e+10
9.989999999999999991e-01 -2.536342000000000000e+10 4.842119800000000000e+10 3.567500400000000000e+10
1.000499999999999945e+00 2.715044000000000000e+10 5.049305800000000000e+10 3.942998100000000000e+10
1.002000000000000002e+00 6.923309000000000000e+10 5.093782800000000000e+10 3.629137700000000000e+10
1.003500000000000059e+00 -4.022333000000000000e+10 5.080274800000000000e+10 3.368747300000000000e+10
1.004999999999999893e+00 -1.386895400000000000e+11 5.098143800000000000e+10 3.153517600000000000e+10
1.006499999999999950e+00 -5.875308000000000000e+10 5.246422800000000000e+10 3.437116100000000000e+10
1.008000000000000007e+00 -1.289498900000000000e+11 5.287765800000000000e+10 3.356727100000000000e+10
1.009500000000000064e+00 -1.754702000000000000e+10 5.415901800000000000e+10 3.483888300000000000e+10
1.010999999999999899e+00 4.691779000000000000e+10 5.589565800000000000e+10 3.873344600000000000e+10
1.012499999999999956e+00 -6.947516000000000000e+10 5.572814800000000000e+10 3.668185500000000000e+10
1.014000000000000012e+00 -8.456153000000000000e+10 5.686862800000000000e+10 3.761924600000000000e+10
1.015500000000000069e+00 -1.287485900000000000e+11 5.760114800000000000e+10 3.656818100000000000e+10
1.016999999999999904e+00 -1.279757300000000000e+11 5.860883800000000000e+10 3.692656800000000000e+10
1.018499999999999961e+00 -1.656461400000000000e+11 5.897993800000000000e+10 3.385852100000000000e+10
1.020000000000000018e+00 -9.360481000000000000e+10 6.108318800000000000e+10 3.939504900000000000e+10
1.021500000000000075e+00 4.242695000000000000e+10 6.395975800000000000e+10 4.744486800000000000e+10
1.022999999999999909e+00 -6.935842000000000000e+10 6.317465800000000000e+10 4.037875500000000000e+10
1.024499999999999966e+00 -6.169743000000000000e+10 6.475037800000000000e+10 4.240249300000000000e+10
1.026000000000000023e+00 5.774500000000000000e+09 6.652124800000000000e+10 4.432978900000000000e+10
1.027500000000000080e+00 -4.003930000000000000e+09 6.754353800000000000e+10 4.181584400000000000e+10
1.028999999999999915e+00 -7.605414000000000000e+10 6.870892800000000000e+10 4.454425200000000000e+10
1.030499999999999972e+00 -2.432244800000000000e+11 6.723830800000000000e+10 3.739911200000000000e+10
1.032000000000000028e+00 -1.118501800000000000e+11 7.131790800000000000e+10 4.604739400000000000e+10
1.033500000000000085e+00 -7.407740000000000000e+10 7.224656800000000000e+10 4.449122500000000000e+10
1.034999999999999920e+00 -1.330726400000000000e+11 7.360105800000000000e+10 4.407065500000000000e+10
1.036499999999999977e+00 -1.058059200000000000e+11 7.579722800000000000e+10 4.917913300000000000e+10
1.038000000000000034e+00 -5.793835000000000000e+10 7.743546800000000000e+10 5.375738400000000000e+10
1.039500000000000091e+00 -2.600884000000000000e+10 8.035198800000000000e+10 5.640130200000000000e+10
1.040999999999999925e+00 1.966314000000000000e+10 8.185866800000000000e+10 5.735347600000000000e+10
1.042499999999999982e+00 -1.596719000000000000e+10 8.349863800000000000e+10 6.151996300000000000e+10
1.044000000000000039e+00 -3.307588000000000000e+10 8.498040800000000000e+10 5.998269500000000000e+10
1.045500000000000096e+00 -7.775121000000000000e+10 8.578716800000000000e+10 5.932477800000000000e+10
1.046999999999999931e+00 -1.066900000000000000e+08 9.019815800000000000e+10 6.562851100000000000e+10
1.048499999999999988e+00 -8.558416000000000000e+10 9.016290800000000000e+10 5.814158800000000000e+10
1.050000000000000044e+00 -7.937966000000000000e+10 9.078554800000000000e+10 5.596575300000000000e+10
1.051500000000000101e+00 -1.566473200000000000e+11 9.266368800000000000e+10 5.517334000000000000e+10
1.052999999999999936e+00 -3.932627000000000000e+10 9.531882800000000000e+10 5.920736700000000000e+10
1.054499999999999993e+00 -7.895067000000000000e+10 9.657163800000000000e+10 6.219896900000000000e+10
1.056000000000000050e+00 -1.459020000000000000e+11 9.878507800000000000e+10 6.799406100000000000e+10
1.057500000000000107e+00 -8.200790000000000000e+10 1.013708080000000000e+11 6.766283100000000000e+10
1.058999999999999941e+00 -1.329054000000000000e+11 1.031362580000000000e+11 6.531629100000000000e+10
1.060499999999999998e+00 -1.294422700000000000e+11 1.054564080000000000e+11 7.025270100000000000e+10
1.062000000000000055e+00 -1.670406100000000000e+11 1.053681980000000000e+11 6.555237100000000000e+10
1.063499999999999890e+00 -9.109767000000000000e+10 1.093762680000000000e+11 7.005319100000000000e+10
1.064999999999999947e+00 -1.396341500000000000e+11 1.098760880000000000e+11 6.471768100000000000e+10
1.066500000000000004e+00 -8.526704000000000000e+10 1.135760680000000000e+11 7.037285100000000000e+10
1.068000000000000060e+00 -7.754585000000000000e+10 1.175099680000000000e+11 8.131516100000000000e+10
1.069499999999999895e+00 -1.708199900000000000e+11 1.177486580000000000e+11 7.360213100000000000e+10
1.070999999999999952e+00 -4.009238000000000000e+10 1.236212280000000000e+11 7.868364100000000000e+10
1.072500000000000009e+00 7.982380000000000000e+09 1.258374180000000000e+11 8.100009100000000000e+10
1.074000000000000066e+00 -5.497096000000000000e+10 1.276136080000000000e+11 7.909252100000000000e+10
1.075499999999999901e+00 -7.556719000000000000e+10 1.312515380000000000e+11 8.464996100000000000e+10
1.076999899999999899e+00 1.730136000000000000e+10 1.340654680000000000e+11 8.712276100000000000e+10
1.078500000000000014e+00 8.287289000000000000e+10 1.416834680000000000e+11 9.817714100000000000e+10
1.080000000000000071e+00 -1.517570000000000000e+10 1.424359980000000000e+11 9.737073100000000000e+10
1.081499999999999906e+00 -1.212079400000000000e+11 1.423940280000000000e+11 8.697458100000000000e+10
1.083000100000000021e+00 -1.184128200000000000e+11 1.481278380000000000e+11 9.651614100000000000e+10
1.084500000000000020e+00 -1.174295700000000000e+11 1.516096880000000000e+11 1.053165410000000000e+11
1.086000000000000076e+00 -9.580559000000000000e+10 1.558906680000000000e+11 1.050883910000000000e+11
1.087499999999999911e+00 -8.965245000000000000e+10 1.581235180000000000e+11 1.169550110000000000e+11
1.088999899999999910e+00 -2.085217200000000000e+11 1.565587780000000000e+11 1.026105410000000000e+11
1.090500000000000025e+00 -4.987415000000000000e+10 1.667115780000000000e+11 1.202135510000000000e+11
1.092000000000000082e+00 3.820609000000000000e+10 1.682415880000000000e+11 1.092916110000000000e+11
1.093499999999999917e+00 -8.920240000000000000e+09 1.701257680000000000e+11 1.057931510000000000e+11
1.095000100000000032e+00 1.185712900000000000e+11 1.801338480000000000e+11 1.279026910000000000e+11
1.096500000000000030e+00 8.826599000000000000e+10 1.826327280000000000e+11 1.286717210000000000e+11
1.098000000000000087e+00 -1.533882900000000000e+11 1.817916780000000000e+11 1.103680510000000000e+11
1.099499999999999922e+00 3.379652000000000000e+10 1.920558880000000000e+11 1.334594910000000000e+11
1.100999899999999920e+00 1.786000900000000000e+11 1.997833980000000000e+11 1.465866010000000000e+11
1.102500000000000036e+00 1.382078900000000000e+11 2.068432180000000000e+11 1.486487110000000000e+11
1.104000000000000092e+00 -2.411331000000000000e+10 2.079419780000000000e+11 1.449214110000000000e+11
1.105499999999999927e+00 -2.786620000000000000e+10 2.125963680000000000e+11 1.378255010000000000e+11
1.107000100000000042e+00 -2.230437300000000000e+11 2.178602580000000000e+11 1.464579710000000000e+11
1.108500000000000041e+00 -5.599180000000000000e+09 2.285790180000000000e+11 1.639777910000000000e+11
1.110000000000000098e+00 -1.787026800000000000e+11 2.334409980000000000e+11 1.452153710000000000e+11
1.111499999999999932e+00 -2.192158300000000000e+11 2.369517580000000000e+11 1.357759910000000000e+11
1.112999899999999931e+00 1.264207000000000000e+10 2.582579380000000000e+11 2.007946310000000000e+11
1.114500000000000046e+00 7.538849000000000000e+10 2.732321580000000000e+11 2.001865310000000000e+11
1.116000000000000103e+00 -3.762752400000000000e+11 2.646066280000000000e+11 1.386168010000000000e+11
1.117499999999999938e+00 -2.061733900000000000e+11 2.845487480000000000e+11 1.948690410000000000e+11
1.119000100000000053e+00 -1.712771000000000000e+11 3.019246180000000000e+11 1.978788610000000000e+11
1.120500000000000052e+00 -2.859158100000000000e+11 3.125575980000000000e+11 1.799501110000000000e+11
1.122000000000000108e+00 -1.688036600000000000e+11 3.272722280000000000e+11 2.003319710000000000e+11
1.123499999999999943e+00 -1.009084800000000000e+11 3.461785180000000000e+11 2.144152810000000000e+11
1.124999899999999942e+00 -1.343296100000000000e+11 3.488536880000000000e+11 2.056122610000000000e+11
1.126500000000000057e+00 7.416049000000000000e+10 3.736162580000000000e+11 2.598994010000000000e+11
1.127999999999999892e+00 4.175475900000000000e+11 4.037347480000000000e+11 3.013599610000000000e+11
1.129499999999999948e+00 6.306509000000000000e+10 4.040414180000000000e+11 2.798794610000000000e+11
1.131000100000000064e+00 7.697719000000000000e+10 4.168438280000000000e+11 2.900310710000000000e+11
1.132500000000000062e+00 5.977039000000000000e+10 4.403076180000000000e+11 3.107727610000000000e+11
1.133999999999999897e+00 -2.374463300000000000e+11 4.553407480000000000e+11 2.892563810000000000e+11
1.135499999999999954e+00 -1.458714400000000000e+11 4.880833180000000000e+11 3.277766410000000000e+11
1.136999899999999952e+00 3.382870900000000000e+11 5.485944780000000000e+11 4.863038410000000000e+11
1.138500000000000068e+00 2.013710900000000000e+11 5.570315780000000000e+11 4.389871710000000000e+11
1.139999999999999902e+00 -4.731113800000000000e+11 5.536677380000000000e+11 2.614171310000000000e+11
1.141499999999999959e+00 -2.022486900000000000e+11 6.282633980000000000e+11 3.599699110000000000e+11
1.143000100000000074e+00 2.104793900000000000e+11 7.322438380000000000e+11 6.006936910000000000e+11
1.144500000000000073e+00 5.317821900000000000e+11 8.365048980000000000e+11 7.754933010000000000e+11
1.145999999999999908e+00 2.755337900000000000e+11 9.370663080000000000e+11 6.176094610000000000e+11
1.147499999999999964e+00 2.691336900000000000e+11 1.094808828000000000e+12 7.384260310000000000e+11
