2.100000000000000130e-02 5.012302894300000000e+14 2.998354854800000000e+13 8.348208235100000000e+13
2.249999999999999917e-02 5.577944394300000000e+14 1.408243354800000000e+13 2.391565035100000000e+13
2.400000000000000050e-02 5.547516594300000000e+14 8.718210748000000000e+12 1.437395535100000000e+13
2.549999999999999836e-02 5.485430194300000000e+14 6.144033748000000000e+12 1.136577235100000000e+13
2.699999999999999969e-02 5.235439294300000000e+14 4.342661448000000000e+12 6.878659851000000000e+12
2.850000000000000103e-02 4.949170494300000000e+14 3.438791748000000000e+12 5.069962751000000000e+12
2.999999999999999889e-02 4.648915594300000000e+14 3.104264848000000000e+12 4.129476551000000000e+12
3.150000000000000022e-02 4.286226694300000000e+14 2.863023148000000000e+12 3.970071051000000000e+12
3.300000000000000155e-02 3.879544094300000000e+14 2.626296148000000000e+12 3.341906251000000000e+12
3.450000000000000289e-02 3.458700194300000000e+14 2.399368748000000000e+12 3.327122351000000000e+12
3.599999999999999728e-02 3.120869994300000000e+14 2.223650848000000000e+12 2.969383051000000000e+12
3.749999999999999861e-02 2.771065494300000000e+14 2.043945348000000000e+12 2.677653251000000000e+12
3.899999999999999994e-02 2.392463994300000000e+14 1.852163148000000000e+12 2.253460351000000000e+12
4.050000000000000128e-02 2.087855394300000000e+14 1.678302548000000000e+12 1.999193751000000000e+12
4.200000000000000261e-02 1.857384194300000000e+14 1.544705848000000000e+12 1.838219051000000000e+12
4.349999999999999700e-02 1.567956594300000000e+14 1.391623248000000000e+12 1.669916451000000000e+12
4.499999999999999833e-02 1.301057194300000000e+14 1.235390148000000000e+12 1.514300351000000000e+12
4.649999999999999967e-02 1.110855794300000000e+14 1.114973148000000000e+12 1.377764051000000000e+12
4.800000000000000100e-02 9.540644043000000000e+13 1.011470048000000000e+12 1.285192951000000000e+12
4.950000000000000233e-02 7.942401743000000000e+13 8.988614080000000000e+11 1.110077451000000000e+12
5.099999999999999672e-02 6.434191743000000000e+13 7.892911580000000000e+11 1.000563851000000000e+12
5.249999999999999806e-02 5.263603143000000000e+13 6.987625980000000000e+11 9.260956210000000000e+11
5.399999999999999939e-02 4.091097743000000000e+13 5.995054880000000000e+11 8.127873110000000000e+11
5.550000000000000072e-02 3.152743943000000000e+13 5.130680080000000000e+11 6.838660010000000000e+11
5.700000000000000205e-02 2.421187943000000000e+13 4.353758380000000000e+11 5.693332010000000000e+11
5.850000000000000339e-02 1.848272543000000000e+13 3.710495480000000000e+11 4.987354710000000000e+11
5.999999999999999778e-02 1.275556943000000000e+13 2.982098080000000000e+11 3.806645010000000000e+11
6.149999999999999911e-02 9.335984430000000000e+12 2.490389180000000000e+11 3.112239210000000000e+11
6.300000000000000044e-02 6.596232830000000000e+12 2.045650280000000000e+11 2.496879110000000000e+11
6.450000000000000178e-02 4.603859830000000000e+12 1.713350080000000000e+11 2.102619710000000000e+11
6.600000000000000311e-02 3.137352230000000000e+12 1.429714780000000000e+11 1.818340710000000000e+11
6.750000000000000444e-02 2.569507130000000000e+12 1.316826080000000000e+11 1.507488210000000000e+11
6.900000000000000577e-02 2.602943230000000000e+12 1.320941980000000000e+11 1.581495310000000000e+11
7.049999999999999323e-02 2.673458530000000000e+12 1.303881480000000000e+11 1.624361810000000000e+11
7.199999999999999456e-02 3.252164430000000000e+12 1.397377280000000000e+11 1.831965910000000000e+11
7.349999999999999589e-02 3.706644130000000000e+12 1.435533380000000000e+11 1.927676310000000000e+11
7.499999999999999722e-02 4.247367030000000000e+12 1.482267180000000000e+11 1.946321110000000000e+11
7.649999999999999856e-02 4.871257630000000000e+12 1.567886080000000000e+11 1.992099010000000000e+11
7.799999999999999989e-02 5.785801130000000000e+12 1.687741380000000000e+11 2.233647210000000000e+11
7.950000000000000122e-02 6.468789130000000000e+12 1.715614880000000000e+11 2.175633210000000000e+11
8.100000000000000255e-02 7.209075130000000000e+12 1.816401780000000000e+11 2.259014210000000000e+11
8.250000000000000389e-02 7.822974830000000000e+12 1.887025480000000000e+11 2.356443710000000000e+11
8.400000000000000522e-02 8.200885730000000000e+12 1.907822780000000000e+11 2.393681410000000000e+11
8.550000000000000655e-02 8.226575930000000000e+12 1.873155580000000000e+11 2.327004710000000000e+11
8.699999999999999400e-02 8.236332730000000000e+12 1.875454180000000000e+11 2.320084310000000000e+11
8.849999999999999534e-02 8.308407930000000000e+12 1.850900680000000000e+11 2.322027510000000000e+11
8.999999999999999667e-02 8.193407430000000000e+12 1.799810980000000000e+11 2.242217410000000000e+11
9.149999999999999800e-02 7.777795330000000000e+12 1.743665480000000000e+11 2.211302010000000000e+11
9.299999999999999933e-02 7.405268130000000000e+12 1.685014780000000000e+11 2.083776510000000000e+11
9.450000000000000067e-02 6.940557230000000000e+12 1.604984080000000000e+11 2.005191710000000000e+11
9.600000000000000200e-02 6.474921130000000000e+12 1.544401880000000000e+11 1.921455510000000000e+11
9.750000000000000333e-02 5.469392630000000000e+12 1.384226980000000000e+11 1.786973710000000000e+11
9.900000000000000466e-02 5.044644430000000000e+12 1.318360380000000000e+11 1.659582810000000000e+11
1.005000000000000060e-01 4.458788930000000000e+12 1.248715880000000000e+11 1.629854110000000000e+11
1.019999999999999934e-01 3.893245530000000000e+12 1.185384880000000000e+11 1.525393610000000000e+11
1.034999999999999948e-01 3.425133630000000000e+12 1.131457980000000000e+11 1.472674910000000000e+11
1.049999999999999961e-01 2.804644030000000000e+12 1.046394080000000000e+11 1.301951210000000000e+11
1.064999999999999974e-01 2.066765430000000000e+12 9.397258800000000000e+10 1.168382310000000000e+11
1.079999999999999988e-01 1.771025230000000000e+12 9.118923800000000000e+10 1.087454110000000000e+11
1.095000000000000001e-01 1.437154330000000000e+12 8.676530800000000000e+10 9.801768100000000000e+10
1.110000000000000014e-01 1.163484630000000000e+12 8.384347800000000000e+10 9.470451100000000000e+10
1.125000000000000028e-01 8.117804300000000000e+11 7.762337800000000000e+10 7.788634100000000000e+10
1.140000000000000041e-01 8.202473300000000000e+11 7.751886800000000000e+10 7.502085100000000000e+10
1.155000000000000054e-01 7.896935300000000000e+11 7.607853800000000000e+10 7.186017100000000000e+10
1.170000000000000068e-01 7.608840300000000000e+11 7.676567800000000000e+10 7.693168100000000000e+10
1.184999999999999942e-01 6.129385300000000000e+11 7.292487800000000000e+10 6.426902400000000000e+10
1.199999999999999956e-01 7.097882300000000000e+11 7.455209800000000000e+10 6.968720100000000000e+10
1.214999999999999969e-01 9.226279300000000000e+11 7.701259800000000000e+10 7.764537100000000000e+10
1.229999999999999982e-01 1.004092030000000000e+12 7.709458800000000000e+10 7.926376100000000000e+10
1.244999999999999996e-01 1.198234830000000000e+12 8.024345800000000000e+10 8.789270100000000000e+10
1.260000000000000009e-01 1.026763630000000000e+12 7.578363800000000000e+10 8.320058100000000000e+10
1.275000000000000022e-01 1.331797730000000000e+12 7.790569800000000000e+10 8.512420100000000000e+10
1.290000000000000036e-01 1.404159230000000000e+12 7.622072800000000000e+10 8.447695100000000000e+10
1.305000000000000049e-01 1.596539530000000000e+12 7.881969800000000000e+10 9.365903100000000000e+10
1.320000000000000062e-01 1.568289230000000000e+12 7.626417800000000000e+10 9.049663100000000000e+10
1.335000000000000075e-01 1.562141330000000000e+12 7.502660800000000000e+10 9.456112100000000000e+10
1.350000000000000089e-01 1.891762830000000000e+12 7.825991800000000000e+10 9.297477100000000000e+10
1.365000000000000102e-01 1.863427930000000000e+12 7.649970800000000000e+10 9.333803100000000000e+10
1.380000000000000115e-01 1.645448430000000000e+12 7.244846800000000000e+10 8.540102100000000000e+10
1.395000000000000129e-01 1.748724530000000000e+12 7.317064800000000000e+10 8.671939100000000000e+10
1.409999999999999865e-01 1.728744930000000000e+12 7.111648800000000000e+10 8.456132100000000000e+10
1.424999999999999878e-01 1.382390330000000000e+12 6.635986800000000000e+10 7.693452100000000000e+10
1.439999999999999891e-01 1.261832230000000000e+12 6.529062800000000000e+10 7.582453100000000000e+10
1.454999999999999905e-01 1.221487030000000000e+12 6.409323800000000000e+10 7.389781100000000000e+10
1.469999999999999918e-01 1.072752330000000000e+12 6.065482800000000000e+10 6.787879100000000000e+10
1.484999999999999931e-01 9.724327300000000000e+11 5.924653800000000000e+10 6.585930700000000000e+10
1.499999999999999944e-01 9.792489300000000000e+11 5.918808800000000000e+10 6.472866200000000000e+10
1.514999999999999958e-01 8.771798300000000000e+11 5.773185800000000000e+10 6.517484700000000000e+10
1.529999999999999971e-01 7.265528300000000000e+11 5.443381800000000000e+10 5.633229200000000000e+10
1.544999999999999984e-01 5.621768300000000000e+11 5.278289800000000000e+10 5.314620500000000000e+10
1.559999999999999998e-01 3.766099300000000000e+11 4.981132800000000000e+10 4.482703200000000000e+10
1.575000000000000011e-01 4.216000300000000000e+11 5.001603800000000000e+10 4.380975000000000000e+10
1.590000000000000024e-01 2.907633300000000000e+11 4.735490000000000000e+10 3.862199600000000000e+10
1.605000000000000038e-01 3.059925300000000000e+11 4.710652200000000000e+10 3.840851100000000000e+10
1.620000000000000051e-01 3.117280300000000000e+11 4.696516400000000000e+10 3.945074900000000000e+10
1.635000000000000064e-01 2.951003300000000000e+11 4.627826400000000000e+10 3.941122100000000000e+10
1.650000000000000078e-01 2.958092300000000000e+11 4.560876100000000000e+10 3.722747700000000000e+10
1.665000000000000091e-01 2.182975300000000000e+11 4.402867800000000000e+10 3.404913700000000000e+10
1.680000000000000104e-01 3.325706300000000000e+11 4.527194600000000000e+10 3.875846100000000000e+10
1.695000000000000118e-01 4.464663300000000000e+11 4.614736300000000000e+10 4.374379200000000000e+10
1.710000000000000131e-01 4.731081300000000000e+11 4.620418500000000000e+10 4.752534700000000000e+10
1.724999999999999867e-01 4.684429300000000000e+11 4.490742900000000000e+10 4.237778800000000000e+10
1.739999999999999880e-01 5.559309300000000000e+11 4.570421200000000000e+10 4.631172500000000000e+10
1.754999999999999893e-01 6.947796300000000000e+11 4.654890100000000000e+10 4.851275100000000000e+10
1.769999999999999907e-01 7.599509300000000000e+11 4.678802100000000000e+10 5.245105500000000000e+10
1.784999999999999920e-01 7.225835300000000000e+11 4.575673500000000000e+10 4.924743500000000000e+10
1.799999999999999933e-01 6.605702300000000000e+11 4.436059500000000000e+10 4.528239000000000000e+10
1.814999999999999947e-01 6.608662300000000000e+11 4.462977700000000000e+10 5.044501000000000000e+10
1.829999999999999960e-01 8.220000300000000000e+11 4.556664000000000000e+10 5.128741300000000000e+10
1.844999999999999973e-01 8.311755300000000000e+11 4.463352600000000000e+10 5.038716700000000000e+10
1.859999999999999987e-01 7.405137300000000000e+11 4.331972000000000000e+10 4.515288300000000000e+10
1.875000000000000000e-01 6.056071300000000000e+11 4.173021400000000000e+10 4.279797700000000000e+10
1.890000000000000013e-01 5.659294300000000000e+11 4.150649200000000000e+10 4.241073000000000000e+10
1.905000000000000027e-01 4.917999300000000000e+11 3.985740600000000000e+10 3.972771600000000000e+10
1.920000000000000040e-01 5.109565300000000000e+11 3.995260600000000000e+10 4.031398600000000000e+10
1.935000000000000053e-01 4.573137300000000000e+11 3.883540200000000000e+10 3.669401100000000000e+10
1.950000000000000067e-01 4.853477300000000000e+11 3.912746700000000000e+10 4.060711400000000000e+10
1.965000000000000080e-01 5.168158300000000000e+11 3.897109100000000000e+10 3.955154500000000000e+10
1.980000000000000093e-01 3.091746300000000000e+11 3.631054400000000000e+10 3.231349700000000000e+10
1.995000000000000107e-01 3.316837300000000000e+11 3.672060600000000000e+10 3.177847200000000000e+10
2.010000000000000120e-01 2.084575300000000000e+11 3.666638300000000000e+10 2.892410000000000000e+10
2.025000000000000133e-01 1.637612300000000000e+11 3.679099100000000000e+10 2.928436100000000000e+10
2.039999999999999869e-01 1.371433300000000000e+11 3.645440200000000000e+10 2.790009000000000000e+10
2.054999999999999882e-01 9.023929000000000000e+10 3.594364200000000000e+10 2.660983400000000000e+10
2.069999999999999896e-01 1.667889300000000000e+11 3.732467700000000000e+10 2.994140700000000000e+10
2.084999999999999909e-01 7.027304000000000000e+10 3.618980100000000000e+10 2.663148800000000000e+10
2.099999999999999922e-01 1.916370300000000000e+11 3.723743300000000000e+10 2.928324800000000000e+10
2.114999999999999936e-01 1.813921300000000000e+11 3.720511400000000000e+10 3.023004100000000000e+10
2.129999999999999949e-01 1.395205300000000000e+11 3.669207900000000000e+10 2.862748500000000000e+10
2.144999999999999962e-01 2.390986300000000000e+11 3.797767600000000000e+10 3.368245500000000000e+10
2.159999999999999976e-01 2.914454300000000000e+11 3.771360000000000000e+10 3.216000800000000000e+10
2.174999999999999989e-01 2.914844300000000000e+11 3.772110300000000000e+10 3.100204600000000000e+10
2.190000000000000002e-01 3.080660300000000000e+11 3.776280800000000000e+10 3.237783500000000000e+10
2.205000000000000016e-01 3.336041300000000000e+11 3.841301800000000000e+10 3.623549200000000000e+10
2.220000000000000029e-01 3.843485300000000000e+11 3.813881500000000000e+10 3.572500700000000000e+10
2.235000000000000042e-01 3.944134300000000000e+11 3.828835500000000000e+10 3.627361400000000000e+10
2.250000000000000056e-01 3.498268300000000000e+11 3.770431700000000000e+10 3.468535500000000000e+10
2.265000000000000069e-01 4.194347300000000000e+11 3.742451300000000000e+10 3.634223200000000000e+10
2.280000000000000082e-01 3.865330300000000000e+11 3.598327400000000000e+10 3.306765800000000000e+10
2.295000000000000095e-01 3.211828300000000000e+11 3.469441200000000000e+10 3.149573900000000000e+10
2.310000000000000109e-01 2.660081300000000000e+11 3.364566100000000000e+10 3.073315200000000000e+10
2.325000000000000122e-01 3.397676300000000000e+11 3.369513200000000000e+10 3.056702200000000000e+10
2.340000000000000135e-01 2.920557300000000000e+11 3.284804600000000000e+10 2.929506200000000000e+10
2.354999999999999871e-01 2.281187300000000000e+11 3.170634500000000000e+10 2.763290200000000000e+10
2.369999999999999885e-01 2.334360300000000000e+11 3.200607200000000000e+10 2.870296400000000000e+10
2.384999999999999898e-01 1.913930300000000000e+11 3.050767500000000000e+10 2.450155100000000000e+10
2.399999999999999911e-01 2.384725300000000000e+11 3.109530200000000000e+10 2.739924300000000000e+10
2.414999999999999925e-01 2.248229300000000000e+11 3.046666700000000000e+10 2.687288900000000000e+10
2.429999999999999938e-01 2.375449300000000000e+11 3.012538800000000000e+10 2.781319400000000000e+10
2.444999999999999951e-01 1.816925300000000000e+11 2.914077800000000000e+10 2.441729700000000000e+10
2.459999999999999964e-01 1.028122000000000000e+11 2.821009200000000000e+10 2.151145900000000000e+10
2.474999999999999978e-01 3.373733000000000000e+10 2.724445100000000000e+10 1.913867800000000000e+10
2.489999999999999991e-01 6.426123000000000000e+10 2.744424500000000000e+10 2.137347700000000000e+10
2.505000000000000004e-01 1.527196300000000000e+11 2.768404300000000000e+10 2.319463100000000000e+10
2.520000000000000018e-01 1.885362300000000000e+11 2.785627000000000000e+10 2.492723100000000000e+10
2.535000000000000031e-01 1.108594200000000000e+11 2.654301500000000000e+10 2.061931000000000000e+10
2.550000000000000044e-01 7.299286000000000000e+10 2.606394300000000000e+10 1.941904500000000000e+10
2.565000000000000058e-01 1.104579700000000000e+11 2.608470400000000000e+10 1.884647900000000000e+10
2.580000000000000071e-01 1.532734300000000000e+11 2.589883500000000000e+10 1.995398400000000000e+10
2.595000000000000084e-01 2.166382300000000000e+11 2.628748800000000000e+10 2.231506700000000000e+10
2.610000000000000098e-01 1.761537300000000000e+11 2.552215500000000000e+10 2.011622500000000000e+10
2.625000000000000111e-01 1.774718300000000000e+11 2.546520400000000000e+10 2.073692900000000000e+10
2.640000000000000124e-01 1.972118300000000000e+11 2.549131000000000000e+10 2.185300200000000000e+10
2.655000000000000138e-01 2.956933300000000000e+11 2.584515000000000000e+10 2.369673800000000000e+10
2.670000000000000151e-01 2.426162300000000000e+11 2.512749600000000000e+10 2.286525800000000000e+10
2.685000000000000164e-01 1.893002300000000000e+11 2.498639000000000000e+10 2.257919200000000000e+10
2.700000000000000178e-01 2.211976300000000000e+11 2.441808600000000000e+10 2.177894100000000000e+10
2.715000000000000191e-01 2.484849300000000000e+11 2.432546000000000000e+10 2.151884600000000000e+10
2.730000000000000204e-01 1.965961300000000000e+11 2.388287100000000000e+10 1.994292800000000000e+10
2.745000000000000218e-01 1.958650300000000000e+11 2.358718000000000000e+10 2.064377700000000000e+10
2.760000000000000231e-01 2.526661300000000000e+11 2.375552400000000000e+10 2.101075800000000000e+10
2.775000000000000244e-01 2.663143300000000000e+11 2.354477200000000000e+10 2.121136500000000000e+10
2.790000000000000258e-01 2.196220300000000000e+11 2.275826200000000000e+10 2.014941100000000000e+10
2.805000000000000271e-01 1.646966300000000000e+11 2.225340300000000000e+10 1.869394900000000000e+10
2.819999999999999729e-01 2.535154300000000000e+11 2.305681500000000000e+10 2.089515200000000000e+10
2.834999999999999742e-01 2.480110300000000000e+11 2.244071500000000000e+10 1.977989200000000000e+10
2.849999999999999756e-01 2.377465300000000000e+11 2.249714600000000000e+10 2.147232200000000000e+10
2.864999999999999769e-01 1.319040300000000000e+11 2.146519900000000000e+10 1.835315300000000000e+10
2.879999999999999782e-01 7.058340000000000000e+10 2.095771000000000000e+10 1.659743700000000000e+10
2.894999999999999796e-01 1.140302900000000000e+11 2.090975500000000000e+10 1.715965300000000000e+10
2.909999999999999809e-01 1.015770400000000000e+11 2.050098300000000000e+10 1.682994100000000000e+10
2.924999999999999822e-01 1.365379300000000000e+11 2.080228800000000000e+10 1.787286400000000000e+10
2.939999999999999836e-01 1.506963300000000000e+11 2.039190800000000000e+10 1.758343500000000000e+10
2.954999999999999849e-01 1.443634300000000000e+11 2.032155900000000000e+10 1.805737000000000000e+10
2.969999999999999862e-01 1.624044300000000000e+11 2.032413400000000000e+10 1.753891400000000000e+10
2.984999999999999876e-01 1.814726300000000000e+11 1.996008800000000000e+10 1.738831900000000000e+10
2.999999999999999889e-01 1.563471300000000000e+11 1.978978700000000000e+10 1.745525300000000000e+10
3.014999999999999902e-01 8.189708000000000000e+10 1.897501300000000000e+10 1.459135600000000000e+10
3.029999999999999916e-01 7.659531000000000000e+10 1.869066600000000000e+10 1.463392000000000000e+10
3.044999999999999929e-01 9.297192000000000000e+10 1.858870800000000000e+10 1.453166000000000000e+10
3.059999999999999942e-01 1.553084300000000000e+11 1.868435500000000000e+10 1.542258900000000000e+10
3.074999999999999956e-01 1.673016300000000000e+11 1.875340100000000000e+10 1.667630700000000000e+10
3.089999999999999969e-01 1.571742300000000000e+11 1.849256600000000000e+10 1.601362200000000000e+10
3.104999999999999982e-01 1.962348300000000000e+11 1.842605800000000000e+10 1.635736600000000000e+10
3.119999999999999996e-01 2.295143300000000000e+11 1.848993600000000000e+10 1.817480500000000000e+10
3.135000000000000009e-01 2.474631300000000000e+11 1.840815300000000000e+10 1.813121000000000000e+10
3.150000000000000022e-01 2.296913300000000000e+11 1.803588800000000000e+10 1.668895600000000000e+10
3.165000000000000036e-01 2.263211300000000000e+11 1.824588800000000000e+10 1.788223200000000000e+10
3.180000000000000049e-01 1.597097300000000000e+11 1.744954500000000000e+10 1.628020200000000000e+10
3.195000000000000062e-01 1.660458300000000000e+11 1.713281100000000000e+10 1.529110700000000000e+10
3.210000000000000075e-01 2.097430300000000000e+11 1.751606500000000000e+10 1.659369200000000000e+10
3.225000000000000089e-01 2.170025300000000000e+11 1.739832400000000000e+10 1.778344900000000000e+10
3.240000000000000102e-01 2.197340300000000000e+11 1.696170400000000000e+10 1.671960500000000000e+10
3.255000000000000115e-01 1.990058300000000000e+11 1.681221900000000000e+10 1.602263900000000000e+10
3.270000000000000129e-01 1.498989300000000000e+11 1.610991500000000000e+10 1.365058000000000000e+10
3.285000000000000142e-01 1.965167300000000000e+11 1.648467500000000000e+10 1.569006800000000000e+10
3.300000000000000155e-01 1.462561300000000000e+11 1.587193800000000000e+10 1.422403500000000000e+10
3.315000000000000169e-01 1.110200800000000000e+11 1.568576300000000000e+10 1.424098300000000000e+10
3.330000000000000182e-01 1.197143300000000000e+11 1.536333700000000000e+10 1.327506100000000000e+10
3.345000000000000195e-01 1.301048300000000000e+11 1.547099400000000000e+10 1.414185700000000000e+10
3.360000000000000209e-01 1.779068300000000000e+11 1.571410100000000000e+10 1.477883100000000000e+10
3.375000000000000222e-01 1.115136900000000000e+11 1.498440000000000000e+10 1.312537500000000000e+10
3.390000000000000235e-01 1.036837800000000000e+11 1.450942000000000000e+10 1.173459200000000000e+10
3.405000000000000249e-01 1.336535300000000000e+11 1.454892300000000000e+10 1.176928700000000000e+10
3.420000000000000262e-01 7.172561000000000000e+10 1.422703500000000000e+10 1.158549300000000000e+10
3.435000000000000275e-01 2.032064000000000000e+10 1.362829000000000000e+10 1.032324100000000000e+10
3.449999999999999734e-01 1.278740300000000000e+11 1.443414900000000000e+10 1.337439600000000000e+10
3.464999999999999747e-01 1.323062300000000000e+11 1.431262300000000000e+10 1.399547300000000000e+10
3.479999999999999760e-01 1.248521100000000000e+11 1.403462300000000000e+10 1.312504800000000000e+10
3.494999999999999774e-01 6.069528000000000000e+10 1.338456000000000000e+10 1.009482000000000000e+10
3.509999999999999787e-01 7.281254000000000000e+10 1.353161000000000000e+10 1.120771300000000000e+10
3.524999999999999800e-01 1.268149200000000000e+11 1.336291800000000000e+10 1.194937700000000000e+10
3.539999999999999813e-01 1.479664300000000000e+11 1.355503100000000000e+10 1.288695500000000000e+10
3.554999999999999827e-01 1.423314300000000000e+11 1.328928600000000000e+10 1.218707900000000000e+10
3.569999999999999840e-01 1.052676400000000000e+11 1.290521300000000000e+10 1.138868100000000000e+10
3.584999999999999853e-01 6.206879000000000000e+10 1.276518800000000000e+10 1.127714100000000000e+10
3.599999999999999867e-01 8.360599000000000000e+10 1.275562400000000000e+10 1.180655500000000000e+10
3.614999999999999880e-01 8.048228000000000000e+10 1.236888500000000000e+10 1.120397000000000000e+10
3.629999999999999893e-01 1.388992300000000000e+11 1.262992800000000000e+10 1.222551500000000000e+10
3.644999999999999907e-01 1.265121000000000000e+11 1.223939700000000000e+10 1.144542600000000000e+10
3.659999999999999920e-01 1.369058300000000000e+11 1.217241800000000000e+10 1.118662800000000000e+10
3.674999999999999933e-01 1.365130300000000000e+11 1.219794900000000000e+10 1.235237100000000000e+10
3.689999999999999947e-01 1.123343900000000000e+11 1.179905300000000000e+10 1.126081000000000000e+10
3.704999999999999960e-01 1.272544300000000000e+11 1.173527200000000000e+10 1.032191400000000000e+10
3.719999999999999973e-01 1.230140500000000000e+11 1.162071100000000000e+10 1.081132700000000000e+10
3.734999999999999987e-01 1.154795200000000000e+11 1.129548400000000000e+10 1.044726500000000000e+10
3.750000000000000000e-01 7.399153000000000000e+10 1.080130800000000000e+10 8.909295000000000000e+09
3.765000000000000013e-01 1.351947300000000000e+11 1.117179900000000000e+10 9.815404000000000000e+09
3.780000000000000027e-01 1.349497300000000000e+11 1.110591500000000000e+10 1.009944600000000000e+10
3.795000000000000040e-01 6.169298000000000000e+10 1.041819500000000000e+10 8.474857000000000000e+09
3.810000000000000053e-01 8.382408000000000000e+10 1.061132900000000000e+10 9.416380000000000000e+09
3.825000000000000067e-01 1.057556800000000000e+11 1.069948500000000000e+10 1.019475900000000000e+10
3.840000000000000080e-01 1.169205400000000000e+11 1.045198100000000000e+10 9.603659000000000000e+09
3.855000000000000093e-01 1.438850300000000000e+11 1.033131100000000000e+10 9.379921000000000000e+09
3.870000000000000107e-01 9.199517000000000000e+10 1.011594200000000000e+10 9.854113000000000000e+09
3.885000000000000120e-01 8.568699000000000000e+10 9.938261000000000000e+09 9.488070000000000000e+09
3.900000000000000133e-01 8.592269000000000000e+10 9.772272000000000000e+09 8.934122000000000000e+09
3.915000000000000147e-01 1.498609300000000000e+11 1.015956700000000000e+10 1.035682900000000000e+10
3.930000000000000160e-01 1.405666300000000000e+11 9.923780000000000000e+09 1.027320100000000000e+10
3.945000000000000173e-01 1.315847300000000000e+11 9.692775000000000000e+09 9.522520000000000000e+09
3.960000000000000187e-01 1.761922300000000000e+11 9.851866000000000000e+09 9.742191000000000000e+09
3.975000000000000200e-01 1.301014300000000000e+11 9.186234000000000000e+09 7.877932000000000000e+09
3.990000000000000213e-01 1.209493900000000000e+11 9.220864000000000000e+09 8.661564000000000000e+09
4.005000000000000226e-01 9.786892000000000000e+10 8.894316000000000000e+09 7.857391000000000000e+09
4.020000000000000240e-01 1.143769400000000000e+11 9.158533000000000000e+09 9.237974000000000000e+09
4.035000000000000253e-01 1.337473300000000000e+11 8.912979000000000000e+09 8.700958000000000000e+09
4.050000000000000266e-01 5.810325000000000000e+10 8.383592000000000000e+09 6.638180000000000000e+09
4.064999999999999725e-01 3.518383000000000000e+10 8.162390000000000000e+09 6.519247000000000000e+09
4.079999999999999738e-01 7.887611000000000000e+10 8.351341000000000000e+09 8.022863000000000000e+09
4.094999999999999751e-01 9.342523000000000000e+10 8.326281000000000000e+09 8.173620000000000000e+09
4.109999999999999765e-01 6.592289000000000000e+10 8.157901000000000000e+09 7.761970000000000000e+09
4.124999999999999778e-01 5.078583000000000000e+10 7.896131000000000000e+09 6.651374000000000000e+09
4.139999999999999791e-01 5.610825000000000000e+10 7.913174000000000000e+09 7.042965000000000000e+09
4.154999999999999805e-01 7.742931000000000000e+10 7.697866000000000000e+09 6.676327000000000000e+09
4.169999999999999818e-01 1.507548300000000000e+11 8.020782000000000000e+09 7.930289000000000000e+09
4.184999999999999831e-01 7.782460000000000000e+10 7.427755000000000000e+09 7.059085000000000000e+09
4.199999999999999845e-01 1.199254700000000000e+11 7.799096000000000000e+09 8.447122000000000000e+09
4.214999999999999858e-01 8.903319000000000000e+10 7.283633000000000000e+09 6.454913000000000000e+09
4.229999999999999871e-01 1.116308100000000000e+11 7.416246000000000000e+09 7.298465000000000000e+09
4.244999999999999885e-01 6.704846000000000000e+10 7.023587000000000000e+09 6.511854000000000000e+09
4.259999999999999898e-01 7.796578000000000000e+10 7.165580000000000000e+09 5.940502000000000000e+09
4.274999999999999911e-01 8.569394000000000000e+10 7.643869000000000000e+09 6.888204000000000000e+09
4.289999999999999925e-01 1.338179300000000000e+11 8.094634000000000000e+09 7.839519000000000000e+09
4.304999999999999938e-01 7.327425000000000000e+10 7.928095000000000000e+09 6.769500000000000000e+09
4.319999999999999951e-01 6.685796000000000000e+10 8.026677000000000000e+09 6.331176000000000000e+09
4.334999999999999964e-01 9.886280000000000000e+10 8.376750000000000000e+09 6.898095000000000000e+09
4.349999999999999978e-01 7.868345000000000000e+10 8.402537000000000000e+09 8.033060000000000000e+09
4.364999999999999991e-01 3.526651000000000000e+10 8.119804000000000000e+09 7.233024000000000000e+09
4.380000000000000004e-01 1.291895300000000000e+11 8.654621000000000000e+09 7.915289000000000000e+09
4.395000000000000018e-01 6.611886000000000000e+10 8.297253000000000000e+09 7.000374000000000000e+09
4.410000000000000031e-01 5.721601000000000000e+10 8.272591000000000000e+09 6.887069000000000000e+09
4.425000000000000044e-01 1.076494200000000000e+11 8.772423000000000000e+09 8.994194000000000000e+09
4.440000000000000058e-01 1.196872200000000000e+11 8.609583000000000000e+09 8.256370000000000000e+09
4.455000000000000071e-01 1.127461100000000000e+11 8.591201000000000000e+09 7.413903000000000000e+09
4.470000000000000084e-01 6.880473000000000000e+10 8.556651000000000000e+09 7.355201000000000000e+09
4.485000000000000098e-01 7.103768000000000000e+10 8.550138000000000000e+09 7.832594000000000000e+09
4.500000000000000111e-01 6.234705000000000000e+10 8.554321000000000000e+09 7.740549000000000000e+09
4.515000000000000124e-01 1.113209000000000000e+10 8.025851000000000000e+09 6.635759000000000000e+09
4.530000000000000138e-01 5.760503000000000000e+10 7.963177000000000000e+09 7.320531000000000000e+09
4.545000000000000151e-01 7.246774000000000000e+10 7.482546000000000000e+09 6.755774000000000000e+09
4.560000000000000164e-01 1.188850200000000000e+11 7.649966000000000000e+09 8.302698000000000000e+09
4.575000000000000178e-01 6.963218000000000000e+10 6.755726000000000000e+09 5.852673000000000000e+09
4.590000000000000191e-01 1.229649300000000000e+11 6.891867000000000000e+09 6.213173000000000000e+09
4.605000000000000204e-01 7.686682000000000000e+10 6.556189000000000000e+09 6.020347000000000000e+09
4.620000000000000218e-01 5.318326000000000000e+10 6.201554000000000000e+09 5.516573000000000000e+09
4.635000000000000231e-01 1.135717000000000000e+11 6.427509000000000000e+09 6.541888000000000000e+09
4.650000000000000244e-01 6.843792000000000000e+10 5.917476000000000000e+09 5.542257000000000000e+09
4.665000000000000258e-01 1.002157600000000000e+11 5.878938000000000000e+09 5.498283000000000000e+09
4.680000000000000271e-01 6.506432000000000000e+10 5.678026000000000000e+09 6.083654000000000000e+09
4.694999999999999729e-01 1.355593000000000000e+10 5.254797000000000000e+09 4.752928000000000000e+09
4.709999999999999742e-01 4.059019000000000000e+10 5.254565000000000000e+09 4.567606000000000000e+09
4.724999999999999756e-01 9.082419000000000000e+10 5.426039000000000000e+09 5.661514000000000000e+09
4.739999999999999769e-01 8.928484000000000000e+10 5.188589000000000000e+09 5.420327000000000000e+09
4.754999999999999782e-01 8.809361000000000000e+10 5.109777000000000000e+09 5.129443000000000000e+09
4.769999999999999796e-01 4.924296000000000000e+10 4.909837000000000000e+09 4.942167000000000000e+09
4.784999999999999809e-01 4.998294000000000000e+10 4.716666000000000000e+09 4.442943000000000000e+09
4.799999999999999822e-01 8.045567000000000000e+10 4.828567000000000000e+09 4.974617000000000000e+09
4.814999999999999836e-01 8.320943000000000000e+10 4.587056000000000000e+09 4.632796000000000000e+09
4.829999999999999849e-01 1.218134300000000000e+11 4.903972000000000000e+09 6.340844000000000000e+09
4.844999999999999862e-01 7.309461000000000000e+10 4.375509000000000000e+09 4.683582000000000000e+09
4.859999999999999876e-01 7.351671000000000000e+10 4.328355000000000000e+09 4.697999000000000000e+09
4.874999999999999889e-01 6.216653000000000000e+10 4.019700000000000000e+09 4.287777000000000000e+09
4.889999999999999902e-01 7.789044000000000000e+10 4.038198000000000000e+09 4.073537000000000000e+09
4.904999999999999916e-01 4.617610000000000000e+10 3.729763000000000000e+09 3.403484000000000000e+09
4.919999999999999929e-01 2.768159000000000000e+10 3.715906000000000000e+09 3.639335000000000000e+09
4.934999999999999942e-01 2.007760000000000000e+10 3.490778000000000000e+09 3.807529000000000000e+09
4.949999999999999956e-01 9.240004000000000000e+10 3.570635000000000000e+09 4.221823000000000000e+09
4.964999999999999969e-01 5.592186000000000000e+10 3.555274000000000000e+09 4.213017000000000000e+09
4.979999999999999982e-01 8.887704000000000000e+10 3.480608000000000000e+09 3.935307000000000000e+09
4.994999999999999996e-01 8.631152000000000000e+10 3.058181000000000000e+09 3.017444000000000000e+09
5.010000000000000009e-01 9.637712000000000000e+10 3.159099000000000000e+09 3.805844000000000000e+09
5.024999999999999467e-01 7.659658000000000000e+10 3.180673000000000000e+09 4.346449000000000000e+09
5.040000000000000036e-01 5.853698000000000000e+10 2.883264000000000000e+09 3.414882000000000000e+09
5.054999999999999494e-01 9.285138000000000000e+10 3.136124000000000000e+09 4.179735000000000000e+09
5.070000000000000062e-01 1.144251800000000000e+11 3.107493000000000000e+09 4.664971000000000000e+09
5.084999999999999520e-01 9.903442000000000000e+10 2.762575000000000000e+09 3.679594000000000000e+09
5.100000000000000089e-01 2.594206000000000000e+10 2.356249000000000000e+09 2.782718000000000000e+09
5.114999999999999547e-01 3.305410000000000000e+10 2.432493000000000000e+09 3.163211000000000000e+09
5.130000000000000115e-01 6.783179000000000000e+10 2.342710000000000000e+09 2.803262000000000000e+09
5.144999999999999574e-01 7.212940000000000000e+10 2.385058000000000000e+09 3.465662000000000000e+09
5.160000000000000142e-01 3.849892000000000000e+10 2.166057000000000000e+09 3.089160000000000000e+09
5.174999999999999600e-01 3.555455000000000000e+10 1.926747000000000000e+09 2.209706000000000000e+09
5.190000000000000169e-01 2.293713000000000000e+10 1.849507000000000000e+09 2.617714000000000000e+09
5.204999999999999627e-01 7.840813000000000000e+10 2.074177000000000000e+09 3.307094000000000000e+09
5.220000000000000195e-01 1.054975700000000000e+11 2.081136000000000000e+09 3.507211000000000000e+09
5.234999999999999654e-01 8.627845000000000000e+10 1.951954000000000000e+09 3.382377000000000000e+09
5.250000000000000222e-01 9.390544000000000000e+10 2.015037000000000000e+09 3.536592000000000000e+09
5.264999999999999680e-01 7.163510000000000000e+10 2.299110000000000000e+09 3.681401000000000000e+09
5.280000000000000249e-01 3.291350000000000000e+10 2.285528000000000000e+09 2.670197000000000000e+09
5.294999999999999707e-01 5.236001000000000000e+10 2.548803000000000000e+09 3.498277000000000000e+09
5.310000000000000275e-01 9.874725000000000000e+10 2.744811000000000000e+09 4.237120000000000000e+09
5.324999999999999734e-01 1.242359000000000000e+11 2.953906000000000000e+09 4.794927000000000000e+09
5.340000000000000302e-01 8.810917000000000000e+10 2.801131000000000000e+09 3.816811000000000000e+09
5.354999999999999760e-01 2.050086000000000000e+10 2.585249000000000000e+09 2.840103000000000000e+09
5.370000000000000329e-01 6.689465000000000000e+10 2.872636000000000000e+09 3.357932000000000000e+09
5.384999700000000500e-01 7.000867000000000000e+10 3.037848000000000000e+09 4.217891000000000000e+09
5.400000000000000355e-01 5.583488000000000000e+10 2.958712000000000000e+09 3.899717000000000000e+09
5.415000300000000211e-01 5.662573000000000000e+10 2.970050000000000000e+09 4.068675000000000000e+09
5.430000000000000382e-01 4.984254000000000000e+10 2.870312000000000000e+09 3.320419000000000000e+09
5.444999700000000553e-01 2.615995000000000000e+10 2.752119000000000000e+09 2.916166000000000000e+09
5.460000000000000409e-01 -6.834070000000000000e+09 2.577501000000000000e+09 2.199610000000000000e+09
5.475000300000000264e-01 1.999541000000000000e+10 2.769852000000000000e+09 2.462249000000000000e+09
5.490000000000000435e-01 5.179341000000000000e+10 2.881521000000000000e+09 3.038361000000000000e+09
5.504999699999999496e-01 6.638558000000000000e+10 3.088170000000000000e+09 3.757177000000000000e+09
5.520000000000000462e-01 1.709243000000000000e+10 2.401801000000000000e+09 2.541394000000000000e+09
5.535000300000000317e-01 9.786520000000000000e+10 2.533515000000000000e+09 4.209950000000000000e+09
5.550000000000000488e-01 9.207315000000000000e+10 2.253032000000000000e+09 3.877308000000000000e+09
5.564999699999999550e-01 4.781711000000000000e+10 1.777024000000000000e+09 3.335217000000000000e+09
5.580000000000000515e-01 9.795248000000000000e+10 1.876554000000000000e+09 3.775470000000000000e+09
5.595000300000000371e-01 6.641855000000000000e+10 1.554066000000000000e+09 2.753659000000000000e+09
5.610000000000000542e-01 -1.120341000000000000e+10 9.421620000000000000e+08 8.094630000000000000e+08
5.624999699999999603e-01 6.865229000000000000e+10 1.288407000000000000e+09 2.456934000000000000e+09
5.639999999999999458e-01 4.674182000000000000e+10 8.576200000000000000e+08 2.193177000000000000e+09
5.655000300000000424e-01 4.897976000000000000e+10 9.711900000000000000e+08 2.559919000000000000e+09
5.669999999999999485e-01 6.911988000000000000e+10 8.432560000000000000e+08 2.437874000000000000e+09
5.684999699999999656e-01 5.138423000000000000e+10 6.509040000000000000e+08 2.298938000000000000e+09
5.699999999999999512e-01 7.896397000000000000e+10 6.784280000000000000e+08 2.555272000000000000e+09
5.715000300000000477e-01 8.952827000000000000e+10 6.675680000000000000e+08 2.468067000000000000e+09
5.729999999999999538e-01 2.449830000000000000e+10 9.433900000000000000e+07 8.528710000000000000e+08
5.744999699999999709e-01 5.947088000000000000e+10 3.139670000000000000e+08 2.061909000000000000e+09
5.759999999999999565e-01 6.137685000000000000e+10 1.192760000000000000e+08 1.973062000000000000e+09
5.775000300000000530e-01 1.248882200000000000e+11 3.407080000000000000e+08 2.575901000000000000e+09
5.789999999999999591e-01 1.145714500000000000e+11 1.506310000000000000e+08 2.082630000000000000e+09
5.804999699999999763e-01 1.279746000000000000e+10 -2.410180000000000000e+08 1.074181000000000000e+09
5.819999999999999618e-01 -6.656290000000000000e+09 -4.826670000000000000e+08 3.195580000000000000e+08
5.835000299999999473e-01 1.154077000000000000e+10 -3.930220000000000000e+08 1.011051000000000000e+09
5.849999999999999645e-01 5.509200000000000000e+09 -8.716690000000000000e+08 -8.754490000000000000e+08
5.864999699999999816e-01 3.611538000000000000e+10 -6.754920000000000000e+08 2.453390000000000000e+08
5.879999999999999671e-01 9.748959000000000000e+10 -2.791400000000000000e+08 2.040775000000000000e+09
5.895000299999999527e-01 5.432390000000000000e+10 -7.106090000000000000e+08 1.169898000000000000e+09
5.909999999999999698e-01 2.760165000000000000e+10 -8.262820000000000000e+08 7.302720000000000000e+08
5.924999699999999869e-01 5.110303000000000000e+10 -7.616880000000000000e+08 1.186666000000000000e+09
5.939999999999999725e-01 5.386825000000000000e+10 -9.604210000000000000e+08 9.435590000000000000e+08
5.955000299999999580e-01 7.200172000000000000e+10 -8.050930000000000000e+08 1.892774000000000000e+09
5.969999999999999751e-01 5.166915000000000000e+10 -1.146862000000000000e+09 7.660450000000000000e+08
5.984999699999999923e-01 6.869720000000000000e+10 -1.274910000000000000e+09 7.515500000000000000e+07
5.999999999999999778e-01 8.073892000000000000e+10 -1.226603000000000000e+09 2.666410000000000000e+08
6.015000299999999633e-01 3.008812000000000000e+10 -1.501017000000000000e+09 2.656290000000000000e+08
6.029999999999999805e-01 4.158525000000000000e+10 -1.471484000000000000e+09 6.304180000000000000e+08
6.044999699999999976e-01 5.044583000000000000e+10 -1.392791000000000000e+09 1.049726000000000000e+09
6.059999999999999831e-01 4.702175000000000000e+10 -1.570552000000000000e+09 6.342860000000000000e+08
6.075000299999999687e-01 4.809860000000000000e+10 -1.744332000000000000e+09 1.051800000000000000e+07
6.089999999999999858e-01 9.096137000000000000e+10 -1.427519000000000000e+09 1.224304000000000000e+09
6.104999700000000029e-01 4.469682000000000000e+10 -1.845797000000000000e+09 -1.805620000000000000e+08
6.119999999999999885e-01 2.151450000000000000e+09 -2.009200000000000000e+09 -2.155980000000000000e+08
6.135000299999999740e-01 2.845621000000000000e+10 -1.927156000000000000e+09 7.462000000000000000e+07
6.149999999999999911e-01 3.405874000000000000e+10 -2.206572000000000000e+09 -7.874610000000000000e+08
6.164999700000000082e-01 1.815735000000000000e+10 -2.245412000000000000e+09 -9.820480000000000000e+08
6.179999999999999938e-01 2.978598000000000000e+10 -2.262592000000000000e+09 -8.697520000000000000e+08
6.195000299999999793e-01 6.737310000000000000e+10 -2.051269000000000000e+09 4.003580000000000000e+08
6.209999999999999964e-01 8.026762000000000000e+10 -2.041604000000000000e+09 6.433730000000000000e+08
6.224999700000000136e-01 -1.612995000000000000e+10 -2.718203000000000000e+09 -1.373817000000000000e+09
6.239999999999999991e-01 2.068441000000000000e+10 -2.557375000000000000e+09 -6.625200000000000000e+08
6.255000299999999847e-01 5.784201000000000000e+10 -2.413055000000000000e+09 -2.592110000000000000e+08
6.270000000000000018e-01 3.015113000000000000e+10 -2.686041000000000000e+09 -1.064458000000000000e+09
6.284999700000000189e-01 -3.474300000000000000e+08 -2.962255000000000000e+09 -1.692390000000000000e+09
6.300000000000000044e-01 3.401217000000000000e+10 -2.807631000000000000e+09 -8.783840000000000000e+08
6.315000299999999900e-01 1.629316000000000000e+10 -2.958773000000000000e+09 -1.138369000000000000e+09
6.330000000000000071e-01 2.293752000000000000e+10 -2.889277000000000000e+09 -1.684170000000000000e+08
6.344999700000000242e-01 4.117040000000000000e+10 -2.916985000000000000e+09 -3.570380000000000000e+08
6.360000000000000098e-01 3.862954000000000000e+10 -3.013821000000000000e+09 -8.840890000000000000e+08
6.375000299999999953e-01 3.419973000000000000e+10 -3.150983000000000000e+09 -7.150640000000000000e+08
6.390000000000000124e-01 8.187898000000000000e+10 -2.902996000000000000e+09 1.164500000000000000e+08
6.404999700000000296e-01 4.515981000000000000e+10 -3.216574000000000000e+09 -9.020590000000000000e+08
6.420000000000000151e-01 5.737462000000000000e+10 -3.208313000000000000e+09 -9.234830000000000000e+08
6.435000300000000006e-01 5.053682000000000000e+10 -3.297722000000000000e+09 -6.382400000000000000e+08
6.450000000000000178e-01 2.538484000000000000e+10 -3.459373000000000000e+09 -1.112517000000000000e+09
6.464999700000000349e-01 1.956637000000000000e+10 -3.569769000000000000e+09 -1.711283000000000000e+09
6.480000000000000204e-01 7.642731000000000000e+10 -3.419016000000000000e+09 -6.550380000000000000e+08
6.495000300000000060e-01 7.078104000000000000e+10 -3.590117000000000000e+09 -1.316233000000000000e+09
6.510000000000000231e-01 2.642608000000000000e+10 -3.617880000000000000e+09 -9.840440000000000000e+08
6.524999700000000402e-01 3.646243000000000000e+10 -3.731588000000000000e+09 -9.959140000000000000e+08
6.540000000000000258e-01 3.862278000000000000e+10 -3.786083000000000000e+09 -1.193659000000000000e+09
6.555000300000000113e-01 4.461855000000000000e+10 -3.790345000000000000e+09 -7.417110000000000000e+08
6.570000000000000284e-01 7.560808000000000000e+10 -3.679572000000000000e+09 -5.883340000000000000e+08
6.584999700000000455e-01 6.094879000000000000e+10 -3.987506000000000000e+09 -1.532419000000000000e+09
6.600000000000000311e-01 5.879890000000000000e+10 -3.959554000000000000e+09 -1.348448000000000000e+09
6.615000300000000166e-01 3.376463000000000000e+10 -4.036941000000000000e+09 -1.306302000000000000e+09
6.630000000000000338e-01 2.545764000000000000e+10 -4.263962000000000000e+09 -1.978233000000000000e+09
6.644999700000000509e-01 1.602674000000000000e+10 -4.269221000000000000e+09 -1.953791000000000000e+09
6.660000000000000364e-01 -1.476574000000000000e+10 -4.524815000000000000e+09 -3.044795000000000000e+09
6.675000300000000220e-01 2.984680000000000000e+09 -4.541069000000000000e+09 -2.789723000000000000e+09
6.690000000000000391e-01 3.334528000000000000e+10 -4.380675000000000000e+09 -1.679931000000000000e+09
6.704999699999999452e-01 9.678350000000000000e+09 -4.603456000000000000e+09 -2.110727000000000000e+09
6.720000000000000417e-01 -8.716360000000000000e+09 -4.710874000000000000e+09 -2.468853000000000000e+09
6.735000300000000273e-01 2.201800000000000000e+10 -4.579243000000000000e+09 -2.088571000000000000e+09
6.750000000000000444e-01 9.348863000000000000e+10 -4.364742000000000000e+09 -1.052054000000000000e+09
6.764999699999999505e-01 7.573831000000000000e+10 -4.555397000000000000e+09 -1.174405000000000000e+09
6.780000000000000471e-01 4.510981000000000000e+10 -4.594466000000000000e+09 -1.253385000000000000e+09
6.795000300000000326e-01 1.014319400000000000e+11 -4.332485000000000000e+09 -3.347730000000000000e+08
6.810000000000000497e-01 8.545530000000000000e+10 -4.684310000000000000e+09 -1.549568000000000000e+09
6.824999699999999558e-01 9.845270000000000000e+09 -5.055529000000000000e+09 -2.559327000000000000e+09
6.840000000000000524e-01 3.263563000000000000e+10 -5.062158000000000000e+09 -2.499166000000000000e+09
6.855000300000000379e-01 8.614812000000000000e+10 -4.793869000000000000e+09 -1.591191000000000000e+09
6.870000000000000551e-01 6.599402000000000000e+10 -4.823588000000000000e+09 -1.154179000000000000e+09
6.884999699999999612e-01 6.593962000000000000e+10 -5.030726000000000000e+09 -1.734670000000000000e+09
6.899999999999999467e-01 1.606763000000000000e+10 -5.292127000000000000e+09 -2.730189000000000000e+09
6.915000300000000433e-01 -1.787380000000000000e+09 -5.499255000000000000e+09 -3.487802000000000000e+09
6.929999999999999494e-01 -1.526425000000000000e+10 -5.533766000000000000e+09 -3.416980000000000000e+09
6.944999699999999665e-01 -7.836470000000000000e+09 -5.509159000000000000e+09 -2.936315000000000000e+09
6.959999999999999520e-01 5.133893000000000000e+10 -5.246297000000000000e+09 -1.648245000000000000e+09
6.975000300000000486e-01 3.185152000000000000e+10 -5.526679000000000000e+09 -2.867196000000000000e+09
6.989999999999999547e-01 1.894527000000000000e+10 -5.711444000000000000e+09 -3.369316000000000000e+09
7.004999699999999718e-01 2.009589000000000000e+10 -5.853373000000000000e+09 -3.552785000000000000e+09
7.019999999999999574e-01 1.780825000000000000e+10 -5.638928000000000000e+09 -2.960433000000000000e+09
7.035000300000000539e-01 -3.606372000000000000e+10 -6.066204000000000000e+09 -4.205994000000000000e+09
7.049999999999999600e-01 3.753997000000000000e+10 -5.753048000000000000e+09 -2.661400000000000000e+09
7.064999699999999772e-01 8.545922000000000000e+10 -5.677918000000000000e+09 -2.252595000000000000e+09
7.079999999999999627e-01 -4.644170000000000000e+09 -6.054815000000000000e+09 -3.718780000000000000e+09
7.095000299999999482e-01 -2.807608000000000000e+10 -6.097178000000000000e+09 -3.763341000000000000e+09
7.109999999999999654e-01 3.533098000000000000e+10 -5.961605000000000000e+09 -3.137739000000000000e+09
7.124999699999999825e-01 2.832705000000000000e+10 -6.006169000000000000e+09 -2.796199000000000000e+09
7.139999999999999680e-01 4.389129000000000000e+10 -6.033910000000000000e+09 -2.905645000000000000e+09
7.155000299999999536e-01 2.865825000000000000e+10 -6.246543000000000000e+09 -3.662175000000000000e+09
7.169999999999999707e-01 4.162947000000000000e+10 -6.199254000000000000e+09 -3.329472000000000000e+09
7.184999699999999878e-01 2.540441000000000000e+10 -6.280347000000000000e+09 -3.425498000000000000e+09
7.199999999999999734e-01 1.031178000000000000e+10 -6.425945000000000000e+09 -3.809018000000000000e+09
7.215000299999999589e-01 1.320673000000000000e+10 -6.549358000000000000e+09 -3.916926000000000000e+09
7.229999999999999760e-01 5.869842000000000000e+10 -6.244142000000000000e+09 -2.755986000000000000e+09
7.244999699999999931e-01 1.215992000000000000e+10 -6.555271000000000000e+09 -3.570100000000000000e+09
7.259999999999999787e-01 3.723167000000000000e+10 -6.451283000000000000e+09 -3.299679000000000000e+09
7.275000299999999642e-01 -3.713890000000000000e+09 -6.657186000000000000e+09 -3.789462000000000000e+09
7.289999999999999813e-01 -4.302210000000000000e+09 -6.711250000000000000e+09 -4.141984000000000000e+09
7.304999699999999985e-01 2.129798000000000000e+10 -6.646170000000000000e+09 -3.655663000000000000e+09
7.319999999999999840e-01 -3.702340000000000000e+09 -6.593124000000000000e+09 -3.503509000000000000e+09
7.335000299999999696e-01 6.113280000000000000e+09 -6.294516000000000000e+09 -3.514810000000000000e+09
7.349999999999999867e-01 -5.385620000000000000e+09 -6.149667000000000000e+09 -3.705110000000000000e+09
7.364999700000000038e-01 2.657343000000000000e+10 -5.899445000000000000e+09 -2.718641000000000000e+09
7.379999999999999893e-01 2.145355000000000000e+10 -5.801144000000000000e+09 -2.444952000000000000e+09
7.395000299999999749e-01 -8.269030000000000000e+09 -5.986521000000000000e+09 -3.420340000000000000e+09
7.409999999999999920e-01 2.407259000000000000e+10 -5.807333000000000000e+09 -2.960644000000000000e+09
7.424999700000000091e-01 5.460470000000000000e+09 -5.870383000000000000e+09 -3.335927000000000000e+09
7.439999999999999947e-01 1.042000000000000000e+08 -5.924419000000000000e+09 -3.764653000000000000e+09
7.455000299999999802e-01 -1.531130000000000000e+09 -5.980816000000000000e+09 -3.743678000000000000e+09
7.469999999999999973e-01 5.134617000000000000e+10 -5.703715000000000000e+09 -2.785259000000000000e+09
7.484999700000000145e-01 7.210465000000000000e+10 -5.486432000000000000e+09 -2.142871000000000000e+09
7.500000000000000000e-01 4.397984000000000000e+10 -5.590548000000000000e+09 -2.266262000000000000e+09
7.515000299999999855e-01 -7.714060000000000000e+09 -5.568310000000000000e+09 -2.770693000000000000e+09
7.530000000000000027e-01 3.830685000000000000e+10 -5.026913000000000000e+09 -2.219980000000000000e+09
7.544999700000000198e-01 6.193758000000000000e+10 -4.610800000000000000e+09 -1.020885000000000000e+09
7.560000000000000053e-01 4.039320000000000000e+09 -4.894930000000000000e+09 -2.560944000000000000e+09
7.575000299999999909e-01 1.615012000000000000e+10 -4.701347000000000000e+09 -2.598041000000000000e+09
7.590000000000000080e-01 5.008831000000000000e+10 -4.390976000000000000e+09 -1.852974000000000000e+09
7.604999700000000251e-01 -2.310050000000000000e+09 -4.563851000000000000e+09 -2.368431000000000000e+09
7.620000000000000107e-01 4.175451000000000000e+10 -4.197405000000000000e+09 -1.873695000000000000e+09
7.635000299999999962e-01 3.034329000000000000e+10 -4.208510000000000000e+09 -1.762033000000000000e+09
7.650000000000000133e-01 4.497323000000000000e+10 -4.105993000000000000e+09 -1.550917000000000000e+09
7.664999700000000304e-01 5.597469000000000000e+10 -4.021879000000000000e+09 -1.283949000000000000e+09
7.680000000000000160e-01 4.192075000000000000e+10 -3.968953000000000000e+09 -1.738107000000000000e+09
7.695000300000000015e-01 -1.136455000000000000e+10 -4.234331000000000000e+09 -3.167250000000000000e+09
7.710000000000000187e-01 1.680057000000000000e+10 -3.905114000000000000e+09 -1.818931000000000000e+09
7.724999700000000358e-01 -2.944715000000000000e+10 -4.012031000000000000e+09 -2.207337000000000000e+09
7.740000000000000213e-01 7.767790000000000000e+09 -3.628480000000000000e+09 -1.233542000000000000e+09
7.755000300000000069e-01 4.194267000000000000e+10 -3.224698000000000000e+09 -5.083720000000000000e+08
7.770000000000000240e-01 4.332967000000000000e+10 -2.627965000000000000e+09 -8.146000000000000000e+07
7.784999700000000411e-01 -9.631480000000000000e+09 -2.573428000000000000e+09 -9.053520000000000000e+08
7.800000000000000266e-01 -4.426465000000000000e+10 -2.509408000000000000e+09 -2.061148000000000000e+09
7.815000300000000122e-01 -5.714070000000000000e+09 -1.964045000000000000e+09 -5.590420000000000000e+08
7.830000000000000293e-01 1.701357000000000000e+10 -1.813956000000000000e+09 -2.615410000000000000e+08
7.844999700000000464e-01 3.890711000000000000e+10 -1.570054000000000000e+09 3.341280000000000000e+08
7.860000000000000320e-01 4.802991000000000000e+10 -1.306369000000000000e+09 1.034983000000000000e+09
7.875000300000000175e-01 -7.559280000000000000e+09 -1.349582000000000000e+09 -3.319850000000000000e+08
7.890000000000000346e-01 -1.841760000000000000e+10 -1.229838000000000000e+09 -7.093650000000000000e+08
7.904999700000000518e-01 -1.368967000000000000e+10 -1.087875000000000000e+09 -6.151270000000000000e+08
7.920000000000000373e-01 2.193748000000000000e+10 -6.237580000000000000e+08 6.332100000000000000e+08
7.935000300000000228e-01 1.700858000000000000e+10 -4.726690000000000000e+08 1.001732000000000000e+09
7.950000000000000400e-01 1.010700000000000000e+08 -4.596830000000000000e+08 3.480000000000000000e+05
7.964999699999999461e-01 3.570797000000000000e+10 -6.246600000000000000e+07 7.739890000000000000e+08
7.980000000000000426e-01 5.840098000000000000e+10 1.596730000000000000e+08 1.106759000000000000e+09
7.995000300000000282e-01 0.000000000000000000e+00 0.000000000000000000e+00 0.000000000000000000e+00
8.010000000000000453e-01 1.192373000000000000e+10 3.725860000000000000e+08 1.208387000000000000e+09
8.024999699999999514e-01 -1.771646000000000000e+10 2.956430000000000000e+08 5.735900000000000000e+08
8.040000000000000480e-01 -2.226876000000000000e+10 4.082890000000000000e+08 5.817810000000000000e+08
8.055000300000000335e-01 -3.282201000000000000e+10 3.960650000000000000e+08 4.386020000000000000e+08
8.070000000000000506e-01 -4.140697000000000000e+10 5.276410000000000000e+08 4.949770000000000000e+08
8.084999699999999567e-01 -3.625236000000000000e+10 6.218570000000000000e+08 3.890720000000000000e+08
8.100000000000000533e-01 1.884508000000000000e+10 9.810850000000000000e+08 1.260677000000000000e+09
8.115000300000000388e-01 -1.679440000000000000e+10 9.509980000000000000e+08 5.153130000000000000e+08
8.129999999999999449e-01 1.732400000000000000e+09 1.230680000000000000e+09 1.366677000000000000e+09
8.144999699999999621e-01 5.634023000000000000e+10 1.550972000000000000e+09 2.399153000000000000e+09
8.159999999999999476e-01 5.701850000000000000e+09 1.366595000000000000e+09 1.192762000000000000e+09
8.175000300000000442e-01 4.297300000000000000e+08 1.517198000000000000e+09 1.221595000000000000e+09
8.189999999999999503e-01 3.838400000000000000e+08 1.664383000000000000e+09 1.496984000000000000e+09
8.204999699999999674e-01 -8.433400000000000000e+09 1.845550000000000000e+09 1.832265000000000000e+09
8.219999999999999529e-01 -1.892129000000000000e+10 1.835356000000000000e+09 1.957206000000000000e+09
8.235000300000000495e-01 2.995701000000000000e+10 2.379933000000000000e+09 3.513495000000000000e+09
8.249999999999999556e-01 1.842035000000000000e+10 2.187264000000000000e+09 1.919466000000000000e+09
8.264999699999999727e-01 -6.302715000000000000e+10 1.885219000000000000e+09 2.873740000000000000e+08
8.279999999999999583e-01 4.800252000000000000e+10 2.823965000000000000e+09 3.200073000000000000e+09
8.295000300000000548e-01 4.398923000000000000e+10 2.800985000000000000e+09 3.364873000000000000e+09
8.309999999999999609e-01 -8.410210000000000000e+09 2.707625000000000000e+09 2.668799000000000000e+09
8.324999699999999780e-01 -3.332400000000000000e+09 2.905462000000000000e+09 2.806353000000000000e+09
8.339999999999999636e-01 -1.213017000000000000e+10 2.960192000000000000e+09 2.831966000000000000e+09
8.355000299999999491e-01 -2.182926000000000000e+10 3.076594000000000000e+09 3.199189000000000000e+09
8.369999999999999662e-01 -9.597820000000000000e+09 3.407208000000000000e+09 4.073262000000000000e+09
8.384999699999999834e-01 5.691090000000000000e+09 3.489212000000000000e+09 3.754767000000000000e+09
8.399999999999999689e-01 -1.889996000000000000e+10 3.368512000000000000e+09 2.375456000000000000e+09
8.415000299999999545e-01 -3.532521000000000000e+10 3.465216000000000000e+09 1.916672000000000000e+09
8.429999999999999716e-01 -3.881475000000000000e+10 3.561493000000000000e+09 1.952219000000000000e+09
8.444999699999999887e-01 -3.287790000000000000e+09 3.721239000000000000e+09 2.238413000000000000e+09
8.459999999999999742e-01 5.859520000000000000e+10 4.369131000000000000e+09 4.789298000000000000e+09
8.475000299999999598e-01 6.777680000000000000e+10 4.565439000000000000e+09 5.177272000000000000e+09
8.489999999999999769e-01 2.940107000000000000e+10 4.428533000000000000e+09 4.711486000000000000e+09
8.504999699999999940e-01 -8.067670000000000000e+09 4.528558000000000000e+09 3.838780000000000000e+09
8.519999999999999796e-01 -1.274736000000000000e+10 5.098849000000000000e+09 3.445782000000000000e+09
8.535000299999999651e-01 4.772562000000000000e+10 6.086284000000000000e+09 5.413922000000000000e+09
8.549999999999999822e-01 8.239300000000000000e+08 6.296889000000000000e+09 4.695718000000000000e+09
8.564999699999999994e-01 -1.952596000000000000e+10 6.665295000000000000e+09 4.834874000000000000e+09
8.579999999999999849e-01 3.820440000000000000e+09 7.001102000000000000e+09 5.173087000000000000e+09
8.595000299999999704e-01 4.437440000000000000e+09 7.453829000000000000e+09 5.751006000000000000e+09
8.609999999999999876e-01 -1.947459000000000000e+10 7.842972000000000000e+09 6.289670000000000000e+09
8.624999700000000047e-01 -5.344875000000000000e+10 7.968766000000000000e+09 5.132240000000000000e+09
8.639999999999999902e-01 -2.160354000000000000e+10 8.445478000000000000e+09 5.795151000000000000e+09
8.655000299999999758e-01 3.441411000000000000e+10 8.807873000000000000e+09 6.428893000000000000e+09
8.669999999999999929e-01 -3.414523000000000000e+10 9.134188000000000000e+09 6.964349000000000000e+09
8.684999700000000100e-01 -3.090656000000000000e+10 9.596186000000000000e+09 7.475819000000000000e+09
8.699999999999999956e-01 -2.065427000000000000e+10 9.941606000000000000e+09 7.199348000000000000e+09
8.715000299999999811e-01 -6.763240000000000000e+09 1.018734200000000000e+10 6.986110000000000000e+09
8.729999999999999982e-01 -8.056410000000000000e+09 1.049942200000000000e+10 7.481356000000000000e+09
8.744999700000000153e-01 1.775150000000000000e+09 1.093838400000000000e+10 8.118336000000000000e+09
8.760000000000000009e-01 1.184594000000000000e+10 1.131554700000000000e+10 8.759740000000000000e+09
8.775000299999999864e-01 -3.347893000000000000e+10 1.140996500000000000e+10 7.539343000000000000e+09
8.790000000000000036e-01 -5.450725000000000000e+10 1.150774000000000000e+10 6.736924000000000000e+09
8.804999700000000207e-01 -3.903704000000000000e+10 1.217589800000000000e+10 8.724449000000000000e+09
8.820000000000000062e-01 -1.134792000000000000e+10 1.254059800000000000e+10 8.927967000000000000e+09
8.835000299999999918e-01 1.530300000000000000e+10 1.277228800000000000e+10 8.669456000000000000e+09
8.850000000000000089e-01 6.473890000000000000e+10 1.368104600000000000e+10 1.073974300000000000e+10
8.864999700000000260e-01 -1.202538000000000000e+10 1.340778500000000000e+10 9.831991000000000000e+09
8.880000000000000115e-01 -5.929613000000000000e+10 1.338869300000000000e+10 8.427071000000000000e+09
8.895000299999999971e-01 -7.635231000000000000e+10 1.348012100000000000e+10 7.069927000000000000e+09
8.910000000000000142e-01 -5.004125000000000000e+10 1.419663100000000000e+10 9.157584000000000000e+09
8.924999700000000313e-01 -5.744188000000000000e+10 1.437948500000000000e+10 9.201436000000000000e+09
8.940000000000000169e-01 -7.254346000000000000e+10 1.455697100000000000e+10 9.148500000000000000e+09
8.955000300000000024e-01 2.347027000000000000e+10 1.526322000000000000e+10 1.116775000000000000e+10
8.970000000000000195e-01 2.595950000000000000e+09 1.549379100000000000e+10 1.099775900000000000e+10
8.984999700000000367e-01 -7.599939000000000000e+10 1.525111800000000000e+10 9.340959000000000000e+09
9.000000000000000222e-01 -2.291990000000000000e+10 1.600175000000000000e+10 1.126064200000000000e+10
9.015000300000000077e-01 -1.165241000000000000e+10 1.657212100000000000e+10 1.154630100000000000e+10
9.030000000000000249e-01 -4.804449000000000000e+10 1.652958400000000000e+10 1.081594100000000000e+10
9.044999700000000420e-01 -4.024256000000000000e+10 1.669356800000000000e+10 1.074793400000000000e+10
9.060000000000000275e-01 -5.228663000000000000e+10 1.695117400000000000e+10 1.017576600000000000e+10
9.075000300000000131e-01 -9.108249000000000000e+10 1.722530300000000000e+10 1.060801400000000000e+10
9.090000000000000302e-01 -5.749496000000000000e+10 1.728737700000000000e+10 9.620622000000000000e+09
9.104999700000000473e-01 -3.542814000000000000e+10 1.771805400000000000e+10 1.075611300000000000e+10
9.120000000000000329e-01 -5.088416000000000000e+10 1.825583700000000000e+10 1.157306400000000000e+10
9.135000300000000184e-01 4.136380000000000000e+09 1.877573300000000000e+10 1.285223700000000000e+10
9.150000000000000355e-01 1.929730000000000000e+10 1.937194000000000000e+10 1.484823100000000000e+10
9.164999700000000527e-01 -5.271268000000000000e+10 1.934228800000000000e+10 1.271348100000000000e+10
9.180000000000000382e-01 -3.701093000000000000e+10 1.943676700000000000e+10 1.240174700000000000e+10
9.195000300000000237e-01 7.781452000000000000e+10 2.082948200000000000e+10 1.634635900000000000e+10
9.210000000000000409e-01 -4.441278000000000000e+10 2.041254600000000000e+10 1.475437900000000000e+10
9.224999699999999470e-01 -1.519008000000000000e+10 2.083589100000000000e+10 1.427337200000000000e+10
9.240000000000000435e-01 4.345276000000000000e+10 2.170928400000000000e+10 1.561443000000000000e+10
9.255000300000000291e-01 -1.695310000000000000e+10 2.163311400000000000e+10 1.414178100000000000e+10
9.270000000000000462e-01 3.089470000000000000e+09 2.205785300000000000e+10 1.577706500000000000e+10
9.284999699999999523e-01 -2.507918000000000000e+10 2.232834400000000000e+10 1.617819300000000000e+10
9.300000000000000488e-01 -7.492993000000000000e+10 2.258560100000000000e+10 1.505562600000000000e+10
9.315000300000000344e-01 4.638800000000000000e+09 2.329739600000000000e+10 1.560106800000000000e+10
9.330000000000000515e-01 -2.341260000000000000e+09 2.377103800000000000e+10 1.577781400000000000e+10
9.344999699999999576e-01 -5.044768000000000000e+10 2.355448900000000000e+10 1.409226300000000000e+10
9.360000000000000542e-01 -3.249326000000000000e+10 2.420596400000000000e+10 1.554086200000000000e+10
9.375000300000000397e-01 -2.236191000000000000e+10 2.465389800000000000e+10 1.653719700000000000e+10
9.389999999999999458e-01 -2.949763000000000000e+10 2.504527200000000000e+10 1.728120100000000000e+10
9.404999699999999629e-01 -7.059416000000000000e+10 2.494444000000000000e+10 1.636924500000000000e+10
9.419999999999999485e-01 -4.941594000000000000e+10 2.573103500000000000e+10 1.757325000000000000e+10
9.435000300000000450e-01 -6.902834000000000000e+10 2.578646300000000000e+10 1.549261900000000000e+10
9.449999999999999512e-01 -7.937823000000000000e+10 2.609702000000000000e+10 1.608541400000000000e+10
9.464999699999999683e-01 -1.436518000000000000e+10 2.689497100000000000e+10 1.841696400000000000e+10
9.479999999999999538e-01 -4.482362000000000000e+10 2.687194200000000000e+10 1.744922300000000000e+10
9.495000300000000504e-01 -1.463718000000000000e+10 2.759797300000000000e+10 1.837031800000000000e+10
9.509999999999999565e-01 1.205503000000000000e+10 2.787900600000000000e+10 1.904864500000000000e+10
9.524999699999999736e-01 3.700066000000000000e+10 2.911730800000000000e+10 2.138727300000000000e+10
9.539999999999999591e-01 -3.717765000000000000e+10 2.857308600000000000e+10 1.889159600000000000e+10
9.555000299999999447e-01 -9.375230000000000000e+09 2.911177400000000000e+10 2.025464100000000000e+10
9.569999999999999618e-01 -3.404573000000000000e+10 2.969820900000000000e+10 1.955390800000000000e+10
9.584999699999999789e-01 -5.249302000000000000e+10 2.973134100000000000e+10 1.749874600000000000e+10
9.599999999999999645e-01 2.947416000000000000e+10 3.081600000000000000e+10 2.041620200000000000e+10
9.615000299999999500e-01 5.552540000000000000e+10 3.155485500000000000e+10 2.126882900000000000e+10
9.629999999999999671e-01 -1.683041000000000000e+10 3.146940200000000000e+10 2.092594800000000000e+10
9.644999699999999843e-01 -1.359868000000000000e+10 3.227140100000000000e+10 2.242429600000000000e+10
9.659999999999999698e-01 -3.856065000000000000e+10 3.247471700000000000e+10 2.039439000000000000e+10
9.675000299999999553e-01 -8.296874000000000000e+10 3.270620600000000000e+10 2.118607300000000000e+10
9.689999999999999725e-01 6.914310000000000000e+09 3.419404200000000000e+10 2.437746300000000000e+10
9.704999699999999896e-01 2.604303000000000000e+10 3.480240600000000000e+10 2.494212200000000000e+10
9.719999999999999751e-01 -3.160574000000000000e+10 3.426963100000000000e+10 2.119834000000000000e+10
9.735000299999999607e-01 -4.517223000000000000e+10 3.525941400000000000e+10 2.292013500000000000e+10
9.749999999999999778e-01 3.836047000000000000e+10 3.653705400000000000e+10 2.515602300000000000e+10
9.764999699999999949e-01 -2.199657000000000000e+10 3.703954100000000000e+10 2.633937400000000000e+10
9.779999999999999805e-01 -9.060013000000000000e+10 3.652176700000000000e+10 2.304885800000000000e+10
9.795000299999999660e-01 -1.035270300000000000e+11 3.747374600000000000e+10 2.491284900000000000e+10
9.809999999999999831e-01 -2.890706000000000000e+10 3.844018700000000000e+10 2.649040600000000000e+10
9.824999700000000002e-01 -5.364480000000000000e+09 3.957596900000000000e+10 2.914648300000000000e+10
9.839999999999999858e-01 -1.064823000000000000e+11 3.911369000000000000e+10 2.496077900000000000e+10
9.855000299999999713e-01 -5.193733000000000000e+10 4.012502900000000000e+10 2.541038200000000000e+10
9.869999999999999885e-01 -6.897066000000000000e+10 4.046118300000000000e+10 2.581473900000000000e+10
9.884999700000000056e-01 -2.019422000000000000e+10 4.179375000000000000e+10 2.822819800000000000e+10
9.899999999999999911e-01 -6.084713000000000000e+10 4.144480200000000000e+10 2.539547900000000000e+10
9.915000299999999767e-01 -2.406172000000000000e+10 4.289682200000000000e+10 2.879925300000000000e+10
9.929999999999999938e-01 1.445720000000000000e+09 4.365531300000000000e+10 3.028764000000000000e+10
9.944999700000000109e-01 -3.967790000000000000e+09 4.451589500000000000e+10 3.075626100000000000e+10
9.959999999999999964e-01 -1.525104000000000000e+10 4.594859700000000000e+10 3.315926300000000000e+10
9.975000299999999820e-01 -2.016500000000000000e+08 4.611079500000000000e+10 3.327989000000000000e+10
9.989999999999999991e-01 1.572300000000000000e+08 4.724114600000000000e+10 3.498050200000000000e+10
1.000499999999999945e+00 1.298737000000000000e+10 4.821176500000000000e+10 3.444497600000000000e+10
1.002000000000000002e+00 -5.642574000000000000e+10 4.772076800000000000e+10 3.156194200000000000e+10
1.003500000000000059e+00 -8.421456000000000000e+10 4.870033300000000000e+10 3.226184300000000000e+10
1.004999999999999893e+00 -9.794518000000000000e+10 4.954500800000000000e+10 3.162331300000000000e+10
1.006499999999999950e+00 -1.514152100000000000e+11 4.969513800000000000e+10 3.032047800000000000e+10
1.008000000000000007e+00 -2.910421000000000000e+10 5.185430800000000000e+10 3.371363600000000000e+10
1.009500000000000064e+00 -7.686270000000000000e+10 5.211435800000000000e+10 3.313189800000000000e+10
1.010999999999999899e+00 -6.404206000000000000e+10 5.263765800000000000e+10 3.288728000000000000e+10
1.012499999999999956e+00 -4.231133000000000000e+10 5.353975800000000000e+10 3.265418400000000000e+10
1.014000000000000012e+00 -7.993764000000000000e+10 5.487645800000000000e+10 3.505720400000000000e+10
1.015500000000000069e+00 -5.975712000000000000e+10 5.556606800000000000e+10 3.373050200000000000e+10
1.016999999999999904e+00 3.336553000000000000e+10 5.749497800000000000e+10 3.820484000000000000e+10
1.018499999999999961e+00 1.767230000000000000e+09 5.828325800000000000e+10 3.860835300000000000e+10
1.020000000000000018e+00 1.204133000000000000e+10 5.939369800000000000e+10 3.951560000000000000e+10
1.021500000000000075e+00 1.828063000000000000e+10 6.094434800000000000e+10 4.260938600000000000e+10
1.022999999999999909e+00 -2.791915000000000000e+10 6.175051800000000000e+10 4.233125800000000000e+10
1.024499999999999966e+00 6.982000000000000000e+08 6.226945800000000000e+10 4.054628700000000000e+10
1.026000000000000023e+00 -9.973941000000000000e+10 6.299634800000000000e+10 3.872532900000000000e+10
1.027500000000000080e+00 -1.506232300000000000e+11 6.368617800000000000e+10 3.609796900000000000e+10
1.028999999999999915e+00 1.497043000000000000e+10 6.677037800000000000e+10 4.509099800000000000e+10
1.030499999999999972e+00 -5.546141000000000000e+10 6.667403800000000000e+10 4.217137100000000000e+10
1.032000000000000028e+00 2.901625000000000000e+10 6.954084800000000000e+10 4.774321700000000000e+10
1.033500000000000085e+00 2.852225000000000000e+10 7.018467800000000000e+10 4.719725100000000000e+10
1.034999999999999920e+00 -3.854274000000000000e+10 7.131078800000000000e+10 4.439789100000000000e+10
1.036499999999999977e+00 -1.678686400000000000e+11 7.149925800000000000e+10 4.076988700000000000e+10
1.038000000000000034e+00 -1.751855100000000000e+11 7.311542800000000000e+10 4.134204900000000000e+10
1.039500000000000091e+00 -1.685810700000000000e+11 7.498673800000000000e+10 4.211477000000000000e+10
1.040999999999999925e+00 1.612115000000000000e+10 7.873848800000000000e+10 5.470614400000000000e+10
1.042499999999999982e+00 1.650323300000000000e+11 8.277876800000000000e+10 6.668495100000000000e+10
1.044000000000000039e+00 1.723323000000000000e+10 8.147513800000000000e+10 5.912975100000000000e+10
1.045500000000000096e+00 1.617630300000000000e+11 8.491149800000000000e+10 6.191217300000000000e+10
1.046999999999999931e+00 5.318864000000000000e+10 8.636198800000000000e+10 5.805606900000000000e+10
1.048499999999999988e+00 -1.794059300000000000e+11 8.531909800000000000e+10 5.128728400000000000e+10
1.050000000000000044e+00 -6.100069000000000000e+10 8.847204800000000000e+10 5.861376900000000000e+10
1.051500000000000101e+00 -9.794147000000000000e+10 8.993665800000000000e+10 5.993466200000000000e+10
1.052999999999999936e+00 -7.048819000000000000e+10 9.149589800000000000e+10 6.234121700000000000e+10
1.054499999999999993e+00 2.521303000000000000e+10 9.510141800000000000e+10 6.638399200000000000e+10
1.056000000000000050e+00 5.523305000000000000e+10 9.739603800000000000e+10 6.592035400000000000e+10
1.057500000000000107e+00 -1.791567000000000000e+10 9.634422800000000000e+10 6.225618000000000000e+10
1.058999999999999941e+00 5.960894000000000000e+10 1.008128380000000000e+11 6.964005100000000000e+10
1.060499999999999998e+00 -1.218637600000000000e+11 1.005294480000000000e+11 6.587145200000000000e+10
1.062000000000000055e+00 -7.443138000000000000e+10 1.018500180000000000e+11 6.365911300000000000e+10
1.063499999999999890e+00 -8.241255000000000000e+10 1.044317480000000000e+11 6.068896300000000000e+10
1.064999999999999947e+00 -1.421928100000000000e+11 1.067186580000000000e+11 6.548236400000000000e+10
1.066500000000000004e+00 -1.189144600000000000e+11 1.091877680000000000e+11 6.515591400000000000e+10
1.068000000000000060e+00 -8.251377000000000000e+10 1.117146980000000000e+11 6.672492100000000000e+10
1.069499999999999895e+00 -1.875213500000000000e+11 1.123121580000000000e+11 6.524470000000000000e+10
1.070999999999999952e+00 -2.918713800000000000e+11 1.162711480000000000e+11 6.156397700000000000e+10
1.072500000000000009e+00 -1.275735900000000000e+11 1.196057180000000000e+11 7.174918100000000000e+10
1.074000000000000066e+00 9.548422000000000000e+10 1.261661880000000000e+11 9.234915100000000000e+10
1.075499999999999901e+00 -1.823385000000000000e+10 1.264178380000000000e+11 8.091088100000000000e+10
1.076999899999999899e+00 -8.363353000000000000e+10 1.283392580000000000e+11 8.151075100000000000e+10
1.078500000000000014e+00 -8.225239000000000000e+10 1.353108080000000000e+11 9.242721100000000000e+10
1.080000000000000071e+00 -9.365270000000000000e+10 1.362580380000000000e+11 8.863645100000000000e+10
1.081499999999999906e+00 -1.595108200000000000e+11 1.379278880000000000e+11 8.955681100000000000e+10
1.083000100000000021e+00 -1.931416900000000000e+11 1.422486680000000000e+11 8.632620100000000000e+10
1.084500000000000020e+00 -2.908937400000000000e+11 1.408310480000000000e+11 7.576417100000000000e+10
1.086000000000000076e+00 -1.476881600000000000e+11 1.457458280000000000e+11 8.456165100000000000e+10
1.087499999999999911e+00 1.880829000000000000e+10 1.519790380000000000e+11 9.875793100000000000e+10
1.088999899999999910e+00 2.043450300000000000e+11 1.567499780000000000e+11 1.114581810000000000e+11
1.090500000000000025e+00 3.364125000000000000e+10 1.613755180000000000e+11 1.136190610000000000e+11
1.092000000000000082e+00 -1.720227200000000000e+11 1.582156780000000000e+11 9.101846100000000000e+10
1.093499999999999917e+00 -1.262679300000000000e+11 1.616279280000000000e+11 9.514893100000000000e+10
1.095000100000000032e+00 -1.002761300000000000e+11 1.703172580000000000e+11 1.135798810000000000e+11
1.096500000000000030e+00 6.611691000000000000e+10 1.764022580000000000e+11 1.272114510000000000e+11
1.098000000000000087e+00 -9.733377000000000000e+10 1.777345680000000000e+11 1.125326010000000000e+11
1.099499999999999922e+00 -2.544849800000000000e+11 1.785406180000000000e+11 9.659899100000000000e+10
1.100999899999999920e+00 -2.158137200000000000e+11 1.815448080000000000e+11 1.015431310000000000e+11
1.102500000000000036e+00 -9.124329000000000000e+10 1.933710880000000000e+11 1.265344510000000000e+11
1.104000000000000092e+00 5.612909000000000000e+10 2.024275680000000000e+11 1.402485210000000000e+11
1.105499999999999927e+00 9.417157000000000000e+10 2.061364180000000000e+11 1.372566610000000000e+11
1.107000100000000042e+00 -1.211309300000000000e+11 2.109622180000000000e+11 1.324860010000000000e+11
1.108500000000000041e+00 -1.866672400000000000e+11 2.153356380000000000e+11 1.430037010000000000e+11
1.110000000000000098e+00 -6.168470000000000000e+10 2.239597280000000000e+11 1.500288110000000000e+11
1.111499999999999932e+00 1.713866300000000000e+11 2.421559180000000000e+11 1.781470610000000000e+11
1.112999899999999931e+00 7.531808000000000000e+10 2.416946880000000000e+11 1.617252810000000000e+11
1.114500000000000046e+00 7.558851000000000000e+10 2.592837880000000000e+11 1.919808310000000000e+11
1.116000000000000103e+00 1.799832300000000000e+11 2.811298580000000000e+11 2.526680110000000000e+11
1.117499999999999938e+00 1.933011300000000000e+11 2.866652280000000000e+11 2.417417610000000000e+11
1.119000100000000053e+00 2.607693300000000000e+11 3.020868780000000000e+11 2.537727010000000000e+11
1.120500000000000052e+00 3.220876300000000000e+11 3.202391780000000000e+11 2.717532210000000000e+11
1.122000000000000108e+00 1.414376000000000000e+10 3.250350080000000000e+11 2.177538610000000000e+11
1.123499999999999943e+00 -2.944655600000000000e+11 3.247445180000000000e+11 1.666973510000000000e+11
1.124999899999999942e+00 1.149159500000000000e+11 3.533196780000000000e+11 2.604959710000000000e+11
1.126500000000000057e+00 6.059812000000000000e+10 3.551853280000000000e+11 2.504959210000000000e+11
1.127999999999999892e+00 5.066439300000000000e+11 3.920795780000000000e+11 3.191526110000000000e+11
1.129499999999999948e+00 1.876931300000000000e+11 3.889923180000000000e+11 2.682251510000000000e+11
1.131000100000000064e+00 -2.568259500000000000e+11 3.875512980000000000e+11 2.022522010000000000e+11
1.132500000000000062e+00 -5.542736000000000000e+10 4.171128780000000000e+11 2.382793510000000000e+11
1.133999999999999897e+00 3.069605300000000000e+11 4.590994680000000000e+11 3.234569810000000000e+11
1.135499999999999954e+00 -2.934841600000000000e+11 4.458161280000000000e+11 2.649397910000000000e+11
1.136999899999999952e+00 -2.241420400000000000e+11 4.934045280000000000e+11 3.136381010000000000e+11
1.138500000000000068e+00 -5.859388500000000000e+11 4.965313680000000000e+11 1.826180810000000000e+11
1.139999999999999902e+00 2.667105300000000000e+11 5.707826180000000000e+11 3.445135310000000000e+11
1.141499999999999959e+00 1.067807700000000000e+11 6.111144580000000000e+11 3.751460310000000000e+11
1.143000100000000074e+00 4.695458300000000000e+11 6.927161480000000000e+11 4.442218110000000000e+11
1.144500000000000073e+00 -6.599377000000000000e+10 7.289239880000000000e+11 4.380531010000000000e+11
1.145999999999999908e+00 8.288816300000000000e+11 1.001078148000000000e+12 8.662364010000000000e+11
1.147499999999999964e+00 7.954985300000000000e+11 1.089128248000000000e+12 1.061956851000000000e+12
