2.400000000000000050e-02 2.981739100000000263e+24 1.458586200000000080e+23 1.121137899999999983e+24
2.599999999999999881e-02 4.523732499999999824e+24 8.588089299999999499e+22 3.170091999999999712e+23
2.800000000000000058e-02 5.531293899999999829e+24 5.777239199999999764e+22 1.282657399999999949e+23
2.999999999999999889e-02 5.080744900000000076e+24 4.168383700000000128e+22 8.142321199999999594e+22
3.200000000000000067e-02 4.547381699999999958e+24 3.560502199999999980e+22 5.931973399999999797e+22
3.400000000000000244e-02 4.112693800000000134e+24 3.261843899999999912e+22 5.425943799999999928e+22
3.599999999999999728e-02 3.697592200000000152e+24 2.974404099999999931e+22 4.861747999999999659e+22
3.799999999999999906e-02 3.306067900000000146e+24 2.720394899999999971e+22 4.186728999999999731e+22
4.000000000000000083e-02 2.938644099999999776e+24 2.480485799999999836e+22 3.913162800000000013e+22
4.200000000000000261e-02 2.639117100000000241e+24 2.286213800000000046e+22 3.658753099999999951e+22
4.399999999999999745e-02 2.277127300000000128e+24 2.074194799999999961e+22 3.159675299999999905e+22
4.599999999999999922e-02 1.951444300000000010e+24 1.879931199999999948e+22 3.006243000000000190e+22
4.800000000000000100e-02 1.685489300000000105e+24 1.692131999999999974e+22 2.723851700000000049e+22
5.000000000000000278e-02 1.412443099999999965e+24 1.517674999999999928e+22 2.394975899999999833e+22
5.199999999999999761e-02 1.148646699999999956e+24 1.337663699999999918e+22 1.998784399999999830e+22
5.399999999999999939e-02 9.579760800000000100e+23 1.193998600000000072e+22 1.773867999999999921e+22
5.600000000000000117e-02 7.683335299999999994e+23 1.047166400000000052e+22 1.604823000000000059e+22
5.800000000000000294e-02 6.037289099999999856e+23 9.076724900000000115e+21 1.299361699999999905e+22
5.999999999999999778e-02 4.745535399999999668e+23 7.899776000000000000e+21 1.065627500000000029e+22
6.199999999999999956e-02 3.527603299999999874e+23 6.670446800000000197e+21 9.508203899999999754e+21
6.400000000000000133e-02 2.624069200000000050e+23 5.692847700000000442e+21 7.649570699999999689e+21
6.600000000000000311e-02 1.939087400000000151e+23 4.823281199999999803e+21 6.208858699999999951e+21
6.800000000000000488e-02 1.498093599999999953e+23 4.196298900000000180e+21 5.260772899999999590e+21
7.000000000000000666e-02 1.095392900000000078e+23 3.549438900000000049e+21 4.341488499999999787e+21
7.199999999999999456e-02 8.159511800000000767e+22 3.135440099999999853e+21 3.676241099999999951e+21
7.399999999999999634e-02 6.459770199999999954e+22 2.806482800000000066e+21 2.925240500000000049e+21
7.599999999999999811e-02 5.819875699999999892e+22 2.696319299999999984e+21 3.006346500000000246e+21
7.799999999999999989e-02 5.897353600000000105e+22 2.659783999999999738e+21 2.803777499999999885e+21
8.000000000000000167e-02 6.076683200000000262e+22 2.649980000000000131e+21 2.801507999999999869e+21
8.200000000000000344e-02 6.833700899999999800e+22 2.737538700000000213e+21 2.987638600000000229e+21
8.400000000000000522e-02 7.680929599999999948e+22 2.814344699999999754e+21 3.138457100000000213e+21
8.599999999999999312e-02 9.575288800000000551e+22 3.024944099999999853e+21 3.405325000000000229e+21
8.799999999999999489e-02 1.103366299999999917e+23 3.170748499999999918e+21 3.587890100000000049e+21
8.999999999999999667e-02 1.198797899999999951e+23 3.264945499999999885e+21 3.692868399999999803e+21
9.199999999999999845e-02 1.284162700000000024e+23 3.320265299999999918e+21 3.787672800000000131e+21
9.400000000000000022e-02 1.348187500000000029e+23 3.377556900000000115e+21 4.005860600000000033e+21
9.600000000000000200e-02 1.369811500000000082e+23 3.331639400000000098e+21 3.737133599999999869e+21
9.800000000000000377e-02 1.444240999999999972e+23 3.384090600000000098e+21 3.997674600000000098e+21
1.000000000000000056e-01 1.437478800000000081e+23 3.355483499999999820e+21 4.091859699999999787e+21
1.019999999999999934e-01 1.389228599999999959e+23 3.255032400000000197e+21 3.642335500000000213e+21
1.039999999999999952e-01 1.371092399999999950e+23 3.209493099999999820e+21 3.647165000000000229e+21
1.059999999999999970e-01 1.281783900000000011e+23 3.088338000000000197e+21 3.502119700000000180e+21
1.079999999999999988e-01 1.247505900000000009e+23 3.034006600000000229e+21 3.620653700000000246e+21
1.100000000000000006e-01 1.151785299999999939e+23 2.871785500000000147e+21 3.337980599999999771e+21
1.120000000000000023e-01 1.056873800000000062e+23 2.745150100000000180e+21 3.209128100000000115e+21
1.140000000000000041e-01 9.765894499999999328e+22 2.648602200000000164e+21 2.979302899999999787e+21
1.160000000000000059e-01 8.158989900000000370e+22 2.433483799999999902e+21 2.758200699999999754e+21
1.179999999999999938e-01 7.247426800000000066e+22 2.315149500000000016e+21 2.558639399999999836e+21
1.199999999999999956e-01 5.989719100000000226e+22 2.136890499999999984e+21 2.350361499999999885e+21
1.219999999999999973e-01 5.168691500000000292e+22 2.023182000000000066e+21 2.114473799999999967e+21
1.239999999999999991e-01 4.477892899999999590e+22 1.923379399999999967e+21 1.925507799999999902e+21
1.260000000000000009e-01 3.740605900000000056e+22 1.819854900000000049e+21 1.711347000000000033e+21
1.280000000000000027e-01 3.250460699999999938e+22 1.761658800000000066e+21 1.610526000000000066e+21
1.300000000000000044e-01 3.069087500000000003e+22 1.737750099999999918e+21 1.591613399999999902e+21
1.320000000000000062e-01 2.503948500000000128e+22 1.667416500000000049e+21 1.441120000000000000e+21
1.340000000000000080e-01 2.437371299999999905e+22 1.651729999999999934e+21 1.404612299999999951e+21
1.360000000000000098e-01 2.368953299999999918e+22 1.620521499999999885e+21 1.344860200000000098e+21
1.380000000000000115e-01 2.451762399999999921e+22 1.623306600000000098e+21 1.335094000000000066e+21
1.400000000000000133e-01 2.548999999999999948e+22 1.638403099999999885e+21 1.355534400000000000e+21
1.419999999999999873e-01 2.580262900000000206e+22 1.645682300000000016e+21 1.397258800000000066e+21
1.439999999999999891e-01 2.732389400000000007e+22 1.649718799999999934e+21 1.392446599999999967e+21
1.459999999999999909e-01 3.098909999999999803e+22 1.707455499999999951e+21 1.515856000000000000e+21
1.479999999999999927e-01 3.237429900000000108e+22 1.719529900000000082e+21 1.543051300000000115e+21
1.499999999999999944e-01 3.361018199999999954e+22 1.731836800000000000e+21 1.590173800000000098e+21
1.519999999999999962e-01 3.665257499999999938e+22 1.768337999999999934e+21 1.662260099999999984e+21
1.539999999999999980e-01 3.833819399999999653e+22 1.782969299999999918e+21 1.697037199999999934e+21
1.559999999999999998e-01 4.086879199999999712e+22 1.799391299999999984e+21 1.735928599999999902e+21
1.580000000000000016e-01 4.148833699999999905e+22 1.812259099999999885e+21 1.774735400000000098e+21
1.600000000000000033e-01 4.205395399999999705e+22 1.821950200000000033e+21 1.787631100000000016e+21
1.620000000000000051e-01 3.954550799999999725e+22 1.775098199999999902e+21 1.705277100000000082e+21
1.640000000000000069e-01 3.920884900000000115e+22 1.780024199999999967e+21 1.755753099999999951e+21
1.660000000000000087e-01 3.733677100000000082e+22 1.762022200000000033e+21 1.742677899999999951e+21
1.680000000000000104e-01 3.610133500000000069e+22 1.718083000000000033e+21 1.610119800000000033e+21
1.700000000000000122e-01 3.551231000000000007e+22 1.682596200000000098e+21 1.565536500000000049e+21
1.719999999999999862e-01 3.227449499999999833e+22 1.623726500000000115e+21 1.473239899999999885e+21
1.739999999999999880e-01 2.911350700000000187e+22 1.575329799999999967e+21 1.394802499999999984e+21
1.759999999999999898e-01 2.667465400000000190e+22 1.526218899999999918e+21 1.278408899999999984e+21
1.779999999999999916e-01 2.551241800000000020e+22 1.514709399999999902e+21 1.280716900000000115e+21
1.799999999999999933e-01 2.525989499999999964e+22 1.497955000000000033e+21 1.266454599999999967e+21
1.819999999999999951e-01 2.323002399999999869e+22 1.471172400000000066e+21 1.215408500000000049e+21
1.839999999999999969e-01 2.043853999999999908e+22 1.435310900000000049e+21 1.132010300000000016e+21
1.859999999999999987e-01 1.968396299999999794e+22 1.423816599999999902e+21 1.139420099999999984e+21
1.880000000000000004e-01 1.750779500000000029e+22 1.389078599999999967e+21 1.046001500000000016e+21
1.900000000000000022e-01 1.589718699999999977e+22 1.375107900000000016e+21 9.772846799999999672e+20
1.920000000000000040e-01 1.424944600000000059e+22 1.370324699999999885e+21 9.498865600000000000e+20
1.940000000000000058e-01 1.445629099999999977e+22 1.369766200000000033e+21 9.028976500000000573e+20
1.960000000000000075e-01 1.536764000000000026e+22 1.387027200000000000e+21 9.585645100000000082e+20
1.980000000000000093e-01 1.480944600000000059e+22 1.386421199999999934e+21 9.905423900000000410e+20
2.000000000000000111e-01 1.550771200000000000e+22 1.385052400000000066e+21 9.637337299999999918e+20
2.020000000000000129e-01 1.551504399999999934e+22 1.390310500000000115e+21 9.664528099999999590e+20
2.039999999999999869e-01 1.616642199999999902e+22 1.397246999999999902e+21 1.010606200000000033e+21
2.059999999999999887e-01 1.606600999999999941e+22 1.389612299999999951e+21 1.002633200000000066e+21
2.079999999999999905e-01 1.695364499999999971e+22 1.399830099999999918e+21 1.027034200000000033e+21
2.099999999999999922e-01 1.837443199999999895e+22 1.408559100000000016e+21 1.045279900000000016e+21
2.119999999999999940e-01 1.763155600000000039e+22 1.395224100000000115e+21 1.027531100000000016e+21
2.139999999999999958e-01 1.815387799999999902e+22 1.397971300000000115e+21 1.040095000000000033e+21
2.159999999999999976e-01 1.954848899999999826e+22 1.414678599999999967e+21 1.101552600000000033e+21
2.179999999999999993e-01 1.890157200000000039e+22 1.399117899999999951e+21 1.051257699999999984e+21
2.200000000000000011e-01 1.814272499999999997e+22 1.367738399999999869e+21 9.753551600000000328e+20
2.220000000000000029e-01 1.926591800000000085e+22 1.360217900000000082e+21 1.005177400000000033e+21
2.240000000000000047e-01 1.803856100000000062e+22 1.332784300000000082e+21 9.923504200000000492e+20
2.260000000000000064e-01 1.899402700000000056e+22 1.324845100000000082e+21 9.789955200000000000e+20
2.280000000000000082e-01 1.751291099999999990e+22 1.299897499999999885e+21 9.423897999999999672e+20
2.300000000000000100e-01 1.801031399999999993e+22 1.306225099999999951e+21 1.005606699999999951e+21
2.320000000000000118e-01 1.823152299999999977e+22 1.293880599999999902e+21 9.670101000000000492e+20
2.340000000000000135e-01 1.705537699999999905e+22 1.270808899999999984e+21 9.055986299999999754e+20
2.359999999999999876e-01 1.519217899999999925e+22 1.248780699999999885e+21 8.488418699999999427e+20
2.379999999999999893e-01 1.428799000000000007e+22 1.234848000000000000e+21 8.384828899999999590e+20
2.399999999999999911e-01 1.530670600000000072e+22 1.236545200000000066e+21 8.598539700000000573e+20
2.419999999999999929e-01 1.451865000000000046e+22 1.228582500000000115e+21 8.419202100000000573e+20
2.439999999999999947e-01 1.411645699999999931e+22 1.210988900000000115e+21 7.926189400000000164e+20
2.459999999999999964e-01 1.334774699999999977e+22 1.198394899999999918e+21 7.864159600000000328e+20
2.479999999999999982e-01 1.268448900000000036e+22 1.196396499999999918e+21 7.908388499999999918e+20
2.500000000000000000e-01 1.119452599999999980e+22 1.180876699999999885e+21 7.424431200000000655e+20
2.520000000000000018e-01 1.087972400000000013e+22 1.163061899999999951e+21 6.900543099999999754e+20
2.540000000000000036e-01 1.186589400000000059e+22 1.169075100000000016e+21 7.315512399999999672e+20
2.560000000000000053e-01 1.235638699999999977e+22 1.164582499999999984e+21 7.496047699999999918e+20
2.580000000000000071e-01 1.218604300000000003e+22 1.160179200000000000e+21 7.608726000000000328e+20
2.600000000000000089e-01 1.230132100000000036e+22 1.159932400000000066e+21 7.650117199999999672e+20
2.620000000000000107e-01 1.192560600000000059e+22 1.143703900000000016e+21 7.265145399999999508e+20
2.640000000000000124e-01 1.241018599999999993e+22 1.138749199999999934e+21 7.104052899999999590e+20
2.660000000000000142e-01 1.202041900000000082e+22 1.133497400000000033e+21 6.987515899999999754e+20
2.680000000000000160e-01 1.137351899999999990e+22 1.120432500000000049e+21 6.765486000000000328e+20
2.700000000000000178e-01 1.229867999999999921e+22 1.127245099999999951e+21 7.271872799999999345e+20
2.720000000000000195e-01 1.244780800000000000e+22 1.124150100000000049e+21 7.291064300000000082e+20
2.740000000000000213e-01 1.215571299999999957e+22 1.115910900000000049e+21 7.167534300000000410e+20
2.760000000000000231e-01 1.208915000000000085e+22 1.107588999999999967e+21 7.184484800000000000e+20
2.780000000000000249e-01 1.318715199999999948e+22 1.115918300000000016e+21 7.427637799999999836e+20
2.800000000000000266e-01 1.298254299999999990e+22 1.108756099999999984e+21 7.379719799999999508e+20
2.819999999999999729e-01 1.279605600000000026e+22 1.101336600000000033e+21 7.195247499999999427e+20
2.839999999999999747e-01 1.208818200000000007e+22 1.089621699999999984e+21 6.860872399999999672e+20
2.859999999999999765e-01 1.239793100000000056e+22 1.086227399999999967e+21 6.841572199999999836e+20
2.879999999999999782e-01 1.244766099999999971e+22 1.084093899999999951e+21 6.883306299999999754e+20
2.899999999999999800e-01 1.219277200000000039e+22 1.076137999999999934e+21 6.851938500000000246e+20
2.919999999999999818e-01 1.204039499999999951e+22 1.074462799999999934e+21 6.892828000000000655e+20
2.939999999999999836e-01 1.050739699999999997e+22 1.057685300000000049e+21 6.287392500000000573e+20
2.959999999999999853e-01 1.113239699999999971e+22 1.058553500000000016e+21 6.460356800000000000e+20
2.979999999999999871e-01 1.036294599999999915e+22 1.050957300000000049e+21 6.255127399999999836e+20
2.999999999999999889e-01 9.553971099999999623e+21 1.041739900000000016e+21 5.853228699999999754e+20
3.019999999999999907e-01 1.020441400000000085e+22 1.044006400000000000e+21 6.144227299999999590e+20
3.039999999999999925e-01 1.016439799999999928e+22 1.034419299999999984e+21 5.894171399999999836e+20
3.059999999999999942e-01 1.022399800000000085e+22 1.035796999999999967e+21 6.124433299999999918e+20
3.079999999999999960e-01 1.022016499999999997e+22 1.030400299999999951e+21 6.073237000000000492e+20
3.099999999999999978e-01 9.859518299999999885e+21 1.027452199999999967e+21 6.006928300000000082e+20
3.119999999999999996e-01 9.665816399999999672e+21 1.016428299999999951e+21 5.772859800000000164e+20
3.140000000000000013e-01 1.050890700000000056e+22 1.016089500000000016e+21 5.825676300000000082e+20
3.160000000000000031e-01 9.748168899999999984e+21 1.013890800000000066e+21 5.813040600000000164e+20
3.180000000000000049e-01 1.023937199999999908e+22 1.012058599999999967e+21 5.946286000000000328e+20
3.200000000000000067e-01 9.243933300000000311e+21 1.000059399999999967e+21 5.555742700000000082e+20
3.220000000000000084e-01 9.652400399999999934e+21 1.001640999999999967e+21 5.612700400000000328e+20
3.240000000000000102e-01 1.002412800000000000e+22 9.950109700000000246e+20 5.608632600000000164e+20
3.260000000000000120e-01 1.038217200000000066e+22 9.971396100000000246e+20 5.847580000000000000e+20
3.280000000000000138e-01 1.021882900000000075e+22 9.964467500000000082e+20 5.893145299999999918e+20
3.300000000000000155e-01 1.047178499999999931e+22 9.936821199999999672e+20 5.986663600000000328e+20
3.320000000000000173e-01 9.588873799999999181e+21 9.856442899999999918e+20 5.689119500000000082e+20
3.340000000000000191e-01 9.345102200000000033e+21 9.821768699999999754e+20 5.550358700000000082e+20
3.360000000000000209e-01 9.886067800000000164e+21 9.772960900000000246e+20 5.627430599999999836e+20
3.380000000000000226e-01 1.011702100000000023e+22 9.765447099999999754e+20 5.626672600000000164e+20
3.400000000000000244e-01 1.043806599999999967e+22 9.768978699999999427e+20 5.660585900000000082e+20
3.420000000000000262e-01 1.002483899999999912e+22 9.666542799999999672e+20 5.466387800000000164e+20
3.439999999999999725e-01 9.975142799999999410e+21 9.672433500000000410e+20 5.634524400000000328e+20
3.459999999999999742e-01 1.023807900000000043e+22 9.669536399999999672e+20 5.790746800000000328e+20
3.479999999999999760e-01 1.049880199999999967e+22 9.631014700000000082e+20 5.746758400000000000e+20
3.499999999999999778e-01 9.478582800000000983e+21 9.553538500000000246e+20 5.392529299999999918e+20
3.519999999999999796e-01 9.491679300000000508e+21 9.532767600000000328e+20 5.423666400000000000e+20
3.539999999999999813e-01 9.490501999999999541e+21 9.480181199999999672e+20 5.360959300000000246e+20
3.559999999999999831e-01 9.280389499999999754e+21 9.468493300000000573e+20 5.350869400000000164e+20
3.579999999999999849e-01 9.413990599999999705e+21 9.448691400000000492e+20 5.483638299999999754e+20
3.599999999999999867e-01 9.439209999999999934e+21 9.408604599999999508e+20 5.374786400000000000e+20
3.619999999999999885e-01 8.890124900000000377e+21 9.355721099999999427e+20 5.197279000000000164e+20
3.639999999999999902e-01 9.299312899999999721e+21 9.354843599999999672e+20 5.305756199999999836e+20
3.659999999999999920e-01 8.494715699999999525e+21 9.270552000000000000e+20 5.054403099999999754e+20
3.679999999999999938e-01 8.265065999999999934e+21 9.223658599999999836e+20 4.912421499999999754e+20
3.699999999999999956e-01 9.208179899999999492e+21 9.255418999999999508e+20 5.232669400000000164e+20
3.719999999999999973e-01 9.257671999999999738e+21 9.226006799999999672e+20 5.204996100000000246e+20
3.739999999999999991e-01 9.067032300000000344e+21 9.183691800000000164e+20 4.990630099999999918e+20
3.760000000000000009e-01 8.168578999999999771e+21 9.106074899999999918e+20 4.772386599999999836e+20
3.780000000000000027e-01 8.472871699999999656e+21 9.113431399999999836e+20 4.871462500000000246e+20
3.800000000000000044e-01 8.149156599999999508e+21 9.063821899999999427e+20 4.742566200000000164e+20
3.820000000000000062e-01 8.535232799999999869e+21 9.044351499999999427e+20 4.752360399999999672e+20
3.840000000000000080e-01 8.914748599999999771e+21 9.060621799999999836e+20 4.926791600000000328e+20
3.860000000000000098e-01 9.063060299999999951e+21 9.032144200000000492e+20 5.023652600000000164e+20
3.880000000000000115e-01 9.336129599999999738e+21 9.019558099999999918e+20 5.049649200000000328e+20
3.900000000000000133e-01 8.653624399999999672e+21 8.958945299999999918e+20 4.816690299999999754e+20
3.920000000000000151e-01 9.005562099999999787e+21 8.959047600000000328e+20 4.990286299999999754e+20
3.940000000000000169e-01 9.183166700000000344e+21 8.923792999999999836e+20 4.883731399999999836e+20
3.960000000000000187e-01 8.719300300000000475e+21 8.917129999999999672e+20 4.864978200000000164e+20
3.980000000000000204e-01 7.963409699999999590e+21 8.833072500000000573e+20 4.669825799999999836e+20
4.000000000000000222e-01 8.593154399999999607e+21 8.831716899999999590e+20 4.749615300000000246e+20
4.020000000000000240e-01 8.893455499999999689e+21 8.833879199999999345e+20 4.809783399999999836e+20
4.040000000000000258e-01 8.007865700000000377e+21 8.744308800000000000e+20 4.534401299999999918e+20
4.060000000000000275e-01 8.112899499999999558e+21 8.735023200000000655e+20 4.548157100000000082e+20
4.079999999999999738e-01 9.195989299999999525e+21 8.788424099999999590e+20 4.848592800000000000e+20
4.099999999999999756e-01 8.022256800000000393e+21 8.674335600000000328e+20 4.543767099999999754e+20
4.119999999999999774e-01 8.117099800000000426e+21 8.670894499999999590e+20 4.552456600000000164e+20
4.139999999999999791e-01 8.514857399999999771e+21 8.674346500000000246e+20 4.626224499999999918e+20
4.159999999999999809e-01 7.940929800000000492e+21 8.602642899999999918e+20 4.483935399999999836e+20
4.179999999999999827e-01 8.373036900000000377e+21 8.622439900000000410e+20 4.587973400000000164e+20
4.199999999999999845e-01 8.972403399999999705e+21 8.656605499999999754e+20 4.825813600000000000e+20
4.219999999999999862e-01 8.313002900000000180e+21 8.578851899999999754e+20 4.663702400000000000e+20
4.239999999999999880e-01 8.659770800000000328e+21 8.590448300000000082e+20 4.808006700000000082e+20
4.259999999999999898e-01 7.996112700000000016e+21 8.525088999999999836e+20 4.523393100000000082e+20
4.279999999999999916e-01 8.235702999999999640e+21 8.516527399999999836e+20 4.542996800000000000e+20
4.299999999999999933e-01 8.583904000000000000e+21 8.495513500000000410e+20 4.566737200000000328e+20
4.319999999999999951e-01 8.332921900000000082e+21 8.456483200000000000e+20 4.442392199999999836e+20
4.339999999999999969e-01 7.399059899999999492e+21 8.400943699999999918e+20 4.278821100000000082e+20
4.359999999999999987e-01 8.042518100000000442e+21 8.413210999999999508e+20 4.388603699999999918e+20
4.380000000000000004e-01 8.150381200000000459e+21 8.407993200000000328e+20 4.472064499999999918e+20
4.400000000000000022e-01 8.047354299999999492e+21 8.379098500000000246e+20 4.437311099999999754e+20
4.420000000000000040e-01 8.505851699999999525e+21 8.376678499999999590e+20 4.481446099999999918e+20
4.440000000000000058e-01 7.896679199999999869e+21 8.322525000000000492e+20 4.349023500000000082e+20
4.460000000000000075e-01 8.058616999999999836e+21 8.327698599999999836e+20 4.518449299999999918e+20
4.480000000000000093e-01 8.182028800000000000e+21 8.318040099999999590e+20 4.469830400000000000e+20
4.500000000000000111e-01 8.065682700000000213e+21 8.264631399999999836e+20 4.330292400000000328e+20
4.520000000000000129e-01 8.432493100000000082e+21 8.269602200000000164e+20 4.423740800000000000e+20
4.540000000000000147e-01 8.243493499999999754e+21 8.252057999999999672e+20 4.398561700000000246e+20
4.560000000000000164e-01 8.700565000000000492e+21 8.248205700000000246e+20 4.497035500000000082e+20
4.580000000000000182e-01 8.031769299999999918e+21 8.199046700000000082e+20 4.314669900000000082e+20
4.600000000000000200e-01 7.746302400000000262e+21 8.170749100000000082e+20 4.230600199999999836e+20
4.620000000000000218e-01 8.571921199999999803e+21 8.202580299999999427e+20 4.513353499999999754e+20
4.640000000000000235e-01 7.943825999999999672e+21 8.141087099999999754e+20 4.335320300000000082e+20
4.660000000000000253e-01 7.790126500000000115e+21 8.100240399999999672e+20 4.111437299999999918e+20
4.680000000000000271e-01 7.568858299999999492e+21 8.068034800000000328e+20 4.041078299999999754e+20
4.699999999999999734e-01 7.759342200000000033e+21 8.063397400000000164e+20 4.101989100000000082e+20
4.719999999999999751e-01 8.154808900000000508e+21 8.067816399999999672e+20 4.299110000000000328e+20
4.739999999999999769e-01 8.461561700000000377e+21 8.072238900000000573e+20 4.381080399999999672e+20
4.759999999999999787e-01 7.970996400000000328e+21 8.042538500000000246e+20 4.206842099999999918e+20
4.779999999999999805e-01 7.256450000000000197e+21 7.968283599999999672e+20 3.972362099999999918e+20
4.799999999999999822e-01 7.820970600000000098e+21 7.982303499999999427e+20 4.130370800000000328e+20
4.819999999999999840e-01 7.603305300000000442e+21 7.965588599999999508e+20 4.038652100000000246e+20
4.839999999999999858e-01 7.611125699999999984e+21 7.933934000000000328e+20 4.001763200000000000e+20
4.859999999999999876e-01 8.044270800000000197e+21 7.945815699999999918e+20 4.178587800000000164e+20
4.879999999999999893e-01 7.401949000000000229e+21 7.898862300000000410e+20 4.027394099999999918e+20
4.899999999999999911e-01 7.716970900000000180e+21 7.884892599999999508e+20 4.022877900000000082e+20
4.919999999999999929e-01 8.011022399999999738e+21 7.887579200000000000e+20 4.057442500000000246e+20
4.939999999999999947e-01 7.804994499999999984e+21 7.870804299999999427e+20 4.085724300000000082e+20
4.959999999999999964e-01 8.314615500000000475e+21 7.861126199999999508e+20 4.170622899999999918e+20
4.979999999999999982e-01 7.983822099999999656e+21 7.893742900000000573e+20 4.120909799999999836e+20
5.000000000000000000e-01 7.907559499999999951e+21 7.958529200000000328e+20 4.160041700000000246e+20
5.020000000000000018e-01 7.604348099999999984e+21 7.940840900000000246e+20 4.002577999999999672e+20
5.040000000000000036e-01 7.564415699999999918e+21 7.983649299999999918e+20 4.072042299999999754e+20
5.060000000000000053e-01 7.275009899999999820e+21 7.986903000000000164e+20 4.045918799999999672e+20
5.080000000000000071e-01 8.218858100000000311e+21 8.046880799999999345e+20 4.253866299999999754e+20
5.100000000000000089e-01 8.055200600000000164e+21 8.025225500000000410e+20 4.159381600000000000e+20
5.120000000000000107e-01 7.877660500000000442e+21 8.019491200000000000e+20 4.127973900000000082e+20
5.140000000000000124e-01 7.504567500000000475e+21 8.026712900000000246e+20 4.121664900000000246e+20
5.160000000000000142e-01 7.813538199999999902e+21 8.047190700000000082e+20 4.207783099999999754e+20
5.180000000000000160e-01 7.561801300000000442e+21 8.026694700000000082e+20 4.106222000000000328e+20
5.200000000000000178e-01 7.393093700000000508e+21 8.037499700000000573e+20 4.097081200000000328e+20
5.220000000000000195e-01 7.403463199999999869e+21 8.020150799999999672e+20 4.043782400000000000e+20
5.240000000000000213e-01 7.376817699999999590e+21 8.031571700000000573e+20 4.070194099999999918e+20
5.260000000000000231e-01 7.820277200000000197e+21 8.024548700000000410e+20 4.172621900000000082e+20
5.280000000000000249e-01 8.144709300000000049e+21 7.945459100000000410e+20 4.136224100000000246e+20
5.300000000000000266e-01 8.108867700000000311e+21 7.888993299999999918e+20 4.084076499999999918e+20
5.320000000000000284e-01 8.120519300000000246e+21 7.858226599999999836e+20 4.120891399999999836e+20
5.340000000000000302e-01 8.364359399999999574e+21 7.839740400000000328e+20 4.229953299999999918e+20
5.360000000000000320e-01 7.822750799999999672e+21 7.797506599999999836e+20 4.118852100000000246e+20
5.380000000000000338e-01 7.424252599999999771e+21 7.748626500000000246e+20 3.942169900000000082e+20
5.400000000000000355e-01 7.346788200000000098e+21 7.691895099999999754e+20 3.821266500000000246e+20
5.420000000000000373e-01 7.767058700000000213e+21 7.724765599999999345e+20 4.027449900000000082e+20
5.440000000000000391e-01 7.179094199999999771e+21 7.661081099999999427e+20 3.855722800000000328e+20
5.460000000000000409e-01 7.372899299999999853e+21 7.639496200000000492e+20 3.847134899999999918e+20
5.480000000000000426e-01 6.989918299999999885e+21 7.617200500000000573e+20 3.757235200000000000e+20
5.500000000000000444e-01 7.285828000000000393e+21 7.681622300000000410e+20 3.875589199999999672e+20
5.520000000000000462e-01 7.580459500000000344e+21 7.730298299999999754e+20 3.910607699999999918e+20
5.540000000000000480e-01 7.667603999999999869e+21 7.750090800000000328e+20 3.932590099999999918e+20
5.560000000000000497e-01 7.631865499999999623e+21 7.761149100000000082e+20 3.898078400000000000e+20
5.580000000000000515e-01 7.456153600000000000e+21 7.759259400000000492e+20 3.888244400000000328e+20
5.600000000000000533e-01 7.578611600000000459e+21 7.787612000000000655e+20 4.020212699999999754e+20
5.620000000000000551e-01 7.312394700000000475e+21 7.778216699999999754e+20 3.885352600000000164e+20
5.639999999999999458e-01 7.497138200000000426e+21 7.787213599999999345e+20 3.973567500000000082e+20
5.659999999999999476e-01 7.727467099999999885e+21 7.794768300000000082e+20 3.971706899999999918e+20
5.679999999999999494e-01 7.234473099999999689e+21 7.783497999999999672e+20 3.850910599999999836e+20
5.699999999999999512e-01 7.434450500000000508e+21 7.770820899999999590e+20 3.882206099999999918e+20
5.719999999999999529e-01 7.835161799999999705e+21 7.810041500000000410e+20 4.062871800000000164e+20
5.739999999999999547e-01 8.227648100000000377e+21 7.835418299999999754e+20 4.182299500000000082e+20
5.759999999999999565e-01 8.099197099999999558e+21 7.805285100000000082e+20 4.072171399999999836e+20
5.779999999999999583e-01 7.566486300000000147e+21 7.737911000000000164e+20 3.906754099999999918e+20
5.799999999999999600e-01 7.693470299999999885e+21 7.672124700000000410e+20 3.921866500000000246e+20
5.819999999999999618e-01 7.702882000000000197e+21 7.613051500000000082e+20 3.863731500000000082e+20
5.839999999999999636e-01 7.403027999999999869e+21 7.578968500000000573e+20 3.843028000000000000e+20
5.859999999999999654e-01 7.596874700000000475e+21 7.553884800000000000e+20 3.825559800000000164e+20
5.879999999999999671e-01 7.251012699999999885e+21 7.501137200000000328e+20 3.764540499999999918e+20
5.899999999999999689e-01 6.703432299999999820e+21 7.459240200000000492e+20 3.552336100000000246e+20
5.919999999999999707e-01 6.867405299999999787e+21 7.443520900000000246e+20 3.609287300000000246e+20
5.939999999999999725e-01 7.919875199999999476e+21 7.465525899999999427e+20 3.892889600000000000e+20
5.959999999999999742e-01 7.751255799999999508e+21 7.430769999999999672e+20 3.860391200000000000e+20
5.979999999999999760e-01 7.596497699999999590e+21 7.401090800000000328e+20 3.783732499999999918e+20
5.999999999999999778e-01 7.485115999999999607e+21 7.390517400000000164e+20 3.773910799999999672e+20
6.019999999999999796e-01 7.771092900000000115e+21 7.379189100000000082e+20 3.890809499999999754e+20
6.039999999999999813e-01 7.459783300000000246e+21 7.334643899999999754e+20 3.732052699999999754e+20
6.059999999999999831e-01 7.617808899999999721e+21 7.342675200000000000e+20 3.801720900000000246e+20
6.079999999999999849e-01 7.410971199999999738e+21 7.302598199999999508e+20 3.730234200000000164e+20
6.099999999999999867e-01 7.551303499999999951e+21 7.285433800000000492e+20 3.726481499999999754e+20
6.119999999999999885e-01 7.697680700000000016e+21 7.291947700000000573e+20 3.779901299999999918e+20
6.139999999999999902e-01 7.453597399999999640e+21 7.262907899999999754e+20 3.754477299999999918e+20
6.159999999999999920e-01 8.011729900000000344e+21 7.258272399999999672e+20 3.782446700000000082e+20
6.179999999999999938e-01 8.088994399999999607e+21 7.244640099999999590e+20 3.809497700000000246e+20
6.199999999999999956e-01 7.977456899999999721e+21 7.228070799999999672e+20 3.814543600000000328e+20
6.219999999999999973e-01 7.489118700000000344e+21 7.201175600000000328e+20 3.698676499999999918e+20
6.239999999999999991e-01 7.079921999999999672e+21 7.156071600000000328e+20 3.570709100000000082e+20
6.260000000000000009e-01 7.274909099999999558e+21 7.138787200000000000e+20 3.514453400000000164e+20
6.280000000000000027e-01 7.552151100000000016e+21 7.133987899999999754e+20 3.532691599999999672e+20
6.300000000000000044e-01 7.513296099999999853e+21 7.112453199999999672e+20 3.520449100000000082e+20
6.320000000000000062e-01 7.592744499999999525e+21 7.107314999999999508e+20 3.563328300000000082e+20
6.340000000000000080e-01 7.462256000000000524e+21 7.097164700000000410e+20 3.582871200000000000e+20
6.360000000000000098e-01 7.366591500000000213e+21 7.081674599999999836e+20 3.587527500000000082e+20
6.380000000000000115e-01 7.223925699999999984e+21 7.067177999999999672e+20 3.571519200000000000e+20
6.400000000000000133e-01 7.456657300000000180e+21 7.060860400000000328e+20 3.561101299999999918e+20
6.420000000000000151e-01 6.964821699999999984e+21 7.025818200000000164e+20 3.486030599999999836e+20
6.440000000000000169e-01 7.083518599999999967e+21 7.022352500000000573e+20 3.540621400000000164e+20
6.460000000000000187e-01 7.150530099999999525e+21 6.996170500000000246e+20 3.451165499999999754e+20
6.480000000000000204e-01 7.610840800000000131e+21 6.997531500000000082e+20 3.522011800000000164e+20
6.500000000000000222e-01 7.430269199999999934e+21 6.980054199999999508e+20 3.523169400000000164e+20
6.520000000000000240e-01 7.707382900000000311e+21 6.989044700000000410e+20 3.588680999999999836e+20
6.540000000000000258e-01 7.757963399999999967e+21 6.974771500000000082e+20 3.599931099999999754e+20
6.560000000000000275e-01 7.275330199999999902e+21 6.941551200000000655e+20 3.497289900000000082e+20
6.580000000000000293e-01 7.176395599999999672e+21 6.926684299999999427e+20 3.449483800000000164e+20
6.600000000000000311e-01 7.018269199999999934e+21 6.900379800000000164e+20 3.331896399999999672e+20
6.620000000000000329e-01 7.011523100000000147e+21 6.901951300000000246e+20 3.419575600000000328e+20
6.640000000000000346e-01 7.176826099999999787e+21 6.888596899999999590e+20 3.448603800000000164e+20
6.660000000000000364e-01 7.302700399999999541e+21 6.875903600000000328e+20 3.439716900000000246e+20
6.680000000000000382e-01 7.505533900000000475e+21 6.877425999999999672e+20 3.469354099999999918e+20
6.700000000000000400e-01 6.894011400000000492e+21 6.836712999999999836e+20 3.326906599999999836e+20
6.720000000000000417e-01 6.838848999999999574e+21 6.828133199999999672e+20 3.327819000000000164e+20
6.740000000000000435e-01 7.054309100000000344e+21 6.826001900000000082e+20 3.375489600000000000e+20
6.760000000000000453e-01 6.754518000000000066e+21 6.791736900000000246e+20 3.289030299999999754e+20
6.780000000000000471e-01 7.465339499999999820e+21 6.816042399999999345e+20 3.434724600000000164e+20
6.800000000000000488e-01 7.475050300000000016e+21 6.802864099999999590e+20 3.474872399999999672e+20
6.820000000000000506e-01 7.455550799999999672e+21 6.787702600000000492e+20 3.460673700000000246e+20
6.840000000000000524e-01 6.939511799999999508e+21 6.765503799999999508e+20 3.352383500000000082e+20
6.860000000000000542e-01 7.402200099999999590e+21 6.771472699999999754e+20 3.481276100000000246e+20
6.879999999999999449e-01 7.723373100000000082e+21 6.755281600000000000e+20 3.453206099999999918e+20
6.899999999999999467e-01 7.163476199999999574e+21 6.728843800000000164e+20 3.303802500000000246e+20
6.919999999999999485e-01 7.194288800000000393e+21 6.713988199999999836e+20 3.314788999999999836e+20
6.939999999999999503e-01 7.666628899999999590e+21 6.723384500000000573e+20 3.421292999999999836e+20
6.959999999999999520e-01 7.782202200000000164e+21 6.724875899999999754e+20 3.473717799999999836e+20
6.979999999999999538e-01 7.273413799999999836e+21 6.689835700000000573e+20 3.389193999999999672e+20
6.999999999999999556e-01 7.026100700000000410e+21 6.676916100000000246e+20 3.309587200000000000e+20
7.019999999999999574e-01 7.000209900000000344e+21 6.665320099999999590e+20 3.294907399999999836e+20
7.039999999999999591e-01 7.313487900000000147e+21 6.660259700000000573e+20 3.365803300000000246e+20
7.059999999999999609e-01 7.359625699999999853e+21 6.652892400000000328e+20 3.325991500000000082e+20
7.079999999999999627e-01 7.242528799999999869e+21 6.636504600000000164e+20 3.290048000000000000e+20
7.099999999999999645e-01 7.308942899999999525e+21 6.636845499999999754e+20 3.376815399999999836e+20
7.119999999999999662e-01 7.027203299999999853e+21 6.601691700000000573e+20 3.227876900000000246e+20
7.139999999999999680e-01 6.810675200000000000e+21 6.593740499999999918e+20 3.197670599999999836e+20
7.159999999999999698e-01 6.651675999999999607e+21 6.576061599999999345e+20 3.176499399999999836e+20
7.179999999999999716e-01 6.726209599999999738e+21 6.567537900000000082e+20 3.187313200000000328e+20
7.199999999999999734e-01 6.743012099999999721e+21 6.559364899999999590e+20 3.204466400000000000e+20
7.219999999999999751e-01 7.386146800000000066e+21 6.570647000000000164e+20 3.385695699999999918e+20
7.239999999999999769e-01 7.424749200000000459e+21 6.552273999999999672e+20 3.278662299999999754e+20
7.259999999999999787e-01 6.943546699999999951e+21 6.529385600000000000e+20 3.164817600000000000e+20
7.279999999999999805e-01 8.089615400000000360e+21 6.561467599999999672e+20 3.460706400000000000e+20
7.299999999999999822e-01 7.635039500000000213e+21 6.538950600000000492e+20 3.399817999999999672e+20
7.319999999999999840e-01 7.079340399999999541e+21 6.510272799999999345e+20 3.191120800000000000e+20
7.339999999999999858e-01 7.052248699999999754e+21 6.498896699999999754e+20 3.251418299999999754e+20
7.359999999999999876e-01 7.194339200000000524e+21 6.494500299999999427e+20 3.279736999999999836e+20
7.379999999999999893e-01 7.251286499999999853e+21 6.480986100000000573e+20 3.204259300000000246e+20
7.399999999999999911e-01 7.165727000000000426e+21 6.468107299999999590e+20 3.223932800000000000e+20
7.419999999999999929e-01 6.803019200000000262e+21 6.449792799999999345e+20 3.144096900000000246e+20
7.439999999999999947e-01 7.069521000000000098e+21 6.443460899999999590e+20 3.160595300000000246e+20
7.459999999999999964e-01 7.319129100000000213e+21 6.447814499999999590e+20 3.252590200000000164e+20
7.479999999999999982e-01 7.109824100000000377e+21 6.437373499999999754e+20 3.216247300000000246e+20
7.500000000000000000e-01 7.002367099999999754e+21 6.410650899999999918e+20 3.159780999999999836e+20
7.520000000000000018e-01 6.948351399999999836e+21 6.412695600000000328e+20 3.183305900000000082e+20
7.540000000000000036e-01 6.820403300000000377e+21 6.395492299999999427e+20 3.125876600000000164e+20
7.560000000000000053e-01 6.933358999999999902e+21 6.391523400000000492e+20 3.174571699999999918e+20
7.580000000000000071e-01 6.883630899999999525e+21 6.377232900000000246e+20 3.116957199999999672e+20
7.600000000000000089e-01 6.631976599999999902e+21 6.359790499999999590e+20 3.072283099999999754e+20
7.620000000000000107e-01 7.205273799999999705e+21 6.367960600000000164e+20 3.200379200000000000e+20
7.640000000000000124e-01 7.114816000000000000e+21 6.362542600000000492e+20 3.179825900000000082e+20
7.660000000000000142e-01 7.244605699999999721e+21 6.348626500000000246e+20 3.158066099999999918e+20
7.680000000000000160e-01 6.712235700000000049e+21 6.314228199999999836e+20 3.037614299999999754e+20
7.700000000000000178e-01 6.850754699999999689e+21 6.317517799999999836e+20 3.026248300000000082e+20
7.720000000000000195e-01 6.902814799999999672e+21 6.306215000000000164e+20 3.066414799999999672e+20
7.740000000000000213e-01 6.974701700000000246e+21 6.310995599999999672e+20 3.157391699999999918e+20
7.760000000000000231e-01 7.224814200000000033e+21 6.315075700000000573e+20 3.195188600000000164e+20
7.780000000000000249e-01 6.980338200000000426e+21 6.284075200000000000e+20 3.082023200000000000e+20
7.800000000000000266e-01 6.875212300000000213e+21 6.277827899999999754e+20 3.080243099999999754e+20
7.820000000000000284e-01 7.065317700000000508e+21 6.283651299999999590e+20 3.149799399999999836e+20
7.840000000000000302e-01 7.126336100000000377e+21 6.267277199999999672e+20 3.133815699999999918e+20
7.860000000000000320e-01 7.240759599999999803e+21 6.268240799999999345e+20 3.160986599999999836e+20
7.880000000000000338e-01 6.657438400000000262e+21 6.233208000000000000e+20 3.022847500000000082e+20
7.900000000000000355e-01 7.034296500000000049e+21 6.237308299999999427e+20 3.104776399999999672e+20
7.920000000000000373e-01 7.046060600000000295e+21 6.224457999999999672e+20 3.093057499999999754e+20
7.940000000000000391e-01 7.512179399999999705e+21 6.237302400000000000e+20 3.185231099999999754e+20
7.960000000000000409e-01 7.638776999999999836e+21 6.236848399999999672e+20 3.180792000000000000e+20
7.980000000000000426e-01 6.987016700000000279e+21 6.198135300000000246e+20 3.014313900000000082e+20
8.000000000000000444e-01 6.767432700000000279e+21 6.176508599999999508e+20 2.971736699999999754e+20
8.020000000000000462e-01 6.892219400000000492e+21 6.185124299999999427e+20 3.063968199999999836e+20
8.040000000000000480e-01 7.065551400000000360e+21 6.182714100000000573e+20 3.074142200000000164e+20
8.060000000000000497e-01 7.022874800000000328e+21 6.173027100000000410e+20 3.077226200000000164e+20
8.080000000000000515e-01 7.059295500000000213e+21 6.166950499999999590e+20 3.077403000000000164e+20
8.100000000000000533e-01 7.249359999999999476e+21 6.159729800000000492e+20 3.059023200000000000e+20
8.120000000000000551e-01 7.096350599999999967e+21 6.156976699999999754e+20 3.058255300000000246e+20
8.139999999999999458e-01 6.945388300000000213e+21 6.197796899999999590e+20 3.073813299999999918e+20
8.159999999999999476e-01 6.806529299999999656e+21 6.220129500000000410e+20 3.054435399999999836e+20
8.179999999999999494e-01 6.980504300000000344e+21 6.239021499999999754e+20 3.087292199999999836e+20
8.199999999999999512e-01 6.962883299999999853e+21 6.247280099999999590e+20 3.032543099999999754e+20
8.219999999999999529e-01 6.603485699999999721e+21 6.252463399999999836e+20 2.966077499999999754e+20
8.239999999999999547e-01 6.514537000000000360e+21 6.249153600000000000e+20 2.942270200000000164e+20
8.259999999999999565e-01 6.818244599999999508e+21 6.267462700000000082e+20 3.022802500000000246e+20
8.279999999999999583e-01 6.606481000000000098e+21 6.254714699999999427e+20 2.971700800000000000e+20
8.299999999999999600e-01 6.566776000000000262e+21 6.259533100000000082e+20 3.015177200000000328e+20
8.319999999999999618e-01 6.775933900000000475e+21 6.284683200000000000e+20 3.091247800000000164e+20
8.339999999999999636e-01 6.967218899999999918e+21 6.275455600000000328e+20 3.081045400000000164e+20
8.359999999999999654e-01 6.635483499999999820e+21 6.265915700000000573e+20 3.042412800000000000e+20
8.379999999999999671e-01 6.831318999999999640e+21 6.275868299999999427e+20 3.024012000000000000e+20
8.399999999999999689e-01 6.927692600000000295e+21 6.268659400000000492e+20 3.050576199999999836e+20
8.419999999999999707e-01 6.926774199999999771e+21 6.263110099999999918e+20 3.053358700000000082e+20
8.439999999999999725e-01 7.108908000000000131e+21 6.297414400000000000e+20 3.111362800000000328e+20
8.459999999999999742e-01 6.914544200000000229e+21 6.323463099999999754e+20 3.094286400000000000e+20
8.479999999999999760e-01 7.269660599999999771e+21 6.396630499999999590e+20 3.225008800000000000e+20
8.499999999999999778e-01 6.914801600000000262e+21 6.416836199999999836e+20 3.162619599999999672e+20
8.519999999999999796e-01 6.616216199999999967e+21 6.414442800000000328e+20 3.080721999999999672e+20
8.539999999999999813e-01 6.933507799999999640e+21 6.458553600000000000e+20 3.154158400000000000e+20
8.559999999999999831e-01 7.272516599999999508e+21 6.526123500000000082e+20 3.233409799999999836e+20
8.579999999999999849e-01 7.349909399999999902e+21 6.593625900000000082e+20 3.317323200000000000e+20
8.599999999999999867e-01 7.385067899999999754e+21 6.641657500000000410e+20 3.380650599999999836e+20
8.619999999999999885e-01 7.526783699999999918e+21 6.683258299999999754e+20 3.362320100000000246e+20
8.639999999999999902e-01 6.229945199999999541e+21 6.673863000000000164e+20 3.113885900000000082e+20
8.659999999999999920e-01 6.839873700000000115e+21 6.756647499999999427e+20 3.372890800000000328e+20
8.679999999999999938e-01 6.318023499999999951e+21 6.750782400000000000e+20 3.207582400000000000e+20
8.699999999999999956e-01 6.758156300000000213e+21 6.793182000000000328e+20 3.281931500000000082e+20
8.719999999999999973e-01 6.828847799999999771e+21 6.818993200000000328e+20 3.296942299999999754e+20
8.739999999999999991e-01 6.708454099999999918e+21 6.849047699999999918e+20 3.292269799999999836e+20
8.760000000000000009e-01 6.267921100000000475e+21 6.856060400000000328e+20 3.194366700000000082e+20
8.780000000000000027e-01 6.926954400000000393e+21 6.916406099999999918e+20 3.426792399999999672e+20
8.800000000000000044e-01 7.093114500000000246e+21 6.959480999999999836e+20 3.514129700000000246e+20
8.820000000000000062e-01 6.657763499999999558e+21 6.973599799999999508e+20 3.439990599999999836e+20
8.840000000000000080e-01 7.223407799999999771e+21 7.015503600000000328e+20 3.485777299999999918e+20
8.860000000000000098e-01 6.841308400000000066e+21 7.029007600000000328e+20 3.456945999999999672e+20
8.880000000000000115e-01 6.698527699999999918e+21 7.051595899999999754e+20 3.459461199999999672e+20
8.900000000000000133e-01 6.738241299999999656e+21 7.075294499999999590e+20 3.397887399999999836e+20
8.920000000000000151e-01 6.554592900000000246e+21 7.094794399999999345e+20 3.388461600000000000e+20
8.940000000000000169e-01 6.460594799999999541e+21 7.102214300000000410e+20 3.323983899999999754e+20
8.960000000000000187e-01 6.618119099999999492e+21 7.132895499999999427e+20 3.338229799999999836e+20
8.980000000000000204e-01 6.600105899999999558e+21 7.145695499999999427e+20 3.359175600000000328e+20
9.000000000000000222e-01 7.053579599999999672e+21 7.200279900000000410e+20 3.525012699999999754e+20
9.020000000000000240e-01 6.851092400000000328e+21 7.225327600000000328e+20 3.541116699999999754e+20
9.040000000000000258e-01 7.002618200000000164e+21 7.253525799999999836e+20 3.611401400000000164e+20
9.060000000000000275e-01 6.536628400000000328e+21 7.284080600000000164e+20 3.513369799999999836e+20
9.080000000000000293e-01 6.396646299999999623e+21 7.366401299999999918e+20 3.489932400000000328e+20
9.100000000000000311e-01 6.786530800000000066e+21 7.465662600000000492e+20 3.654614400000000000e+20
9.120000000000000329e-01 7.084792000000000262e+21 7.573328699999999754e+20 3.748014799999999672e+20
9.140000000000000346e-01 6.285510500000000377e+21 7.582289099999999427e+20 3.520844300000000082e+20
9.160000000000000364e-01 6.503419400000000492e+21 7.650472399999999672e+20 3.577786200000000164e+20
9.180000000000000382e-01 6.820050700000000213e+21 7.741363999999999345e+20 3.739658800000000328e+20
9.200000000000000400e-01 7.003473600000000262e+21 7.804278700000000082e+20 3.944526400000000000e+20
9.220000000000000417e-01 6.790572100000000508e+21 7.849632500000000573e+20 3.862762800000000328e+20
9.240000000000000435e-01 6.493686999999999640e+21 7.898463900000000410e+20 3.731702000000000328e+20
9.260000000000000453e-01 6.881005400000000164e+21 7.939080500000000573e+20 3.804233600000000000e+20
9.280000000000000471e-01 7.136364100000000508e+21 8.024739500000000082e+20 4.050562899999999918e+20
9.300000000000000488e-01 7.120541399999999640e+21 8.091168699999999754e+20 4.002280199999999836e+20
9.320000000000000506e-01 6.428847600000000066e+21 8.083504799999999345e+20 3.817509299999999918e+20
9.340000000000000524e-01 6.428646500000000377e+21 8.140745800000000492e+20 3.830400100000000246e+20
9.360000000000000542e-01 6.465433299999999918e+21 8.217837300000000573e+20 3.854207399999999836e+20
9.379999999999999449e-01 6.446667700000000049e+21 8.239900899999999590e+20 3.821571699999999918e+20
9.399999999999999467e-01 6.855280800000000393e+21 8.316900899999999590e+20 4.008222000000000328e+20
9.419999999999999485e-01 6.873007199999999607e+21 8.381583499999999427e+20 4.090267699999999918e+20
9.439999999999999503e-01 6.228994900000000442e+21 8.399362800000000328e+20 4.013501799999999836e+20
9.459999999999999520e-01 6.551906099999999525e+21 8.470310799999999672e+20 4.049095800000000164e+20
9.479999999999999538e-01 6.377358200000000033e+21 8.505984500000000573e+20 4.009477799999999836e+20
9.499999999999999556e-01 6.964243300000000377e+21 8.574767399999999836e+20 4.188599000000000164e+20
9.519999999999999574e-01 6.760696000000000262e+21 8.627126499999999590e+20 4.094238400000000000e+20
9.539999999999999591e-01 6.413182799999999672e+21 8.653579500000000082e+20 4.005509600000000000e+20
9.559999999999999609e-01 6.495127599999999803e+21 8.693744000000000000e+20 4.097278400000000000e+20
9.579999999999999627e-01 6.994057999999999934e+21 8.777314599999999836e+20 4.258136800000000000e+20
9.599999999999999645e-01 6.263853499999999492e+21 8.790240099999999590e+20 4.125659099999999754e+20
9.619999999999999662e-01 6.519207800000000033e+21 8.848959099999999754e+20 4.224927899999999754e+20
9.639999999999999680e-01 6.335483100000000410e+21 8.888186100000000573e+20 4.269512900000000246e+20
9.659999999999999698e-01 6.271675499999999820e+21 8.916764100000000246e+20 4.210227200000000000e+20
9.679999999999999716e-01 6.723937599999999738e+21 8.989437599999999345e+20 4.328027800000000164e+20
9.699999999999999734e-01 6.814665300000000442e+21 9.033548000000000655e+20 4.356561999999999672e+20
9.719999999999999751e-01 7.453432999999999836e+21 9.121990000000000328e+20 4.589164699999999754e+20
9.739999999999999769e-01 7.042810299999999492e+21 9.146183399999999836e+20 4.490000699999999754e+20
9.759999999999999787e-01 6.934640299999999558e+21 9.217361600000000000e+20 4.543333799999999836e+20
9.779999999999999805e-01 5.972824800000000131e+21 9.209433600000000000e+20 4.174455600000000328e+20
9.799999999999999822e-01 5.897263799999999771e+21 9.286890100000000573e+20 4.325946700000000082e+20
9.819999999999999840e-01 6.535898899999999656e+21 9.372264900000000246e+20 4.603772400000000328e+20
9.839999999999999858e-01 5.993984499999999787e+21 9.364202999999999508e+20 4.451848999999999836e+20
9.859999999999999876e-01 6.233381600000000131e+21 9.410984300000000082e+20 4.488097200000000328e+20
9.879999999999999893e-01 6.853783100000000016e+21 9.469767300000000246e+20 4.628831500000000082e+20
9.899999999999999911e-01 6.627625300000000442e+21 9.476264900000000246e+20 4.459097200000000328e+20
9.919999999999999929e-01 6.590967200000000393e+21 9.540710400000000000e+20 4.599705100000000082e+20
9.939999999999999947e-01 6.700772999999999967e+21 9.570941000000000492e+20 4.708781299999999918e+20
9.959999999999999964e-01 6.225859100000000147e+21 9.582181300000000573e+20 4.472038000000000328e+20
9.979999999999999982e-01 6.007175800000000033e+21 9.640582600000000492e+20 4.423867699999999918e+20
1.000000000000000000e+00 6.828434599999999836e+21 9.725792099999999590e+20 4.720405799999999836e+20
1.002000000000000002e+00 6.236967999999999738e+21 9.734151000000000164e+20 4.520601799999999836e+20
1.004000000000000004e+00 7.014150099999999918e+21 9.889440900000000246e+20 4.922608699999999754e+20
1.006000000000000005e+00 6.791133199999999934e+21 9.912289399999999508e+20 4.862473499999999754e+20
1.008000000000000007e+00 6.307532000000000131e+21 9.935104600000000164e+20 4.728284100000000246e+20
1.010000000000000009e+00 6.500214300000000147e+21 1.003233400000000033e+21 4.875330200000000164e+20
1.012000000000000011e+00 7.349875600000000459e+21 1.010395599999999934e+21 5.139966299999999754e+20
1.014000000000000012e+00 6.196291499999999558e+21 1.004309500000000016e+21 4.609388100000000246e+20
1.016000000000000014e+00 5.992532100000000246e+21 1.013768099999999984e+21 4.604298700000000082e+20
1.018000000000000016e+00 6.310924699999999623e+21 1.018825300000000049e+21 4.779589199999999672e+20
1.020000000000000018e+00 7.080524900000000377e+21 1.026356099999999984e+21 4.900998700000000082e+20
1.022000000000000020e+00 6.762909000000000229e+21 1.028996299999999951e+21 4.832102200000000164e+20
1.024000000000000021e+00 6.908977000000000098e+21 1.038077600000000000e+21 5.090058700000000082e+20
1.026000000000000023e+00 6.437905999999999672e+21 1.042291100000000016e+21 4.885022599999999836e+20
1.028000000000000025e+00 6.828521200000000066e+21 1.054324400000000066e+21 5.286836199999999836e+20
1.030000000000000027e+00 6.457861600000000131e+21 1.053131100000000016e+21 4.991003399999999836e+20
1.032000000000000028e+00 6.476852600000000033e+21 1.064697200000000066e+21 5.046984199999999836e+20
1.034000000000000030e+00 5.582447299999999984e+21 1.065182100000000049e+21 4.688418200000000164e+20
1.036000000000000032e+00 6.540430399999999738e+21 1.079471700000000049e+21 5.181635000000000164e+20
1.038000000000000034e+00 5.524204199999999836e+21 1.078012800000000000e+21 4.701728800000000000e+20
1.040000000000000036e+00 6.007755399999999967e+21 1.088889999999999934e+21 4.997648100000000246e+20
1.042000000000000037e+00 6.841710500000000115e+21 1.105787499999999951e+21 5.540288999999999836e+20
1.044000000000000039e+00 6.132566900000000311e+21 1.107783600000000066e+21 5.331684800000000000e+20
1.046000000000000041e+00 5.783992900000000508e+21 1.109541300000000049e+21 4.980959800000000164e+20
1.048000000000000043e+00 6.362078199999999508e+21 1.121871299999999984e+21 5.174792499999999918e+20
1.050000000000000044e+00 6.701698499999999984e+21 1.130233400000000033e+21 5.457245799999999836e+20
1.052000000000000046e+00 6.495616300000000082e+21 1.137061799999999967e+21 5.355161499999999754e+20
1.054000000000000048e+00 6.565089500000000410e+21 1.147022799999999934e+21 5.316826299999999754e+20
1.056000000000000050e+00 7.348015900000000147e+21 1.161688700000000016e+21 5.843840800000000000e+20
1.058000000000000052e+00 6.549413300000000049e+21 1.162878400000000000e+21 5.426912800000000000e+20
1.060000000000000053e+00 6.320332499999999918e+21 1.173121999999999934e+21 5.346896600000000164e+20
1.062000000000000055e+00 6.313675700000000049e+21 1.179849600000000000e+21 5.481611800000000164e+20
1.064000000000000057e+00 6.446853400000000426e+21 1.192343600000000066e+21 5.787300199999999836e+20
1.066000000000000059e+00 6.974924399999999541e+21 1.204860499999999918e+21 5.854783500000000082e+20
1.068000000000000060e+00 6.541945400000000295e+21 1.208008700000000016e+21 5.804955099999999754e+20
1.070000000000000062e+00 6.874537099999999689e+21 1.223279800000000033e+21 6.084625900000000082e+20
1.072000000000000064e+00 6.615923399999999705e+21 1.229839600000000066e+21 5.770891800000000164e+20
1.074000000000000066e+00 6.877353000000000360e+21 1.236531700000000049e+21 5.924521099999999427e+20
1.076000000000000068e+00 6.638570100000000311e+21 1.250046099999999918e+21 6.100469199999999672e+20
1.078000000000000069e+00 6.289568300000000082e+21 1.262393600000000000e+21 5.882644300000000082e+20
1.080000000000000071e+00 5.574526199999999508e+21 1.260480199999999967e+21 5.477124900000000246e+20
1.082000000000000073e+00 6.191238200000000295e+21 1.275651399999999967e+21 5.837270299999999754e+20
1.084000000000000075e+00 6.850832599999999640e+21 1.299893899999999951e+21 6.431642200000000164e+20
1.086000000000000076e+00 5.875488300000000082e+21 1.296408899999999984e+21 5.905484499999999918e+20
1.088000000000000078e+00 6.040260899999999590e+21 1.310634600000000098e+21 5.993554200000000164e+20
1.090000000000000080e+00 7.075765899999999689e+21 1.335469599999999869e+21 6.599539700000000573e+20
1.092000000000000082e+00 8.156563899999999492e+21 1.348976899999999984e+21 7.193688300000000082e+20
1.094000000000000083e+00 9.122529899999999820e+21 1.368918299999999885e+21 7.474968900000000246e+20
1.096000000000000085e+00 8.998416099999999853e+21 1.382858800000000066e+21 7.426602899999999918e+20
1.098000000000000087e+00 8.439201500000000410e+21 1.386742799999999934e+21 7.383821499999999754e+20
1.100000000000000089e+00 7.897302499999999853e+21 1.408545299999999918e+21 7.767497800000000492e+20
1.102000000000000091e+00 7.606630400000000000e+21 1.414551400000000098e+21 7.488394599999999836e+20
1.104000000000000092e+00 8.201214299999999885e+21 1.430872800000000131e+21 7.825240000000000000e+20
1.106000000000000094e+00 7.122038300000000147e+21 1.436684900000000115e+21 7.070089900000000082e+20
1.108000000000000096e+00 5.859141900000000213e+21 1.446632399999999934e+21 6.702091700000000573e+20
1.110000000000000098e+00 5.836821800000000360e+21 1.460059799999999902e+21 6.838212700000000410e+20
1.112000000000000099e+00 5.583045400000000426e+21 1.471938899999999918e+21 6.478902000000000328e+20
1.114000000000000101e+00 5.853634900000000442e+21 1.494561999999999934e+21 6.835383900000000410e+20
1.116000000000000103e+00 6.675552000000000000e+21 1.513749699999999984e+21 7.158742000000000328e+20
1.118000000000000105e+00 6.066907499999999820e+21 1.525227399999999967e+21 7.066643899999999754e+20
1.120000000000000107e+00 5.481863199999999869e+21 1.537337400000000033e+21 6.710289299999999918e+20
1.122000000000000108e+00 6.603746199999999902e+21 1.568859599999999934e+21 7.285378200000000164e+20
1.124000000000000110e+00 7.650058600000000098e+21 1.593499399999999967e+21 8.045722399999999345e+20
1.125999999999999890e+00 6.784460999999999705e+21 1.605463199999999869e+21 7.972440399999999672e+20
1.127999999999999892e+00 6.225927199999999869e+21 1.630254700000000082e+21 7.752111399999999836e+20
1.129999999999999893e+00 6.280345100000000213e+21 1.641235999999999869e+21 7.549672900000000246e+20
1.131999999999999895e+00 6.209032599999999902e+21 1.666823899999999885e+21 7.833811899999999754e+20
1.133999999999999897e+00 6.046253499999999492e+21 1.693354800000000066e+21 7.883981599999999345e+20
1.135999999999999899e+00 6.385810100000000049e+21 1.712692200000000098e+21 8.115583900000000410e+20
1.137999999999999901e+00 6.678830699999999820e+21 1.739337299999999918e+21 8.338277799999999836e+20
1.139999999999999902e+00 7.200133900000000213e+21 1.783100400000000066e+21 9.165688200000000492e+20
1.141999999999999904e+00 6.512680400000000197e+21 1.797160300000000082e+21 9.078760099999999590e+20
1.143999999999999906e+00 6.831480300000000344e+21 1.820985999999999934e+21 8.918695199999999345e+20
1.145999999999999908e+00 6.260817999999999672e+21 1.847690800000000066e+21 8.198738800000000328e+20
1.147999999999999909e+00 6.204660100000000246e+21 1.878190200000000033e+21 8.573830799999999672e+20
1.149999999999999911e+00 5.995586900000000442e+21 1.900260499999999918e+21 8.391623600000000328e+20
1.151999999999999913e+00 5.601143299999999721e+21 1.941055800000000033e+21 8.299589899999999427e+20
1.153999999999999915e+00 6.138554399999999869e+21 1.977643000000000033e+21 8.962980599999999508e+20
1.155999999999999917e+00 6.782687099999999754e+21 2.025590999999999902e+21 9.672293799999999836e+20
1.157999999999999918e+00 6.452258499999999984e+21 2.066539599999999934e+21 9.773792200000000492e+20
1.159999999999999920e+00 7.727109799999999836e+21 2.105027000000000033e+21 1.064211200000000000e+21
1.161999999999999922e+00 8.716312000000000262e+21 2.171446299999999885e+21 1.155849699999999984e+21
1.163999999999999924e+00 6.308053000000000492e+21 2.213932900000000115e+21 1.068817799999999967e+21
1.165999999999999925e+00 5.078943699999999918e+21 2.216689299999999918e+21 9.129565899999999427e+20
1.167999999999999927e+00 5.168636500000000442e+21 2.269313099999999951e+21 9.378619899999999754e+20
1.169999999999999929e+00 5.657035599999999672e+21 2.362236099999999984e+21 1.060944700000000016e+21
1.171999999999999931e+00 6.041980899999999853e+21 2.422032399999999934e+21 1.111729099999999951e+21
1.173999999999999932e+00 5.690842000000000459e+21 2.475755499999999820e+21 1.101893400000000033e+21
1.175999999999999934e+00 5.945915400000000492e+21 2.555311399999999836e+21 1.164446799999999934e+21
1.177999999999999936e+00 5.189471099999999754e+21 2.630401599999999738e+21 1.125662699999999951e+21
1.179999999999999938e+00 3.969289100000000213e+21 2.695161500000000147e+21 9.982557700000000246e+20
1.181999999999999940e+00 5.053171399999999705e+21 2.783447899999999885e+21 1.182519800000000033e+21
1.183999999999999941e+00 6.745959399999999574e+21 2.869005999999999803e+21 1.306251300000000115e+21
1.185999999999999943e+00 6.012020199999999574e+21 2.962799900000000147e+21 1.284320599999999902e+21
1.187999999999999945e+00 5.342007400000000098e+21 3.033250499999999984e+21 1.323441099999999951e+21
1.189999999999999947e+00 6.806614300000000147e+21 3.173800599999999902e+21 1.579432800000000131e+21
1.191999999999999948e+00 7.582184599999999902e+21 3.310376999999999836e+21 1.625242100000000049e+21
1.193999999999999950e+00 5.895753600000000524e+21 3.395574099999999918e+21 1.530467200000000000e+21
1.195999999999999952e+00 7.548864600000000164e+21 3.552416099999999853e+21 1.691092600000000033e+21
1.197999999999999954e+00 8.445205500000000279e+21 3.755392399999999934e+21 1.924305099999999951e+21
1.199999999999999956e+00 5.301386400000000393e+21 3.893124100000000246e+21 1.721136899999999984e+21
1.201999999999999957e+00 6.416034499999999984e+21 4.075637200000000197e+21 1.883100699999999885e+21
1.203999999999999959e+00 8.287512800000000131e+21 4.369579300000000115e+21 2.492557400000000164e+21
1.205999999999999961e+00 9.068566900000000311e+21 4.567467300000000115e+21 2.614562800000000066e+21
1.207999999999999963e+00 9.376004500000000180e+21 4.807846200000000295e+21 2.835284799999999738e+21
1.209999999999999964e+00 6.773273799999999705e+21 4.967569399999999508e+21 2.647420499999999918e+21
1.211999999999999966e+00 9.886981499999999754e+21 5.416406499999999853e+21 3.631109799999999836e+21
1.213999999999999968e+00 7.977409599999999738e+21 5.605824799999999869e+21 2.797740400000000066e+21
1.215999999999999970e+00 6.383664000000000524e+21 6.208952399999999672e+21 3.308970200000000164e+21
1.217999999999999972e+00 8.737957700000000508e+21 6.576866199999999902e+21 3.330538799999999803e+21
1.219999999999999973e+00 6.915323400000000492e+21 6.771342500000000115e+21 3.142472899999999984e+21
1.221999999999999975e+00 3.013548800000000000e+21 7.135893500000000279e+21 2.324332800000000000e+21
1.223999999999999977e+00 4.621635699999999787e+21 7.680402200000000426e+21 2.962003999999999869e+21
1.225999999999999979e+00 8.599196200000000360e+21 8.349968299999999558e+21 4.258317999999999803e+21
1.227999999999999980e+00 1.253585799999999967e+22 9.165946299999999492e+21 5.293911899999999885e+21
1.229999999999999982e+00 1.637394600000000046e+22 1.032174999999999902e+22 6.425428100000000246e+21
1.231999999999999984e+00 1.328542900000000049e+22 1.182569399999999980e+22 7.086871200000000393e+21
1.233999999999999986e+00 1.332939700000000049e+22 1.398190799999999987e+22 8.502661999999999541e+21
