0.000000000000000000e+00 -6.624899497445207786e+00 -5.766878954588064765e+00 -6.580215010302350898e+00
2.000000000000000042e-02 -6.605889113052290540e+00 -6.246847275909433783e+00 -6.640226005909434015e+00
4.000000000000000083e-02 -6.009603074905021103e+00 -6.375247989190735431e+00 -6.061256774905021238e+00
5.999999999999999778e-02 4.164391623633304107e+01 -5.997381320809812344e+00 -4.935645906524097626e+00
8.000000000000000167e-02 9.263155303763416271e+01 -5.769069219508689450e+00 -5.230973962365832008e+00
1.000000000000000056e-01 5.295701165792969789e+01 -6.109089956356007711e+00 -5.955048327784578710e+00
1.199999999999999956e-01 3.037455907530553390e+01 -6.281879267551607526e+00 -6.180816481837321241e+00
1.400000000000000133e-01 1.668917937421240794e+01 -6.387787811501877577e+00 -6.325942982930448544e+00
1.600000000000000033e-01 9.062500888405534027e+00 -6.450805868737322868e+00 -6.422355040165894202e+00
1.799999999999999933e-01 5.644183343899014993e+00 -6.481761684672411761e+00 -6.471120927529554478e+00
2.000000000000000111e-01 3.956617144792263119e+00 -6.501183655207736223e+00 -6.502249540922022675e+00
2.200000000000000011e-01 3.367354087682556063e+00 -6.506829712317443004e+00 -6.505045926603156836e+00
2.399999999999999911e-01 2.856310218949462687e+00 -6.508862066764823595e+00 -6.510251895336251593e+00
2.600000000000000089e-01 2.490243406339541998e+00 -6.511767279374741868e+00 -6.514558822231884427e+00
2.800000000000000266e-01 2.431283053422725438e+00 -6.517715489434416476e+00 -6.520608260862988281e+00
2.999999999999999889e-01 2.276810956920209961e+00 -6.525602185936931754e+00 -6.528826128794074535e+00
3.200000000000000067e-01 2.415931449760991612e+00 -6.529052950239008446e+00 -6.530941707381865413e+00
3.400000000000000244e-01 2.283221687009698186e+00 -6.532662127276013919e+00 -6.534580055847442281e+00
3.599999999999999867e-01 2.101187503237079923e+00 -6.532919412477205867e+00 -6.537052061048634677e+00
3.800000000000000044e-01 2.052365412761567143e+00 -6.529789764381288997e+00 -6.535214761524145821e+00
4.000000000000000222e-01 1.914755752761805319e+00 -6.529482502952480338e+00 -6.533959241523908723e+00
4.199999999999999845e-01 2.263323540688514157e+00 -6.529831649311484298e+00 -6.532676483597198214e+00
4.400000000000000022e-01 2.421514474547046269e+00 -6.531964595452953937e+00 -6.534209252595810646e+00
4.600000000000000200e-01 2.576877647478959865e+00 -6.532643198235324355e+00 -6.536553943949609646e+00
4.799999999999999822e-01 2.445458690928238532e+00 -6.532927401928904310e+00 -6.537026786214617857e+00
5.000000000000000000e-01 2.710661060677608702e+00 -6.531557135036675454e+00 -6.533942719322389792e+00
5.200000000000000178e-01 2.764244465754869040e+00 -6.530356918530844546e+00 -6.531145042816558721e+00
5.400000000000000355e-01 2.768441154494667877e+00 -6.529190961219615730e+00 -6.531244024076758414e+00
5.600000000000000533e-01 2.954500057755605980e+00 -6.526956837958679536e+00 -6.527335793672965458e+00
5.799999999999999600e-01 3.152342503578108079e+00 -6.524260314993319376e+00 -6.523919982136177076e+00
5.999999999999999778e-01 3.218713360425782710e+00 -6.522302975288502225e+00 -6.523057596717073636e+00
6.199999999999999956e-01 3.461689466152850336e+00 -6.519094803847149677e+00 -6.518203876704292021e+00
6.400000000000000133e-01 3.709248199840307514e+00 -6.515918205873977520e+00 -6.515283063016834575e+00
6.600000000000000311e-01 3.889240053643452377e+00 -6.512549604927974300e+00 -6.511926754927974237e+00
6.800000000000000488e-01 4.061188061793389537e+00 -6.508940526778038027e+00 -6.506691975349466972e+00
6.999999999999999556e-01 4.348118229609413632e+00 -6.505133470390584982e+00 -6.503732278962013780e+00
7.199999999999999734e-01 4.742468533950615850e+00 -6.500375010335098125e+00 -6.498218841763669928e+00
7.399999999999999911e-01 5.033284780820715731e+00 -6.496270964893568589e+00 -6.493152912036426194e+00
7.600000000000000089e-01 5.670554320125912540e+00 -6.490714119874087196e+00 -6.487225021302657879e+00
7.800000000000000266e-01 6.322994617585431243e+00 -6.484918133843138754e+00 -6.479283340985996453e+00
8.000000000000000444e-01 6.903750540937413582e+00 -6.479498496205441604e+00 -6.473465486205442154e+00
8.199999999999999512e-01 7.436755931868421321e+00 -6.473825076703005443e+00 -6.467647340988719407e+00
8.399999999999999689e-01 7.984859463666277968e+00 -6.467680956333722087e+00 -6.460774234905151125e+00
8.599999999999999867e-01 8.130753784595981415e+00 -6.461165529689730569e+00 -6.454081573975444464e+00
8.800000000000000044e-01 8.205421232712701851e+00 -6.453913790144438778e+00 -6.446677198715867085e+00
9.000000000000000222e-01 8.152873264968674150e+00 -6.448558293602753899e+00 -6.441486187888468606e+00
9.200000000000000400e-01 7.813674172042300192e+00 -6.445571606529125752e+00 -6.438937367957697333e+00
9.399999999999999467e-01 7.789371078889194777e+00 -6.441123696825090228e+00 -6.434191382539375503e+00
9.599999999999999645e-01 7.377911659586217752e+00 -6.437113950413780650e+00 -6.430654056128066287e+00
9.799999999999999822e-01 6.669594709325431303e+00 -6.433440059245995712e+00 -6.428460254960281617e+00
1.000000000000000000e+00 6.242333430700470309e+00 -6.427288013585241266e+00 -6.422823493585241295e+00
1.020000000000000018e+00 5.881519291427910190e+00 -6.420458788572088515e+00 -6.416951521429231420e+00
1.040000000000000036e+00 5.351999167789006862e+00 -6.415789453639562545e+00 -6.412452969353847898e+00
1.060000000000000053e+00 5.047600345220116580e+00 -6.411268183351310768e+00 -6.408224943351310543e+00
1.080000000000000071e+00 4.510345661765715164e+00 -6.407015299662854879e+00 -6.404064079662854958e+00
1.100000000000000089e+00 4.209189080108019176e+00 -6.401721942749122540e+00 -6.399681541320550338e+00
1.120000000000000107e+00 4.059165545315744694e+00 -6.395761217541397592e+00 -6.394492357541396998e+00
1.139999999999999902e+00 3.871294128311679295e+00 -6.389741693116890886e+00 -6.388507465974034183e+00
1.159999999999999920e+00 3.651464455058749614e+00 -6.383631410655533855e+00 -6.383326180655534365e+00
1.179999999999999938e+00 3.424414707178558004e+00 -6.377370038535727481e+00 -6.377194321392869902e+00
1.199999999999999956e+00 3.407153622573476426e+00 -6.370485415997950263e+00 -6.371372021712236489e+00
1.219999999999999973e+00 3.150363210337721043e+00 -6.364130381090848942e+00 -6.365218568233705909e+00
1.239999999999999991e+00 3.078234322814189738e+00 -6.357133161471523408e+00 -6.358369952900094546e+00
1.260000000000000009e+00 2.993455656225354922e+00 -6.349906552346072708e+00 -6.351060035203215826e+00
1.280000000000000027e+00 2.906272894163562270e+00 -6.342805520122151819e+00 -6.343985267265009220e+00
1.300000000000000044e+00 2.928316993940443425e+00 -6.335350806059556916e+00 -6.336764067488128482e+00
1.320000000000000062e+00 2.709160330080825574e+00 -6.328236708490602602e+00 -6.329609147062031482e+00
1.340000000000000080e+00 2.713161266389387372e+00 -6.320542326467754712e+00 -6.322252409324897293e+00
1.360000000000000098e+00 2.659250870875460748e+00 -6.312896921981680620e+00 -6.314731440553109643e+00
1.379999999999999893e+00 2.540741487821361666e+00 -6.304656260750064689e+00 -6.306550237892921906e+00
1.399999999999999911e+00 2.682585166993964876e+00 -6.295154418720319889e+00 -6.296661615863176742e+00
1.419999999999999929e+00 2.790659949999154676e+00 -6.286153907143702924e+00 -6.288009857143702419e+00
1.439999999999999947e+00 2.701289013778897186e+00 -6.277599400506815641e+00 -6.279686014792529747e+00
1.459999999999999964e+00 2.654604099822015506e+00 -6.269109254463698377e+00 -6.270955417320840830e+00
1.479999999999999982e+00 2.666511086231202476e+00 -6.259837193768796659e+00 -6.261636948054510654e+00
1.500000000000000000e+00 2.715197845503160679e+00 -6.249408457353981206e+00 -6.251075033068266507e+00
1.520000000000000018e+00 2.647126388021503018e+00 -6.239552597692782143e+00 -6.241410777692781409e+00
1.540000000000000036e+00 2.497928719833579336e+00 -6.229355650166419345e+00 -6.232206137309276528e+00
1.560000000000000053e+00 2.701693271853782718e+00 -6.217408872431930966e+00 -6.219845711003359590e+00
1.580000000000000071e+00 2.786238614778728362e+00 -6.206236289506986026e+00 -6.207853053792700138e+00
1.600000000000000089e+00 2.635486888285481832e+00 -6.196186794571659107e+00 -6.198690071714516137e+00
1.620000000000000107e+00 2.599611801655371757e+00 -6.184386096916056452e+00 -6.186870881201770977e+00
1.639999999999999902e+00 2.610470777251666874e+00 -6.171419672748331031e+00 -6.174036179891188247e+00
1.659999999999999920e+00 2.781449236850892959e+00 -6.158003663149106188e+00 -6.160185171720534925e+00
1.679999999999999938e+00 2.673577602255987173e+00 -6.145541074886869737e+00 -6.147939472029726460e+00
1.699999999999999956e+00 2.622506581619687971e+00 -6.132988806951739313e+00 -6.136153338380310629e+00
1.719999999999999973e+00 2.482370455763534878e+00 -6.120891888522178803e+00 -6.124588834236464940e+00
1.739999999999999991e+00 2.342500221635086533e+00 -6.108413966936340422e+00 -6.112022089793483381e+00
1.760000000000000009e+00 2.435063878617418354e+00 -6.094905522811153276e+00 -6.098133511382581418e+00
1.780000000000000027e+00 2.254835571976277819e+00 -6.083027700880863975e+00 -6.087643429452292310e+00
1.800000000000000044e+00 2.217171736301899898e+00 -6.069715550840955487e+00 -6.075036360840956107e+00
1.820000000000000062e+00 2.302175238945112667e+00 -6.053912983912030477e+00 -6.058399103912030625e+00
1.840000000000000080e+00 2.110695666304736484e+00 -6.034892802266692335e+00 -6.039818293695264018e+00
1.860000000000000098e+00 1.870075181537418807e+00 -6.018533354176867078e+00 -6.025624364176866976e+00
1.879999999999999893e+00 1.843972525118237726e+00 -6.003288323453190856e+00 -6.010880453453190775e+00
1.899999999999999911e+00 1.768227443966174484e+00 -5.988469870319539368e+00 -5.998133497462395880e+00
1.919999999999999929e+00 1.614573406277046708e+00 -5.972354008008666781e+00 -5.981056036580095103e+00
1.939999999999999947e+00 1.385126602063725620e+00 -5.956511683650559164e+00 -5.967837140793416317e+00
1.959999999999999964e+00 1.688615372260541037e+00 -5.936904527739458537e+00 -5.948273442025173274e+00
1.979999999999999982e+00 1.738228923534543391e+00 -5.917514247894026802e+00 -5.929625547894026738e+00
2.000000000000000000e+00 1.502203471660579659e+00 -5.896971571196562678e+00 -5.911516228339420032e+00
2.020000000000000018e+00 1.283639813459961587e+00 -5.855039015111467293e+00 -5.873545557968609998e+00
2.040000000000000036e+00 1.145978327302562327e+00 -5.780607044126008454e+00 -5.797066015554579899e+00
2.060000000000000053e+00 1.100515402172171697e+00 -5.738094297827828427e+00 -5.759325612113542547e+00
2.080000000000000071e+00 1.097375581009188750e+00 -5.708025590419382844e+00 -5.734911761847953926e+00
2.100000000000000089e+00 1.206243275473379839e+00 -5.672542638812333671e+00 -5.707762024526619626e+00
2.120000000000000107e+00 9.650611949836633841e-01 -5.632664362159193416e+00 -5.667766576444907223e+00
2.140000000000000124e+00 1.364426632891911240e+00 -5.575988724250945161e+00 -5.605955938536658856e+00
2.160000000000000142e+00 1.499939181219204443e+00 -5.505602304495080368e+00 -5.542761533066508761e+00
2.180000000000000160e+00 7.605147310972419916e-01 -5.421885426045614409e+00 -5.480619897474185542e+00
