2.400000000000000050e-02 1.028014899999999936e+24 8.594416699999999387e+22 3.630070700000000187e+23
2.599999999999999881e-02 1.208288399999999972e+24 4.770245100000000344e+22 1.070463200000000005e+23
2.800000000000000058e-02 1.359393999999999945e+24 2.950234999999999823e+22 6.320569300000000338e+22
2.999999999999999889e-02 1.113750600000000036e+24 1.970788599999999928e+22 3.745451000000000138e+22
3.200000000000000067e-02 8.500926700000000218e+23 1.521457700000000010e+22 2.395314599999999836e+22
3.400000000000000244e-02 7.222409300000000317e+23 1.347829000000000072e+22 1.916580899999999800e+22
3.599999999999999728e-02 6.584981899999999479e+23 1.250561599999999948e+22 1.714654699999999925e+22
3.799999999999999906e-02 5.936208000000000147e+23 1.139003799999999902e+22 1.646775100000000016e+22
4.000000000000000083e-02 5.831327900000000252e+23 1.106858999999999928e+22 1.453185900000000029e+22
4.200000000000000261e-02 5.323849300000000065e+23 1.007395599999999934e+22 1.310980599999999928e+22
4.399999999999999745e-02 5.275043700000000144e+23 9.874372600000000557e+21 1.224084699999999990e+22
4.599999999999999922e-02 4.997738699999999762e+23 9.410178600000000360e+21 1.181085900000000056e+22
4.800000000000000100e-02 4.733596899999999685e+23 8.849987199999999476e+21 1.082196000000000079e+22
5.000000000000000278e-02 4.690639000000000237e+23 8.697431299999999721e+21 1.130325799999999941e+22
5.199999999999999761e-02 4.297229899999999699e+23 8.110029899999999951e+21 9.957702800000000459e+21
5.399999999999999939e-02 4.158259500000000124e+23 7.832126599999999967e+21 9.526925400000000164e+21
5.600000000000000117e-02 3.949139700000000332e+23 7.500607099999999754e+21 9.249180599999999771e+21
5.800000000000000294e-02 3.697154899999999855e+23 7.085509499999999754e+21 8.956315699999999525e+21
5.999999999999999778e-02 3.571324100000000235e+23 6.870878700000000344e+21 8.644573300000000311e+21
6.199999999999999956e-02 3.310023600000000202e+23 6.474278500000000377e+21 8.040443499999999820e+21
6.400000000000000133e-02 3.237491900000000205e+23 6.345851400000000492e+21 7.467782500000000377e+21
6.600000000000000311e-02 2.897468599999999855e+23 5.857745799999999967e+21 6.873643599999999672e+21
6.800000000000000488e-02 2.636878699999999946e+23 5.511979800000000426e+21 6.789693199999999934e+21
7.000000000000000666e-02 2.502475700000000049e+23 5.305363399999999705e+21 6.809235000000000295e+21
7.199999999999999456e-02 2.295657200000000149e+23 4.943593200000000066e+21 6.039484299999999689e+21
7.399999999999999634e-02 2.206418800000000128e+23 4.828945199999999803e+21 5.646438599999999705e+21
7.599999999999999811e-02 2.015921099999999972e+23 4.555565800000000098e+21 5.427022899999999525e+21
7.799999999999999989e-02 1.797176499999999839e+23 4.230128900000000246e+21 5.002327299999999721e+21
8.000000000000000167e-02 1.694528999999999993e+23 4.081838399999999738e+21 4.929976800000000131e+21
8.200000000000000344e-02 1.501986099999999986e+23 3.780243599999999934e+21 4.382934099999999918e+21
8.400000000000000522e-02 1.318896799999999932e+23 3.539507200000000000e+21 4.133070100000000180e+21
8.599999999999999312e-02 1.131429400000000007e+23 3.220371200000000000e+21 3.737035300000000115e+21
8.799999999999999489e-02 1.032685100000000082e+23 3.073108500000000180e+21 3.471912599999999902e+21
8.999999999999999667e-02 8.970379000000000347e+22 2.865002399999999869e+21 3.223781600000000131e+21
9.199999999999999845e-02 8.019771199999999948e+22 2.714208399999999934e+21 2.958154099999999787e+21
9.400000000000000022e-02 7.281668399999999803e+22 2.602322499999999984e+21 2.922478500000000115e+21
9.600000000000000200e-02 6.893053699999999721e+22 2.529100400000000066e+21 2.771619999999999869e+21
9.800000000000000377e-02 5.436836499999999971e+22 2.269128000000000000e+21 2.336019799999999902e+21
1.000000000000000056e-01 4.709135299999999774e+22 2.195038599999999967e+21 2.196492299999999951e+21
1.019999999999999934e-01 3.935931000000000033e+22 2.052476200000000098e+21 2.037667300000000115e+21
1.039999999999999952e-01 3.798986900000000390e+22 2.034395500000000082e+21 1.958675999999999869e+21
1.059999999999999970e-01 3.235033400000000085e+22 1.934797599999999869e+21 1.727681099999999951e+21
1.079999999999999988e-01 2.778026900000000180e+22 1.857422900000000049e+21 1.592264199999999967e+21
1.100000000000000006e-01 2.718398800000000092e+22 1.835359800000000033e+21 1.581748999999999967e+21
1.120000000000000023e-01 2.512188000000000026e+22 1.798695800000000033e+21 1.536494999999999902e+21
1.140000000000000041e-01 2.290952099999999905e+22 1.763472700000000016e+21 1.443268999999999967e+21
1.160000000000000059e-01 2.429123999999999974e+22 1.756983699999999918e+21 1.438627099999999885e+21
1.179999999999999938e-01 2.605791799999999875e+22 1.761490800000000066e+21 1.440259999999999869e+21
1.199999999999999956e-01 2.411672400000000092e+22 1.725921900000000082e+21 1.426306699999999951e+21
1.219999999999999973e-01 2.611026799999999961e+22 1.733501699999999984e+21 1.481330600000000098e+21
1.239999999999999991e-01 2.858738299999999964e+22 1.735287800000000033e+21 1.454262500000000115e+21
1.260000000000000009e-01 2.786406000000000170e+22 1.714333500000000016e+21 1.462462599999999967e+21
1.280000000000000027e-01 3.125060600000000138e+22 1.753839400000000098e+21 1.623758000000000066e+21
1.300000000000000044e-01 3.520515600000000144e+22 1.770358799999999934e+21 1.624360800000000131e+21
1.320000000000000062e-01 3.413931900000000174e+22 1.748712700000000016e+21 1.642494400000000000e+21
1.340000000000000080e-01 3.358770299999999964e+22 1.724878000000000066e+21 1.628299500000000082e+21
1.360000000000000098e-01 3.678098300000000174e+22 1.752011399999999967e+21 1.679692699999999885e+21
1.380000000000000115e-01 3.511254500000000062e+22 1.724222099999999918e+21 1.618496599999999902e+21
1.400000000000000133e-01 3.486083500000000187e+22 1.726184000000000000e+21 1.560541800000000098e+21
1.419999999999999873e-01 3.553425500000000095e+22 1.748252600000000033e+21 1.644656000000000000e+21
1.439999999999999891e-01 3.644559600000000066e+22 1.758505000000000098e+21 1.635348999999999967e+21
1.459999999999999909e-01 3.334927400000000151e+22 1.729261199999999934e+21 1.600066400000000131e+21
1.479999999999999927e-01 3.298282100000000102e+22 1.716401099999999951e+21 1.552209200000000066e+21
1.499999999999999944e-01 3.093646199999999823e+22 1.716784199999999967e+21 1.589297499999999885e+21
1.519999999999999962e-01 3.065691500000000029e+22 1.716792399999999934e+21 1.578917399999999902e+21
1.539999999999999980e-01 2.877780699999999990e+22 1.672395500000000082e+21 1.458832700000000016e+21
1.559999999999999998e-01 2.883328399999999830e+22 1.667689299999999918e+21 1.433853500000000016e+21
1.580000000000000016e-01 2.837176399999999882e+22 1.669949199999999934e+21 1.464759600000000066e+21
1.600000000000000033e-01 2.654149500000000174e+22 1.649787300000000115e+21 1.428822999999999902e+21
1.620000000000000051e-01 2.463371800000000007e+22 1.636446200000000033e+21 1.380041499999999885e+21
1.640000000000000069e-01 2.457162999999999928e+22 1.610709899999999951e+21 1.293121600000000000e+21
1.660000000000000087e-01 2.496301900000000161e+22 1.620194600000000098e+21 1.353470900000000049e+21
1.680000000000000104e-01 2.178573799999999993e+22 1.565052699999999885e+21 1.238995000000000033e+21
1.700000000000000122e-01 1.973800100000000115e+22 1.520602499999999984e+21 1.136952199999999967e+21
1.719999999999999862e-01 1.947992699999999964e+22 1.498012800000000000e+21 1.136614900000000049e+21
1.739999999999999880e-01 1.927662499999999905e+22 1.487173800000000098e+21 1.164833699999999984e+21
1.759999999999999898e-01 1.888149899999999898e+22 1.461002899999999918e+21 1.106654300000000016e+21
1.779999999999999916e-01 1.690712500000000049e+22 1.435462500000000115e+21 1.042953300000000049e+21
1.799999999999999933e-01 1.614626199999999902e+22 1.417427900000000016e+21 9.925185200000000328e+20
1.819999999999999951e-01 1.619551099999999964e+22 1.401004299999999951e+21 1.006402499999999984e+21
1.839999999999999969e-01 1.828672800000000079e+22 1.415225900000000082e+21 1.068389300000000049e+21
1.859999999999999987e-01 1.804595299999999957e+22 1.398275300000000115e+21 1.037936000000000000e+21
1.880000000000000004e-01 1.668003999999999974e+22 1.373356699999999885e+21 9.879939700000000573e+20
1.900000000000000022e-01 1.681999700000000023e+22 1.375945400000000033e+21 9.962788199999999836e+20
1.920000000000000040e-01 1.926403199999999895e+22 1.411297000000000098e+21 1.097664600000000033e+21
1.940000000000000058e-01 1.902175699999999918e+22 1.400233499999999885e+21 1.050280800000000000e+21
1.960000000000000075e-01 1.912849099999999846e+22 1.412110599999999967e+21 1.089654699999999951e+21
1.980000000000000093e-01 1.986311400000000203e+22 1.415456000000000000e+21 1.070753699999999984e+21
2.000000000000000111e-01 1.972107099999999885e+22 1.408829100000000082e+21 1.048043000000000033e+21
2.020000000000000129e-01 2.036500500000000075e+22 1.423769499999999885e+21 1.099075800000000033e+21
2.039999999999999869e-01 2.049528700000000174e+22 1.418804800000000000e+21 1.090663900000000016e+21
2.059999999999999887e-01 1.991296500000000206e+22 1.411530600000000098e+21 1.075253199999999934e+21
2.079999999999999905e-01 1.721354600000000098e+22 1.388407400000000098e+21 1.002705300000000049e+21
2.099999999999999922e-01 1.855403300000000010e+22 1.409624399999999934e+21 1.081021600000000000e+21
2.119999999999999940e-01 1.947038100000000180e+22 1.409787399999999967e+21 1.104633200000000066e+21
2.139999999999999958e-01 1.930509899999999951e+22 1.406906499999999984e+21 1.080097699999999984e+21
2.159999999999999976e-01 1.817391100000000069e+22 1.395846099999999918e+21 1.048696000000000000e+21
2.179999999999999993e-01 1.959343900000000147e+22 1.403849200000000066e+21 1.103610699999999951e+21
2.200000000000000011e-01 1.763936900000000036e+22 1.362963200000000000e+21 9.948278499999999590e+20
2.220000000000000029e-01 1.808278900000000102e+22 1.351265900000000082e+21 1.032969899999999951e+21
2.240000000000000047e-01 1.784492200000000046e+22 1.322599299999999984e+21 9.758289399999999508e+20
2.260000000000000064e-01 1.681600800000000079e+22 1.310712199999999967e+21 9.581865200000000328e+20
2.280000000000000082e-01 1.669705399999999980e+22 1.297673400000000033e+21 9.513724400000000328e+20
2.300000000000000100e-01 1.708230599999999915e+22 1.289136799999999869e+21 9.427635400000000492e+20
2.320000000000000118e-01 1.588149799999999941e+22 1.271141100000000082e+21 8.988688000000000000e+20
2.340000000000000135e-01 1.604610199999999902e+22 1.260556699999999885e+21 8.959501000000000492e+20
2.359999999999999876e-01 1.595370200000000059e+22 1.252679899999999885e+21 8.948087600000000328e+20
2.379999999999999893e-01 1.637882400000000079e+22 1.255173699999999984e+21 9.163692000000000655e+20
2.399999999999999911e-01 1.480496000000000105e+22 1.230343699999999918e+21 8.749043599999999672e+20
2.419999999999999929e-01 1.589949900000000056e+22 1.235771799999999902e+21 8.987381499999999754e+20
2.439999999999999947e-01 1.571783899999999990e+22 1.224199100000000016e+21 8.715586800000000328e+20
2.459999999999999964e-01 1.490148700000000095e+22 1.208953400000000033e+21 8.414133499999999754e+20
2.479999999999999982e-01 1.489766700000000082e+22 1.203420499999999918e+21 8.271825800000000492e+20
2.500000000000000000e-01 1.457973000000000072e+22 1.195685800000000098e+21 8.247665099999999427e+20
2.520000000000000018e-01 1.504409600000000000e+22 1.189496599999999902e+21 8.270491700000000573e+20
2.540000000000000036e-01 1.597363500000000082e+22 1.195012800000000000e+21 8.506843700000000573e+20
2.560000000000000053e-01 1.532188000000000026e+22 1.182084200000000098e+21 8.364242899999999918e+20
2.580000000000000071e-01 1.537445099999999925e+22 1.172193500000000016e+21 8.219998700000000082e+20
2.600000000000000089e-01 1.743317000000000072e+22 1.185798299999999885e+21 8.630278000000000328e+20
2.620000000000000107e-01 1.673909100000000029e+22 1.167965500000000016e+21 8.488209399999999508e+20
2.640000000000000124e-01 1.648486599999999915e+22 1.169060299999999951e+21 8.716376800000000655e+20
2.660000000000000142e-01 1.628470399999999895e+22 1.152612600000000033e+21 7.970340700000000410e+20
2.680000000000000160e-01 1.677988300000000056e+22 1.154171100000000016e+21 8.382876299999999427e+20
2.700000000000000178e-01 1.529884699999999938e+22 1.146376500000000049e+21 8.267938299999999754e+20
2.720000000000000195e-01 1.649405000000000020e+22 1.143600299999999951e+21 8.146256200000000492e+20
2.740000000000000213e-01 1.556949000000000072e+22 1.123944600000000033e+21 7.691944900000000246e+20
2.760000000000000231e-01 1.586034899999999918e+22 1.130410300000000016e+21 8.084472900000000246e+20
2.780000000000000249e-01 1.536321300000000075e+22 1.119858900000000049e+21 7.883785500000000410e+20
2.800000000000000266e-01 1.552639300000000088e+22 1.119121899999999951e+21 7.710029400000000164e+20
2.819999999999999729e-01 1.600386900000000023e+22 1.117606300000000016e+21 7.883327799999999508e+20
2.839999999999999747e-01 1.525186999999999980e+22 1.102376800000000000e+21 7.487051100000000410e+20
2.859999999999999765e-01 1.469625600000000000e+22 1.095831499999999951e+21 7.382995700000000573e+20
2.879999999999999782e-01 1.493189499999999964e+22 1.095553899999999951e+21 7.642078300000000410e+20
2.899999999999999800e-01 1.583590999999999954e+22 1.099568500000000049e+21 7.951254400000000000e+20
2.919999999999999818e-01 1.528211799999999954e+22 1.089507299999999984e+21 7.692703099999999754e+20
2.939999999999999836e-01 1.444934999999999954e+22 1.080982000000000066e+21 7.480624000000000000e+20
2.959999999999999853e-01 1.437126200000000085e+22 1.069548899999999984e+21 7.078141599999999345e+20
2.979999999999999871e-01 1.555326800000000092e+22 1.080769400000000033e+21 7.719529900000000082e+20
2.999999999999999889e-01 1.449180299999999898e+22 1.065420199999999967e+21 7.257830400000000000e+20
3.019999999999999907e-01 1.430207400000000046e+22 1.058309500000000016e+21 7.017002800000000328e+20
3.039999999999999925e-01 1.531255699999999971e+22 1.060833899999999951e+21 7.180034800000000328e+20
3.059999999999999942e-01 1.473094200000000085e+22 1.056707700000000049e+21 7.238942199999999508e+20
3.079999999999999960e-01 1.432956199999999941e+22 1.049156400000000066e+21 7.103727499999999427e+20
3.099999999999999978e-01 1.404500100000000036e+22 1.049013600000000000e+21 7.295665200000000328e+20
3.119999999999999996e-01 1.487363400000000020e+22 1.047456800000000000e+21 7.271882899999999918e+20
3.140000000000000013e-01 1.476956599999999980e+22 1.039257600000000000e+21 7.161809600000000000e+20
3.160000000000000031e-01 1.369720699999999964e+22 1.029184500000000049e+21 6.768305299999999918e+20
3.180000000000000049e-01 1.326827700000000049e+22 1.022621400000000033e+21 6.641993299999999918e+20
3.200000000000000067e-01 1.426213400000000007e+22 1.027116299999999951e+21 6.898320600000000164e+20
3.220000000000000084e-01 1.445069299999999997e+22 1.024178599999999967e+21 6.809847199999999345e+20
3.240000000000000102e-01 1.505097800000000020e+22 1.023862499999999984e+21 7.046526099999999918e+20
3.260000000000000120e-01 1.461919900000000043e+22 1.019278900000000049e+21 7.122350099999999918e+20
3.280000000000000138e-01 1.404892000000000026e+22 1.014017400000000033e+21 6.915233200000000328e+20
3.300000000000000155e-01 1.417626699999999951e+22 1.012126599999999967e+21 6.971279000000000164e+20
3.320000000000000173e-01 1.375143999999999948e+22 1.004496000000000000e+21 6.864930899999999918e+20
3.340000000000000191e-01 1.439375600000000066e+22 1.004522200000000033e+21 6.875118000000000328e+20
3.360000000000000209e-01 1.341774299999999990e+22 9.933919699999999918e+20 6.655248399999999672e+20
3.380000000000000226e-01 1.325171299999999957e+22 9.901908700000000410e+20 6.536754299999999754e+20
3.400000000000000244e-01 1.281628599999999980e+22 9.858299100000000410e+20 6.325321099999999427e+20
3.420000000000000262e-01 1.270543200000000026e+22 9.784977999999999672e+20 6.206079600000000328e+20
3.439999999999999725e-01 1.413310400000000052e+22 9.885278799999999672e+20 6.699928800000000655e+20
3.459999999999999742e-01 1.436755399999999915e+22 9.842686600000000492e+20 6.671960099999999590e+20
3.479999999999999760e-01 1.470731300000000010e+22 9.780296600000000164e+20 6.538201500000000410e+20
3.499999999999999778e-01 1.425785299999999918e+22 9.755491999999999345e+20 6.485227200000000000e+20
3.519999999999999796e-01 1.504427300000000010e+22 9.797263699999999918e+20 6.715306500000000246e+20
3.539999999999999813e-01 1.387164599999999980e+22 9.659545200000000328e+20 6.425209299999999918e+20
3.559999999999999831e-01 1.427042599999999941e+22 9.701036599999999508e+20 6.590664200000000492e+20
3.579999999999999849e-01 1.436778300000000016e+22 9.659771599999999672e+20 6.562179400000000492e+20
3.599999999999999867e-01 1.467829600000000026e+22 9.630162999999999508e+20 6.567839000000000164e+20
3.619999999999999885e-01 1.424182799999999934e+22 9.554945299999999918e+20 6.356049600000000000e+20
3.639999999999999902e-01 1.533320300000000029e+22 9.621923500000000082e+20 6.648926600000000492e+20
3.659999999999999920e-01 1.532436899999999905e+22 9.605584799999999345e+20 6.771178800000000328e+20
3.679999999999999938e-01 1.392316900000000062e+22 9.495411500000000082e+20 6.477051500000000082e+20
3.699999999999999956e-01 1.375938699999999898e+22 9.443909400000000164e+20 6.355253600000000655e+20
3.719999999999999973e-01 1.430007600000000013e+22 9.440568000000000000e+20 6.308012899999999590e+20
3.739999999999999991e-01 1.361371299999999905e+22 9.379888399999999672e+20 6.206130100000000573e+20
3.760000000000000009e-01 1.427601200000000013e+22 9.387281999999999672e+20 6.351676000000000655e+20
3.780000000000000027e-01 1.405480899999999984e+22 9.349581899999999427e+20 6.250752300000000082e+20
3.800000000000000044e-01 1.410881099999999951e+22 9.342480399999999672e+20 6.277259500000000082e+20
3.820000000000000062e-01 1.403268099999999931e+22 9.302738699999999427e+20 6.269569900000000082e+20
3.840000000000000080e-01 1.353619500000000082e+22 9.246801200000000328e+20 6.220058599999999836e+20
3.860000000000000098e-01 1.410193200000000013e+22 9.281877300000000573e+20 6.400769699999999590e+20
3.880000000000000115e-01 1.400827000000000033e+22 9.218511000000000164e+20 6.203845799999999836e+20
3.900000000000000133e-01 1.329097399999999980e+22 9.193418200000000164e+20 6.194809399999999508e+20
3.920000000000000151e-01 1.299437799999999993e+22 9.100195299999999590e+20 5.993001200000000328e+20
3.940000000000000169e-01 1.378260699999999990e+22 9.124456000000000000e+20 6.124056399999999672e+20
3.960000000000000187e-01 1.414914300000000069e+22 9.140736000000000000e+20 6.185129099999999427e+20
3.980000000000000204e-01 1.494068600000000033e+22 9.159656600000000164e+20 6.370896999999999836e+20
4.000000000000000222e-01 1.499756200000000046e+22 9.135881099999999427e+20 6.455010400000000655e+20
4.020000000000000240e-01 1.441560799999999921e+22 9.089819100000000410e+20 6.262017099999999427e+20
4.040000000000000258e-01 1.358050900000000023e+22 8.992974400000000000e+20 6.004447399999999836e+20
4.060000000000000275e-01 1.310053999999999961e+22 8.944597199999999672e+20 5.853092000000000000e+20
4.079999999999999738e-01 1.386854700000000082e+22 8.990938599999999836e+20 6.011099899999999754e+20
4.099999999999999756e-01 1.433148199999999941e+22 8.965783000000000164e+20 6.110248500000000573e+20
4.119999999999999774e-01 1.378273900000000029e+22 8.889666400000000655e+20 5.826406799999999672e+20
4.139999999999999791e-01 1.406891899999999964e+22 8.941613499999999754e+20 6.103464600000000164e+20
4.159999999999999809e-01 1.364374600000000020e+22 8.877174900000000573e+20 6.119496099999999590e+20
4.179999999999999827e-01 1.345938600000000046e+22 8.863626699999999427e+20 5.973414600000000492e+20
4.199999999999999845e-01 1.327030199999999980e+22 8.834617999999999672e+20 5.984583399999999836e+20
4.219999999999999862e-01 1.393798700000000082e+22 8.777777800000000492e+20 5.815401299999999918e+20
4.239999999999999880e-01 1.494597499999999964e+22 8.840019800000000164e+20 6.019772199999999836e+20
4.259999999999999898e-01 1.440214100000000023e+22 8.789788100000000246e+20 6.031094300000000410e+20
4.279999999999999916e-01 1.349981199999999934e+22 8.742902700000000082e+20 5.919788000000000655e+20
4.299999999999999933e-01 1.343632299999999977e+22 8.703071699999999918e+20 5.797912199999999836e+20
4.319999999999999951e-01 1.379742400000000052e+22 8.697778699999999427e+20 5.822587000000000164e+20
4.339999999999999969e-01 1.326140699999999938e+22 8.649966099999999918e+20 5.701335699999999918e+20
4.359999999999999987e-01 1.326159600000000066e+22 8.631870799999999672e+20 5.707114400000000000e+20
4.380000000000000004e-01 1.253907699999999997e+22 8.568186899999999918e+20 5.519323399999999836e+20
4.400000000000000022e-01 1.334004000000000079e+22 8.598929600000000000e+20 5.738650500000000246e+20
4.420000000000000040e-01 1.296033699999999905e+22 8.548014600000000492e+20 5.610637799999999836e+20
4.440000000000000058e-01 1.331775300000000088e+22 8.541414000000000328e+20 5.556101499999999754e+20
4.460000000000000075e-01 1.347415799999999928e+22 8.514278499999999590e+20 5.537300499999999918e+20
4.480000000000000093e-01 1.345583499999999898e+22 8.517680699999999754e+20 5.700852900000000246e+20
4.500000000000000111e-01 1.372207200000000026e+22 8.479659200000000000e+20 5.582169700000000246e+20
4.520000000000000129e-01 1.402381799999999993e+22 8.490150099999999918e+20 5.605368300000000082e+20
4.540000000000000147e-01 1.377356300000000003e+22 8.458182300000000410e+20 5.606802800000000328e+20
4.560000000000000164e-01 1.355401700000000062e+22 8.421875999999999345e+20 5.538713999999999672e+20
4.580000000000000182e-01 1.432628600000000033e+22 8.439909600000000655e+20 5.574651099999999754e+20
4.600000000000000200e-01 1.339141599999999921e+22 8.374655399999999836e+20 5.450539599999999672e+20
4.620000000000000218e-01 1.306553000000000046e+22 8.357061000000000492e+20 5.398109299999999918e+20
4.640000000000000235e-01 1.298692099999999931e+22 8.326810399999999345e+20 5.452749900000000082e+20
4.660000000000000253e-01 1.370822200000000085e+22 8.344141199999999672e+20 5.596384900000000246e+20
4.680000000000000271e-01 1.336764400000000066e+22 8.301517599999999345e+20 5.471260800000000000e+20
4.699999999999999734e-01 1.401250800000000066e+22 8.335952699999999754e+20 5.640794800000000328e+20
4.719999999999999751e-01 1.387251600000000039e+22 8.310074699999999427e+20 5.650728000000000000e+20
4.739999999999999769e-01 1.294022099999999918e+22 8.224663000000000164e+20 5.285721799999999836e+20
4.759999999999999787e-01 1.328042399999999974e+22 8.241322299999999754e+20 5.344568900000000246e+20
4.779999999999999805e-01 1.342831600000000066e+22 8.200094499999999590e+20 5.319691200000000000e+20
4.799999999999999822e-01 1.370286299999999990e+22 8.205866899999999918e+20 5.441039099999999754e+20
4.819999999999999840e-01 1.384782299999999990e+22 8.212044000000000655e+20 5.429673299999999918e+20
4.839999999999999858e-01 1.353860700000000095e+22 8.150236700000000410e+20 5.314598099999999918e+20
4.859999999999999876e-01 1.356425700000000062e+22 8.158339500000000082e+20 5.458632000000000000e+20
4.879999999999999893e-01 1.311266099999999944e+22 8.115317000000000492e+20 5.286467699999999918e+20
4.899999999999999911e-01 1.383059699999999997e+22 8.152828800000000000e+20 5.531497299999999918e+20
4.919999999999999929e-01 1.341628299999999898e+22 8.105071600000000328e+20 5.397026599999999836e+20
4.939999999999999947e-01 1.301209199999999961e+22 8.044574300000000410e+20 5.151722099999999918e+20
4.959999999999999964e-01 1.333299799999999954e+22 8.038897500000000410e+20 5.236930400000000000e+20
4.979999999999999982e-01 1.450063100000000069e+22 8.170088500000000573e+20 5.534081100000000082e+20
5.000000000000000000e-01 1.323169699999999905e+22 8.150971400000000492e+20 5.387082099999999918e+20
5.020000000000000018e-01 1.382511100000000069e+22 8.207244000000000655e+20 5.481282200000000164e+20
5.040000000000000036e-01 1.343378000000000092e+22 8.228428899999999590e+20 5.543429700000000246e+20
5.060000000000000053e-01 1.397737599999999895e+22 8.256495600000000328e+20 5.553225700000000246e+20
5.080000000000000071e-01 1.334798200000000033e+22 8.235862600000000492e+20 5.491428699999999754e+20
5.100000000000000089e-01 1.380404600000000033e+22 8.262069000000000492e+20 5.530993499999999754e+20
5.120000000000000107e-01 1.349537900000000029e+22 8.228853300000000573e+20 5.383430400000000000e+20
5.140000000000000124e-01 1.415874400000000026e+22 8.286598199999999508e+20 5.549447000000000164e+20
5.160000000000000142e-01 1.373492000000000079e+22 8.276417900000000082e+20 5.536345299999999918e+20
5.180000000000000160e-01 1.356527299999999984e+22 8.252986500000000246e+20 5.390301600000000000e+20
5.200000000000000178e-01 1.291567799999999980e+22 8.213049699999999590e+20 5.211899300000000246e+20
5.220000000000000195e-01 1.373091999999999974e+22 8.264418500000000246e+20 5.404700499999999918e+20
5.240000000000000213e-01 1.365301000000000072e+22 8.271519900000000410e+20 5.506962200000000164e+20
5.260000000000000231e-01 1.331500999999999915e+22 8.243978599999999836e+20 5.464815099999999754e+20
5.280000000000000249e-01 1.379491300000000062e+22 8.167635599999999672e+20 5.406616300000000082e+20
5.300000000000000266e-01 1.420039999999999948e+22 8.138130899999999918e+20 5.470411399999999836e+20
5.320000000000000284e-01 1.372622499999999905e+22 8.054142400000000000e+20 5.279801400000000164e+20
5.340000000000000302e-01 1.371539299999999957e+22 8.020897299999999918e+20 5.303605299999999918e+20
5.360000000000000320e-01 1.361494400000000105e+22 8.040416799999999345e+20 5.525485299999999918e+20
5.380000000000000338e-01 1.357031999999999948e+22 7.995109100000000082e+20 5.437608900000000246e+20
5.400000000000000355e-01 1.302694899999999997e+22 7.911799399999999836e+20 5.190358700000000082e+20
5.420000000000000373e-01 1.305555799999999954e+22 7.904191600000000328e+20 5.165778500000000246e+20
5.440000000000000391e-01 1.286375499999999951e+22 7.863708800000000000e+20 5.189260900000000246e+20
5.460000000000000409e-01 1.377906299999999964e+22 7.893321299999999918e+20 5.312583399999999836e+20
5.480000000000000426e-01 1.343275499999999925e+22 7.853797600000000655e+20 5.139952000000000000e+20
5.500000000000000444e-01 1.380977299999999971e+22 7.929504500000000573e+20 5.258052999999999836e+20
5.520000000000000462e-01 1.291891299999999957e+22 7.919720800000000655e+20 5.130981799999999836e+20
5.540000000000000480e-01 1.351040099999999957e+22 7.978563999999999345e+20 5.307523099999999754e+20
5.560000000000000497e-01 1.287097699999999957e+22 7.924029700000000246e+20 5.046949700000000246e+20
5.580000000000000515e-01 1.275024899999999931e+22 7.940881600000000000e+20 5.020966799999999672e+20
5.600000000000000533e-01 1.311235400000000020e+22 7.970544000000000000e+20 5.178150400000000000e+20
5.620000000000000551e-01 1.287522699999999898e+22 7.995425699999999590e+20 5.253341700000000246e+20
5.639999999999999458e-01 1.314294199999999980e+22 7.973118499999999590e+20 5.088513600000000000e+20
5.659999999999999476e-01 1.323913099999999898e+22 7.997483100000000410e+20 5.217325100000000082e+20
5.679999999999999494e-01 1.244045999999999908e+22 7.989954699999999427e+20 5.193693799999999836e+20
5.699999999999999512e-01 1.300300300000000003e+22 7.986462300000000410e+20 5.246119200000000000e+20
5.719999999999999529e-01 1.340103899999999990e+22 8.026695699999999918e+20 5.374382299999999754e+20
5.739999999999999547e-01 1.308484900000000010e+22 8.012862199999999508e+20 5.328669199999999672e+20
5.759999999999999565e-01 1.326550799999999934e+22 7.985661000000000492e+20 5.210830899999999918e+20
5.779999999999999583e-01 1.378290299999999964e+22 7.986617699999999590e+20 5.329440600000000164e+20
5.799999999999999600e-01 1.352302899999999944e+22 7.881443899999999754e+20 5.214958500000000246e+20
5.819999999999999618e-01 1.300429499999999912e+22 7.813690800000000328e+20 5.122062500000000246e+20
5.839999999999999636e-01 1.252825699999999957e+22 7.758430600000000492e+20 4.998811599999999672e+20
5.859999999999999654e-01 1.258070900000000102e+22 7.724913600000000000e+20 4.891528900000000246e+20
5.879999999999999671e-01 1.290996500000000075e+22 7.707842100000000573e+20 4.997520199999999836e+20
5.899999999999999689e-01 1.336725299999999944e+22 7.695583399999999836e+20 5.080160900000000246e+20
5.919999999999999707e-01 1.318200400000000092e+22 7.684493000000000492e+20 5.044131599999999672e+20
5.939999999999999725e-01 1.260597299999999944e+22 7.611897299999999918e+20 4.842958599999999836e+20
5.959999999999999742e-01 1.342493199999999934e+22 7.635099800000000164e+20 5.021132900000000246e+20
5.979999999999999760e-01 1.323835299999999905e+22 7.604615900000000410e+20 5.057803800000000164e+20
5.999999999999999778e-01 1.313479700000000075e+22 7.581982900000000573e+20 4.960839500000000082e+20
6.019999999999999796e-01 1.272800300000000082e+22 7.528538100000000573e+20 4.799922400000000000e+20
6.039999999999999813e-01 1.303072699999999912e+22 7.523476400000000328e+20 4.861672300000000082e+20
6.059999999999999831e-01 1.350919899999999990e+22 7.548314800000000328e+20 5.027189499999999754e+20
6.079999999999999849e-01 1.283426800000000066e+22 7.484384500000000573e+20 4.870038799999999672e+20
6.099999999999999867e-01 1.257246900000000049e+22 7.449174099999999918e+20 4.782945499999999754e+20
6.119999999999999885e-01 1.276138600000000098e+22 7.449332400000000328e+20 4.808032000000000000e+20
6.139999999999999902e-01 1.327647300000000088e+22 7.465732899999999590e+20 4.953704300000000082e+20
6.159999999999999920e-01 1.296767500000000003e+22 7.430691700000000573e+20 4.842314599999999836e+20
6.179999999999999938e-01 1.260134200000000085e+22 7.395786599999999836e+20 4.793440900000000246e+20
6.199999999999999956e-01 1.282570200000000059e+22 7.391839399999999836e+20 4.828997299999999918e+20
6.219999999999999973e-01 1.294091300000000010e+22 7.378319699999999918e+20 4.764777700000000246e+20
6.239999999999999991e-01 1.256359800000000033e+22 7.334892899999999590e+20 4.664782200000000164e+20
6.260000000000000009e-01 1.244821500000000069e+22 7.310680200000000492e+20 4.681139599999999672e+20
6.280000000000000027e-01 1.258516399999999908e+22 7.320068499999999918e+20 4.715273299999999918e+20
6.300000000000000044e-01 1.242075599999999987e+22 7.276573599999999345e+20 4.650475399999999836e+20
6.320000000000000062e-01 1.323458099999999944e+22 7.306584999999999836e+20 4.857764300000000082e+20
6.340000000000000080e-01 1.331634000000000092e+22 7.305352900000000246e+20 4.835187099999999754e+20
6.360000000000000098e-01 1.321508700000000095e+22 7.281236800000000000e+20 4.778667000000000164e+20
6.380000000000000115e-01 1.300062199999999928e+22 7.258915500000000082e+20 4.727926500000000246e+20
6.400000000000000133e-01 1.362984300000000029e+22 7.265622400000000000e+20 4.785810099999999918e+20
6.420000000000000151e-01 1.290024999999999941e+22 7.218606199999999508e+20 4.669460199999999836e+20
6.440000000000000169e-01 1.187651400000000020e+22 7.173006799999999672e+20 4.565423399999999836e+20
6.460000000000000187e-01 1.273218499999999984e+22 7.193675599999999672e+20 4.651117900000000082e+20
6.480000000000000204e-01 1.311988899999999905e+22 7.191595100000000410e+20 4.708564800000000000e+20
6.500000000000000222e-01 1.292867999999999974e+22 7.172573100000000082e+20 4.696848199999999836e+20
6.520000000000000240e-01 1.308913799999999967e+22 7.159458100000000573e+20 4.719625799999999836e+20
6.540000000000000258e-01 1.339823799999999980e+22 7.168345500000000410e+20 4.779399200000000000e+20
6.560000000000000275e-01 1.311044200000000098e+22 7.141970599999999836e+20 4.690833200000000328e+20
6.580000000000000293e-01 1.272676300000000056e+22 7.112535499999999427e+20 4.574517600000000000e+20
6.600000000000000311e-01 1.272890699999999951e+22 7.086637899999999427e+20 4.553611200000000000e+20
6.620000000000000329e-01 1.358488600000000007e+22 7.115780400000000328e+20 4.692111399999999836e+20
6.640000000000000346e-01 1.349521399999999928e+22 7.087726900000000573e+20 4.630538899999999918e+20
6.660000000000000364e-01 1.292459600000000092e+22 7.063405000000000492e+20 4.589197900000000082e+20
6.680000000000000382e-01 1.321866100000000102e+22 7.072371800000000164e+20 4.643644499999999918e+20
6.700000000000000400e-01 1.338066700000000003e+22 7.059617099999999427e+20 4.674045499999999754e+20
6.720000000000000417e-01 1.328368399999999934e+22 7.046505099999999427e+20 4.654733299999999918e+20
6.740000000000000435e-01 1.327510000000000066e+22 7.020989799999999836e+20 4.597898099999999918e+20
6.760000000000000453e-01 1.359342299999999990e+22 7.034731500000000082e+20 4.650013199999999672e+20
6.780000000000000471e-01 1.272441400000000085e+22 6.971607300000000246e+20 4.459997700000000246e+20
6.800000000000000488e-01 1.318053099999999925e+22 7.000118099999999918e+20 4.672370899999999918e+20
6.820000000000000506e-01 1.318339300000000062e+22 6.974781199999999672e+20 4.621694099999999918e+20
6.840000000000000524e-01 1.304080299999999977e+22 6.966591200000000655e+20 4.514527600000000328e+20
6.860000000000000542e-01 1.280738499999999984e+22 6.925327699999999918e+20 4.428300400000000328e+20
6.879999999999999449e-01 1.336085100000000029e+22 6.930940299999999427e+20 4.470600399999999672e+20
6.899999999999999467e-01 1.362605899999999951e+22 6.938103499999999427e+20 4.557631899999999754e+20
6.919999999999999485e-01 1.306801500000000095e+22 6.920255699999999918e+20 4.565455800000000164e+20
6.939999999999999503e-01 1.227673100000000003e+22 6.879631799999999508e+20 4.402578700000000082e+20
6.959999999999999520e-01 1.276501699999999984e+22 6.890055600000000328e+20 4.483217400000000164e+20
6.979999999999999538e-01 1.274990600000000072e+22 6.856981100000000082e+20 4.427015300000000246e+20
6.999999999999999556e-01 1.322474899999999971e+22 6.889005799999999836e+20 4.553055399999999836e+20
7.019999999999999574e-01 1.203035000000000033e+22 6.821013000000000492e+20 4.338112699999999754e+20
7.039999999999999591e-01 1.220368899999999931e+22 6.822721999999999672e+20 4.382989100000000082e+20
7.059999999999999609e-01 1.321725599999999974e+22 6.845713299999999918e+20 4.503872000000000000e+20
7.079999999999999627e-01 1.294652599999999980e+22 6.815143699999999918e+20 4.395589499999999754e+20
7.099999999999999645e-01 1.254530599999999941e+22 6.785181300000000573e+20 4.331112199999999836e+20
7.119999999999999662e-01 1.290317299999999997e+22 6.791177600000000000e+20 4.388083699999999918e+20
7.139999999999999680e-01 1.321840399999999934e+22 6.795102700000000082e+20 4.419172800000000000e+20
7.159999999999999698e-01 1.318055899999999990e+22 6.780467500000000082e+20 4.456402400000000000e+20
7.179999999999999716e-01 1.340295899999999990e+22 6.792077400000000164e+20 4.530949700000000246e+20
7.199999999999999734e-01 1.342461800000000098e+22 6.765215300000000246e+20 4.449708699999999754e+20
7.219999999999999751e-01 1.351833500000000043e+22 6.748936800000000655e+20 4.411503800000000164e+20
7.239999999999999769e-01 1.279624499999999944e+22 6.711367600000000328e+20 4.295290599999999836e+20
7.259999999999999787e-01 1.272005499999999964e+22 6.708388800000000000e+20 4.293413100000000082e+20
7.279999999999999805e-01 1.302505999999999934e+22 6.709852299999999427e+20 4.340874299999999754e+20
7.299999999999999822e-01 1.277278900000000049e+22 6.688601299999999918e+20 4.305369400000000164e+20
7.319999999999999840e-01 1.209599599999999961e+22 6.658671200000000655e+20 4.172169100000000082e+20
7.339999999999999858e-01 1.240749399999999954e+22 6.655669400000000164e+20 4.209248199999999836e+20
7.359999999999999876e-01 1.250300500000000023e+22 6.643225399999999508e+20 4.188820100000000246e+20
7.379999999999999893e-01 1.235152200000000020e+22 6.637279099999999754e+20 4.166984900000000246e+20
7.399999999999999911e-01 1.283929400000000085e+22 6.644171700000000573e+20 4.319110200000000164e+20
7.419999999999999929e-01 1.254956100000000088e+22 6.614172599999999508e+20 4.248114599999999836e+20
7.439999999999999947e-01 1.232906300000000016e+22 6.602051999999999345e+20 4.205335300000000246e+20
7.459999999999999964e-01 1.277741799999999993e+22 6.618291299999999590e+20 4.311724000000000000e+20
7.479999999999999982e-01 1.327498399999999974e+22 6.617919300000000246e+20 4.333883099999999754e+20
7.500000000000000000e-01 1.296927800000000085e+22 6.603325300000000573e+20 4.323888600000000164e+20
7.520000000000000018e-01 1.263744699999999912e+22 6.568506500000000246e+20 4.175458099999999918e+20
7.540000000000000036e-01 1.223322000000000039e+22 6.559220700000000410e+20 4.172252400000000328e+20
7.560000000000000053e-01 1.283772299999999898e+22 6.566848999999999836e+20 4.186922400000000000e+20
7.580000000000000071e-01 1.320988299999999898e+22 6.567272500000000573e+20 4.240653900000000082e+20
7.600000000000000089e-01 1.332338299999999964e+22 6.562823900000000410e+20 4.293500300000000082e+20
7.620000000000000107e-01 1.274581899999999898e+22 6.530214000000000328e+20 4.239191000000000164e+20
7.640000000000000124e-01 1.266703600000000066e+22 6.527204800000000000e+20 4.166173799999999836e+20
7.660000000000000142e-01 1.236708999999999967e+22 6.494967799999999508e+20 4.097434299999999754e+20
7.680000000000000160e-01 1.268401399999999928e+22 6.487635999999999345e+20 4.139944900000000246e+20
7.700000000000000178e-01 1.318108900000000062e+22 6.503387200000000000e+20 4.187901100000000082e+20
7.720000000000000195e-01 1.290701100000000082e+22 6.493041800000000492e+20 4.223688300000000082e+20
7.740000000000000213e-01 1.281445900000000003e+22 6.481756899999999590e+20 4.192901100000000082e+20
7.760000000000000231e-01 1.277466000000000039e+22 6.473325300000000573e+20 4.169411800000000164e+20
7.780000000000000249e-01 1.295444299999999951e+22 6.478691800000000164e+20 4.253472800000000000e+20
7.800000000000000266e-01 1.244788799999999948e+22 6.443115800000000164e+20 4.126806400000000000e+20
7.820000000000000284e-01 1.250570399999999974e+22 6.439098500000000246e+20 4.107550099999999918e+20
7.840000000000000302e-01 1.236294599999999915e+22 6.415737699999999590e+20 4.081769700000000246e+20
7.860000000000000320e-01 1.263648099999999957e+22 6.419871600000000328e+20 4.127311699999999918e+20
7.880000000000000338e-01 1.279060899999999905e+22 6.413732700000000410e+20 4.122928800000000000e+20
7.900000000000000355e-01 1.259088100000000062e+22 6.391898500000000246e+20 4.088907200000000000e+20
7.920000000000000373e-01 1.269311199999999921e+22 6.386314899999999918e+20 4.067107500000000082e+20
7.940000000000000391e-01 1.217088400000000039e+22 6.359392500000000573e+20 3.999374500000000246e+20
7.960000000000000409e-01 1.232537299999999918e+22 6.366289600000000000e+20 4.063158099999999918e+20
7.980000000000000426e-01 1.235028799999999948e+22 6.357524700000000410e+20 4.063486000000000328e+20
8.000000000000000444e-01 1.282967900000000095e+22 6.382106399999999345e+20 4.185480600000000164e+20
8.020000000000000462e-01 1.276572699999999938e+22 6.356936099999999590e+20 4.139806700000000082e+20
8.040000000000000480e-01 1.261483600000000092e+22 6.351781300000000573e+20 4.129174099999999918e+20
8.060000000000000497e-01 1.216679899999999990e+22 6.315929900000000082e+20 4.004257600000000000e+20
8.080000000000000515e-01 1.232941799999999993e+22 6.308985299999999918e+20 3.997816699999999754e+20
8.100000000000000533e-01 1.231548900000000062e+22 6.305443899999999754e+20 4.020188800000000000e+20
8.120000000000000551e-01 1.269926599999999915e+22 6.323853799999999836e+20 4.060484400000000328e+20
8.139999999999999458e-01 1.257426000000000092e+22 6.357121399999999508e+20 4.098515500000000082e+20
8.159999999999999476e-01 1.290376099999999905e+22 6.399718900000000573e+20 4.146980699999999754e+20
8.179999999999999494e-01 1.313762499999999984e+22 6.416780599999999508e+20 4.167875899999999754e+20
8.199999999999999512e-01 1.232421700000000088e+22 6.413906200000000164e+20 4.097855099999999754e+20
8.219999999999999529e-01 1.230635899999999964e+22 6.418430799999999672e+20 4.049798899999999918e+20
8.239999999999999547e-01 1.290892800000000000e+22 6.452086000000000328e+20 4.190304100000000246e+20
8.259999999999999565e-01 1.276547800000000059e+22 6.456008800000000655e+20 4.252069199999999672e+20
8.279999999999999583e-01 1.250564400000000013e+22 6.435816399999999672e+20 4.169571599999999672e+20
8.299999999999999600e-01 1.268737800000000072e+22 6.439226399999999345e+20 4.113262200000000164e+20
8.319999999999999618e-01 1.245615899999999938e+22 6.428060100000000246e+20 4.051659500000000082e+20
8.339999999999999636e-01 1.309694699999999925e+22 6.474066299999999754e+20 4.240115800000000164e+20
8.359999999999999654e-01 1.303578299999999912e+22 6.462663300000000246e+20 4.253924199999999836e+20
8.379999999999999671e-01 1.287508000000000079e+22 6.466397799999999836e+20 4.241958599999999836e+20
8.399999999999999689e-01 1.264197700000000088e+22 6.446605300000000573e+20 4.172844000000000000e+20
8.419999999999999707e-01 1.217940000000000079e+22 6.424899500000000082e+20 4.123956499999999918e+20
8.439999999999999725e-01 1.232567299999999931e+22 6.451697399999999508e+20 4.100078400000000000e+20
8.459999999999999742e-01 1.205760000000000000e+22 6.477075999999999345e+20 4.052114099999999918e+20
8.479999999999999760e-01 1.242368000000000000e+22 6.554726499999999590e+20 4.258188999999999836e+20
8.499999999999999778e-01 1.260333899999999951e+22 6.592716199999999836e+20 4.281821400000000164e+20
8.519999999999999796e-01 1.227408399999999934e+22 6.586139200000000000e+20 4.186870000000000328e+20
8.539999999999999813e-01 1.250716400000000066e+22 6.628429400000000164e+20 4.201647300000000246e+20
8.559999999999999831e-01 1.235367200000000079e+22 6.672310000000000328e+20 4.161709499999999754e+20
8.579999999999999849e-01 1.216409799999999915e+22 6.736283100000000410e+20 4.269373499999999754e+20
8.599999999999999867e-01 1.213125800000000046e+22 6.783116000000000655e+20 4.346905900000000082e+20
8.619999999999999885e-01 1.265756299999999898e+22 6.847214000000000328e+20 4.378760100000000246e+20
8.639999999999999902e-01 1.210351899999999938e+22 6.846697399999999508e+20 4.225964300000000082e+20
8.659999999999999920e-01 1.240852399999999908e+22 6.910156299999999427e+20 4.356932300000000082e+20
8.679999999999999938e-01 1.289056400000000039e+22 6.970554599999999836e+20 4.492268000000000000e+20
8.699999999999999956e-01 1.211973300000000049e+22 6.966274599999999836e+20 4.459026800000000328e+20
8.719999999999999973e-01 1.186083099999999938e+22 6.978192300000000082e+20 4.344405499999999754e+20
8.739999999999999991e-01 1.164888900000000088e+22 7.005558600000000492e+20 4.407092499999999918e+20
8.760000000000000009e-01 1.215084499999999918e+22 7.072225200000000328e+20 4.571498099999999918e+20
8.780000000000000027e-01 1.212445800000000098e+22 7.079593299999999918e+20 4.494041100000000082e+20
8.800000000000000044e-01 1.255456999999999993e+22 7.139501499999999754e+20 4.598033299999999918e+20
8.820000000000000062e-01 1.243633399999999928e+22 7.163645499999999754e+20 4.590340800000000000e+20
8.840000000000000080e-01 1.210136900000000088e+22 7.175331800000000164e+20 4.589915899999999754e+20
8.860000000000000098e-01 1.218844199999999941e+22 7.193315299999999590e+20 4.560430299999999754e+20
8.880000000000000115e-01 1.249309199999999934e+22 7.251274399999999345e+20 4.721247000000000164e+20
8.900000000000000133e-01 1.218451200000000000e+22 7.262768600000000164e+20 4.666563699999999918e+20
8.920000000000000151e-01 1.206656599999999954e+22 7.275352800000000655e+20 4.661404000000000000e+20
8.940000000000000169e-01 1.231589700000000088e+22 7.297271699999999918e+20 4.633785700000000246e+20
8.960000000000000187e-01 1.224953400000000085e+22 7.333734300000000410e+20 4.646956999999999836e+20
8.980000000000000204e-01 1.209047299999999931e+22 7.346381199999999672e+20 4.710272800000000000e+20
9.000000000000000222e-01 1.277734899999999997e+22 7.391758499999999590e+20 4.756312800000000000e+20
9.020000000000000240e-01 1.296812200000000046e+22 7.428092700000000410e+20 4.769960499999999918e+20
9.040000000000000258e-01 1.300352199999999915e+22 7.464128900000000246e+20 4.868349900000000082e+20
9.060000000000000275e-01 1.215138499999999984e+22 7.466673399999999508e+20 4.706591200000000000e+20
9.080000000000000293e-01 1.194827600000000092e+22 7.549943900000000410e+20 4.749338299999999754e+20
9.100000000000000311e-01 1.205077600000000026e+22 7.646696900000000246e+20 4.800445799999999836e+20
9.120000000000000329e-01 1.246126899999999944e+22 7.754357499999999754e+20 4.892789900000000082e+20
9.140000000000000346e-01 1.275739299999999905e+22 7.807027899999999754e+20 4.924679899999999754e+20
9.160000000000000364e-01 1.224993199999999908e+22 7.861711200000000655e+20 4.933911300000000246e+20
9.180000000000000382e-01 1.215139800000000059e+22 7.928104800000000655e+20 4.945740699999999754e+20
9.200000000000000400e-01 1.223383799999999928e+22 7.971806000000000328e+20 5.014793600000000000e+20
9.220000000000000417e-01 1.171521199999999908e+22 8.031300599999999508e+20 5.084999600000000328e+20
9.240000000000000435e-01 1.181461899999999898e+22 8.091722899999999918e+20 5.022142500000000246e+20
9.260000000000000453e-01 1.211980600000000085e+22 8.168431499999999427e+20 5.181525199999999672e+20
9.280000000000000471e-01 1.145531900000000069e+22 8.168439799999999508e+20 5.060854099999999918e+20
9.300000000000000488e-01 1.257011500000000082e+22 8.306409800000000492e+20 5.331954800000000328e+20
9.320000000000000506e-01 1.230056800000000026e+22 8.306882200000000164e+20 5.276474700000000082e+20
9.340000000000000524e-01 1.290780799999999895e+22 8.424555899999999754e+20 5.542950799999999672e+20
9.360000000000000542e-01 1.232255000000000007e+22 8.451844400000000328e+20 5.441162599999999836e+20
9.379999999999999449e-01 1.284039700000000075e+22 8.512419100000000410e+20 5.602600199999999836e+20
9.399999999999999467e-01 1.346628700000000095e+22 8.592358400000000000e+20 5.725054299999999754e+20
9.419999999999999485e-01 1.265435099999999990e+22 8.622107100000000410e+20 5.663415600000000328e+20
9.439999999999999503e-01 1.225416800000000026e+22 8.646303099999999754e+20 5.525254000000000328e+20
9.459999999999999520e-01 1.186599200000000079e+22 8.695414499999999590e+20 5.458768800000000000e+20
9.479999999999999538e-01 1.183011900000000016e+22 8.723394999999999508e+20 5.507745400000000164e+20
9.499999999999999556e-01 1.245024199999999915e+22 8.806342499999999590e+20 5.644344000000000000e+20
9.519999999999999574e-01 1.146967000000000059e+22 8.808139200000000000e+20 5.340271200000000000e+20
9.539999999999999591e-01 1.143619099999999938e+22 8.832935000000000164e+20 5.279145200000000328e+20
9.559999999999999609e-01 1.285512499999999944e+22 8.957569999999999672e+20 5.690479099999999754e+20
9.579999999999999627e-01 1.230193600000000052e+22 8.993933000000000492e+20 5.696472999999999836e+20
9.599999999999999645e-01 1.162735499999999898e+22 9.009038700000000082e+20 5.580000499999999918e+20
9.619999999999999662e-01 1.226271900000000043e+22 9.085328799999999345e+20 5.733175600000000328e+20
9.639999999999999680e-01 1.194670899999999944e+22 9.112923100000000410e+20 5.794167899999999754e+20
9.659999999999999698e-01 1.190579699999999997e+22 9.155217299999999918e+20 5.797499099999999754e+20
9.679999999999999716e-01 1.268002999999999980e+22 9.241495499999999427e+20 5.863648100000000246e+20
9.699999999999999734e-01 1.112225199999999908e+22 9.207479000000000164e+20 5.601851899999999754e+20
9.719999999999999751e-01 1.192083200000000000e+22 9.300323500000000082e+20 5.745316300000000082e+20
9.739999999999999769e-01 1.223116600000000085e+22 9.398419800000000164e+20 6.049928699999999754e+20
9.759999999999999787e-01 1.216661399999999902e+22 9.438422300000000410e+20 5.968972400000000328e+20
9.779999999999999805e-01 1.210833200000000013e+22 9.460829499999999754e+20 5.895809600000000000e+20
9.799999999999999822e-01 1.221274599999999993e+22 9.570587100000000410e+20 6.054096399999999672e+20
9.819999999999999840e-01 1.196822699999999977e+22 9.593553900000000082e+20 6.082628700000000410e+20
9.839999999999999858e-01 1.246276900000000010e+22 9.685265299999999918e+20 6.276762100000000573e+20
9.859999999999999876e-01 1.268981000000000072e+22 9.687915800000000164e+20 6.190745099999999427e+20
9.879999999999999893e-01 1.287222500000000062e+22 9.720658999999999508e+20 6.236865399999999508e+20
9.899999999999999911e-01 1.306879699999999918e+22 9.778550900000000573e+20 6.316533700000000246e+20
9.919999999999999929e-01 1.270871799999999928e+22 9.830384300000000082e+20 6.381649600000000000e+20
9.939999999999999947e-01 1.153788599999999980e+22 9.781167000000000164e+20 6.082273399999999508e+20
9.959999999999999964e-01 1.168833599999999948e+22 9.833209200000000328e+20 6.188590099999999918e+20
9.979999999999999982e-01 1.200901800000000046e+22 9.933120799999999345e+20 6.307162599999999836e+20
1.000000000000000000e+00 1.207217399999999928e+22 9.953143199999999345e+20 6.243522899999999918e+20
1.002000000000000002e+00 1.198877000000000020e+22 1.000344299999999951e+21 6.266547500000000082e+20
1.004000000000000004e+00 1.276856900000000088e+22 1.016034499999999984e+21 6.518519300000000246e+20
1.006000000000000005e+00 1.184951699999999971e+22 1.014605300000000049e+21 6.392440600000000164e+20
1.008000000000000007e+00 1.169747000000000085e+22 1.016429899999999951e+21 6.238432699999999754e+20
1.010000000000000009e+00 1.179986799999999961e+22 1.023312199999999967e+21 6.275230499999999590e+20
1.012000000000000011e+00 1.268074700000000056e+22 1.038163900000000016e+21 6.712085100000000082e+20
1.014000000000000012e+00 1.230215700000000075e+22 1.036553300000000049e+21 6.683793900000000082e+20
1.016000000000000014e+00 1.339988299999999951e+22 1.050427399999999967e+21 6.921872999999999836e+20
1.018000000000000016e+00 1.252554300000000016e+22 1.047050499999999984e+21 6.636213600000000655e+20
1.020000000000000018e+00 1.244490300000000016e+22 1.051456199999999967e+21 6.527504200000000492e+20
1.022000000000000020e+00 1.197262799999999987e+22 1.053688299999999951e+21 6.482787500000000082e+20
1.024000000000000021e+00 1.232386599999999941e+22 1.063263299999999984e+21 6.769885400000000164e+20
1.026000000000000023e+00 1.198074699999999951e+22 1.071156000000000000e+21 6.863098899999999918e+20
1.028000000000000025e+00 1.293176900000000088e+22 1.085786900000000049e+21 7.094474500000000246e+20
1.030000000000000027e+00 1.278543899999999938e+22 1.085819599999999934e+21 6.971367699999999918e+20
1.032000000000000028e+00 1.216183600000000013e+22 1.094165500000000016e+21 6.993157799999999836e+20
1.034000000000000030e+00 1.202456299999999925e+22 1.099287200000000000e+21 7.015731500000000082e+20
1.036000000000000032e+00 1.312771700000000102e+22 1.112580600000000033e+21 7.306428199999999836e+20
1.038000000000000034e+00 1.313369400000000085e+22 1.119682900000000049e+21 7.278606000000000328e+20
1.040000000000000036e+00 1.173468799999999895e+22 1.118081500000000016e+21 6.979292000000000655e+20
1.042000000000000037e+00 1.152067400000000020e+22 1.127857099999999951e+21 7.029528200000000492e+20
1.044000000000000039e+00 1.176295200000000079e+22 1.133376000000000000e+21 7.075853400000000164e+20
1.046000000000000041e+00 1.195011099999999938e+22 1.137635399999999967e+21 6.940919600000000328e+20
1.048000000000000043e+00 1.216679899999999990e+22 1.153704600000000033e+21 7.295448600000000164e+20
1.050000000000000044e+00 1.261048000000000052e+22 1.164653799999999967e+21 7.485823399999999836e+20
1.052000000000000046e+00 1.235669100000000029e+22 1.171491100000000016e+21 7.488654199999999508e+20
1.054000000000000048e+00 1.230604499999999918e+22 1.179196600000000033e+21 7.521608099999999590e+20
1.056000000000000050e+00 1.262950899999999997e+22 1.186395099999999885e+21 7.409426500000000246e+20
1.058000000000000052e+00 1.143945600000000105e+22 1.188686599999999967e+21 7.063450599999999836e+20
1.060000000000000053e+00 1.090336900000000036e+22 1.197173399999999902e+21 7.134114400000000655e+20
1.062000000000000055e+00 1.181878900000000102e+22 1.212464199999999967e+21 7.609245400000000164e+20
1.064000000000000057e+00 1.211399899999999990e+22 1.223563900000000016e+21 7.936984300000000082e+20
1.066000000000000059e+00 1.244592000000000105e+22 1.240068699999999885e+21 8.116741199999999672e+20
1.068000000000000060e+00 1.204518800000000039e+22 1.236260999999999967e+21 7.568645899999999427e+20
1.070000000000000062e+00 1.234744199999999967e+22 1.251283300000000115e+21 7.908380000000000655e+20
1.072000000000000064e+00 1.177373400000000059e+22 1.262878700000000082e+21 8.143692499999999918e+20
1.074000000000000066e+00 1.239531200000000052e+22 1.271293199999999934e+21 8.198386100000000573e+20
1.076000000000000068e+00 1.251924199999999993e+22 1.281226499999999984e+21 7.993880900000000246e+20
1.078000000000000069e+00 1.161074899999999918e+22 1.294795000000000033e+21 8.074347100000000410e+20
1.080000000000000071e+00 1.253631199999999921e+22 1.306095899999999885e+21 8.484910099999999918e+20
1.082000000000000073e+00 1.208864300000000082e+22 1.314109899999999951e+21 8.338214900000000573e+20
1.084000000000000075e+00 1.208564799999999948e+22 1.329292600000000033e+21 8.342580700000000410e+20
1.086000000000000076e+00 1.170554099999999997e+22 1.330748999999999967e+21 8.269962399999999345e+20
1.088000000000000078e+00 1.303505100000000056e+22 1.349906100000000049e+21 8.484977699999999590e+20
1.090000000000000080e+00 1.284577199999999908e+22 1.369112100000000115e+21 8.664934499999999590e+20
1.092000000000000082e+00 1.167305999999999934e+22 1.367707300000000115e+21 8.421361399999999508e+20
1.094000000000000083e+00 1.248433000000000098e+22 1.391452200000000098e+21 9.159121399999999508e+20
1.096000000000000085e+00 1.228499200000000000e+22 1.409787900000000016e+21 9.278990700000000082e+20
1.098000000000000087e+00 1.126222799999999987e+22 1.400192700000000016e+21 8.351203400000000492e+20
1.100000000000000089e+00 1.133456700000000016e+22 1.426933500000000016e+21 8.890366300000000410e+20
1.102000000000000091e+00 1.133334600000000020e+22 1.433781100000000082e+21 8.749653199999999672e+20
1.104000000000000092e+00 1.126976000000000000e+22 1.448428699999999885e+21 9.053243299999999590e+20
1.106000000000000094e+00 1.179874499999999984e+22 1.466631299999999984e+21 8.970990700000000082e+20
1.108000000000000096e+00 1.209343099999999964e+22 1.494337700000000115e+21 9.523293000000000492e+20
1.110000000000000098e+00 1.121236399999999908e+22 1.486886200000000033e+21 9.034400099999999590e+20
1.112000000000000099e+00 1.139930099999999997e+22 1.506718400000000000e+21 8.946517400000000164e+20
1.114000000000000101e+00 1.124761000000000046e+22 1.527192100000000115e+21 9.244812400000000328e+20
1.116000000000000103e+00 1.206634800000000013e+22 1.556480300000000082e+21 9.971406099999999918e+20
1.118000000000000105e+00 1.177617200000000013e+22 1.564259300000000115e+21 9.941020199999999836e+20
1.120000000000000107e+00 1.342438800000000039e+22 1.602619300000000115e+21 1.055933799999999967e+21
1.122000000000000108e+00 1.095758600000000072e+22 1.595515399999999967e+21 9.448958400000000000e+20
1.124000000000000110e+00 1.164199599999999908e+22 1.620911699999999918e+21 9.929715700000000573e+20
1.125999999999999890e+00 1.244469699999999984e+22 1.648399899999999885e+21 1.058214400000000000e+21
1.127999999999999892e+00 1.325509400000000007e+22 1.692086599999999967e+21 1.146899900000000016e+21
1.129999999999999893e+00 1.189661599999999974e+22 1.688504399999999934e+21 1.095909199999999934e+21
1.131999999999999895e+00 1.202176199999999915e+22 1.713139300000000115e+21 1.084090100000000049e+21
1.133999999999999897e+00 1.248238100000000075e+22 1.741801900000000082e+21 1.090265500000000016e+21
1.135999999999999899e+00 1.184310500000000062e+22 1.751823400000000098e+21 1.079373500000000016e+21
1.137999999999999901e+00 1.201444599999999928e+22 1.780661699999999984e+21 1.120499200000000000e+21
1.139999999999999902e+00 1.329985699999999905e+22 1.834951899999999885e+21 1.222152000000000000e+21
1.141999999999999904e+00 1.225741100000000082e+22 1.839368199999999967e+21 1.191420099999999984e+21
1.143999999999999906e+00 1.296274899999999918e+22 1.884100099999999984e+21 1.254849499999999885e+21
1.145999999999999908e+00 1.081519299999999984e+22 1.902222000000000066e+21 1.197848199999999967e+21
1.147999999999999909e+00 1.083886499999999905e+22 1.917499700000000049e+21 1.190878999999999902e+21
1.149999999999999911e+00 1.209979199999999948e+22 1.956840700000000016e+21 1.219279600000000066e+21
1.151999999999999913e+00 1.130117499999999964e+22 1.993770699999999951e+21 1.206756999999999967e+21
1.153999999999999915e+00 1.126321200000000013e+22 2.021505000000000098e+21 1.198891700000000049e+21
1.155999999999999917e+00 9.169037200000000459e+21 2.039895100000000016e+21 1.150436600000000033e+21
1.157999999999999918e+00 1.261324999999999915e+22 2.146919600000000066e+21 1.452588600000000033e+21
1.159999999999999920e+00 1.283169900000000029e+22 2.151699599999999934e+21 1.408005500000000016e+21
1.161999999999999922e+00 1.256902700000000082e+22 2.220666899999999918e+21 1.412329799999999967e+21
1.163999999999999924e+00 9.952716400000000590e+21 2.238432399999999934e+21 1.289918000000000066e+21
1.165999999999999925e+00 1.197982400000000052e+22 2.311699200000000000e+21 1.501991899999999885e+21
1.167999999999999927e+00 1.241694599999999967e+22 2.356798099999999918e+21 1.504706600000000098e+21
1.169999999999999929e+00 1.178824800000000026e+22 2.432204599999999771e+21 1.531319899999999885e+21
1.171999999999999931e+00 1.108205899999999951e+22 2.474798100000000180e+21 1.509699200000000000e+21
1.173999999999999932e+00 1.261632300000000082e+22 2.576636899999999853e+21 1.727222000000000066e+21
1.175999999999999934e+00 1.191245600000000079e+22 2.617009300000000180e+21 1.619274300000000016e+21
1.177999999999999936e+00 1.144602299999999912e+22 2.699148099999999984e+21 1.605106699999999951e+21
1.179999999999999938e+00 8.257299000000000295e+21 2.743110000000000066e+21 1.472560899999999984e+21
1.181999999999999940e+00 1.074600700000000069e+22 2.845319999999999738e+21 1.725770399999999869e+21
1.183999999999999941e+00 1.029087800000000085e+22 2.928173400000000164e+21 1.787096300000000082e+21
1.185999999999999943e+00 8.331314200000000426e+21 2.995116099999999984e+21 1.550860499999999918e+21
1.187999999999999945e+00 8.989861700000000508e+21 3.115698299999999754e+21 1.906053800000000098e+21
1.189999999999999947e+00 1.114889399999999980e+22 3.242480499999999787e+21 2.118166900000000049e+21
1.191999999999999948e+00 1.386654099999999971e+22 3.452855000000000164e+21 2.422395300000000115e+21
1.193999999999999950e+00 8.211012099999999721e+21 3.419124299999999951e+21 1.898738100000000049e+21
1.195999999999999952e+00 1.157674200000000059e+22 3.675231200000000131e+21 2.363726800000000197e+21
1.197999999999999954e+00 1.394400599999999954e+22 3.831787399999999967e+21 2.395298899999999918e+21
1.199999999999999956e+00 1.672751499999999898e+22 4.143083000000000033e+21 2.814758499999999853e+21
1.201999999999999957e+00 1.193329799999999967e+22 4.185020199999999836e+21 2.646369099999999951e+21
1.203999999999999959e+00 1.663565700000000036e+22 4.532356399999999803e+21 3.210968199999999967e+21
1.205999999999999961e+00 1.144358200000000085e+22 4.567356599999999771e+21 2.989847499999999951e+21
1.207999999999999963e+00 1.056137499999999938e+22 4.843172500000000180e+21 3.167450699999999951e+21
1.209999999999999964e+00 1.147178399999999974e+22 5.117584599999999640e+21 3.163026199999999902e+21
1.211999999999999966e+00 9.631067699999999525e+21 5.281931800000000426e+21 2.937700100000000246e+21
1.213999999999999968e+00 1.665043600000000039e+22 5.853221700000000508e+21 3.832904100000000115e+21
1.215999999999999970e+00 1.554918499999999957e+22 6.262641600000000262e+21 3.797148700000000147e+21
1.217999999999999972e+00 9.941685000000000492e+21 6.569489799999999967e+21 3.467031599999999803e+21
1.219999999999999973e+00 1.078260799999999948e+22 6.960762000000000459e+21 4.349083799999999902e+21
1.221999999999999975e+00 1.298693400000000007e+22 7.388530700000000213e+21 4.528890099999999787e+21
1.223999999999999977e+00 9.304416999999999574e+21 8.019930899999999656e+21 5.082466800000000066e+21
1.225999999999999979e+00 1.303011599999999934e+22 8.791832900000000508e+21 6.200561499999999885e+21
1.227999999999999980e+00 6.736859400000000492e+21 8.966704200000000229e+21 4.536062699999999820e+21
1.229999999999999982e+00 1.546287100000000069e+22 1.030231900000000095e+22 6.200584200000000492e+21
1.231999999999999984e+00 9.567533399999999115e+21 1.158368699999999912e+22 5.962385699999999590e+21
1.233999999999999986e+00 0.000000000000000000e+00 1.341340199999999941e+22 1.111580999999999967e+21
